App,Package,Start Time,Duration,Filename
"2048",chan.android.game2048,"Oca 4, 2018 @ 09:18:27 PM","5 min 18 sec",""

Time  [ms],"Memory Usage [KB]",Time  [ms],"CPU1 Load [%]",Time  [ms],"CPU2 Load [%]",Time  [ms],"CPU3 Load [%]",Time  [ms],"CPU4 Load [%]",Time  [ms],"Battery Power* [uW]",Time  [ms],"CPU5 Load [%]",Time  [ms],"Screen State",Time  [ms],"Battery Remaining (%) [%]",Time  [ms],"CPU6 Load [%]",Time  [ms],"CPU7 Load [%]",Time  [ms],"Battery Status",Time  [ms],"CPU8 Load [%]",Time  [ms],"GPS State",Time  [ms],"CPU Load [%]",Time  [ms],"CPU Load (Normalized) [%]",Time  [ms],"CPU1 Frequency [kHz]",Time  [ms],"CPU2 Frequency [kHz]",Time  [ms],"CPU3 Frequency [kHz]",Time  [ms],"CPU4 Frequency [kHz]",Time  [ms],"CPU5 Frequency [kHz]",Time  [ms],"CPU6 Frequency [kHz]",Time  [ms],"CPU7 Frequency [kHz]",Time  [ms],"CPU8 Frequency [kHz]",Time  [ms],"Application State",Description,
1,1368776,0,10,3,0,5,0,7,0,8,40700,8,0,7,1,8,95,8,0,9,0,8,0,10,0,10,0,13,0,20,0,20,1100000,21,1100000,21,1100000,22,1100000,22,0,22,0,23,0,23,0,7,0,,
101,1371628,100,50,103,72,105,45,106,44,107,858770,107,0,107,1,74,95,108,0,108,0,74,0,108,0,108,0,110,52,119,23,120,1500000,120,1500000,121,1500000,121,1500000,122,0,122,0,123,0,123,0,107,0,,
202,1374048,201,66,204,45,206,100,208,54,221,1788750,221,0,220,1,108,95,222,0,223,0,108,0,223,0,224,0,225,66,236,32,237,1500000,237,1500000,238,1500000,238,1500000,239,0,239,0,240,0,240,0,209,0,,
305,1374404,302,76,307,63,308,72,310,60,311,1829250,311,0,311,1,222,95,312,0,313,0,222,0,314,0,314,0,316,71,322,34,323,1500000,323,1500000,323,1500000,323,1500000,324,0,324,0,324,0,324,0,310,0,,
404,1374776,403,25,407,30,409,40,411,22,412,789750,412,0,411,1,312,95,412,0,413,0,313,0,413,0,414,0,415,24,422,10,423,1300000,423,1300000,423,1300000,423,1300000,424,0,424,0,424,0,424,0,411,0,,
503,1375008,502,14,504,44,506,30,508,33,508,644930,508,0,508,1,412,95,509,0,509,0,412,0,509,0,509,0,511,30,519,13,519,1300000,519,1300000,520,1300000,520,1300000,521,0,521,0,521,0,522,0,508,0,,
603,1375844,602,33,604,58,605,75,606,16,607,970060,607,0,607,1,509,95,607,0,608,0,509,0,608,0,608,0,609,47,616,21,616,1500000,617,1500000,618,1500000,618,1500000,618,0,619,0,619,0,619,0,607,0,,
703,1377208,703,22,705,14,706,0,708,20,709,378000,708,0,708,1,607,95,709,0,709,0,607,0,709,0,710,0,711,14,716,7,716,1300000,716,1300000,717,1300000,717,1300000,717,0,717,0,718,0,718,0,708,0,,
804,1377332,803,0,805,20,807,11,808,0,809,165230,809,0,808,1,709,95,809,0,810,0,709,0,810,0,810,0,811,7,815,3,816,1300000,816,1300000,816,1300000,817,1300000,817,0,817,0,817,0,818,0,808,0,,
904,1377332,903,0,906,12,907,11,908,11,909,181220,909,0,909,1,809,95,909,0,910,0,809,0,910,0,910,0,911,10,916,3,916,1300000,917,1300000,917,1300000,917,1300000,917,0,918,0,918,0,918,0,909,0,,
1004,1377580,1004,10,1006,18,1007,22,1009,0,1010,266500,1009,0,1009,1,910,95,1010,0,1010,0,910,0,1011,0,1011,0,1013,15,1019,6,1020,900000,1020,900000,1020,900000,1021,800000,1021,0,1022,0,1022,0,1023,0,1009,0,,
1106,1377828,1105,33,1108,20,1110,40,1113,11,1114,303490,1114,0,1113,1,1010,95,1114,0,1115,0,1010,0,1115,0,1115,0,1117,23,1124,6,1124,900000,1125,900000,1125,900000,1125,900000,1126,0,1126,0,1127,0,1127,0,1113,0,,
1211,1378076,1208,30,1215,36,1219,50,1223,10,1225,374219,1225,0,1224,1,1114,95,1226,0,1228,0,1114,0,1228,0,1228,0,1230,32,1236,7,1237,1100000,1237,1100000,1238,1100000,1238,1100000,1238,0,1238,0,1239,0,1239,0,1223,0,,
1307,1378324,1306,30,1308,28,1311,11,1313,22,1314,370370,1314,0,1313,1,1226,95,1315,0,1315,0,1227,0,1316,0,1316,0,1318,24,1325,7,1326,1100000,1326,1100000,1327,1100000,1327,1100000,1328,0,1328,0,1328,0,1329,0,1313,0,,
1407,1378836,1406,37,1409,37,1410,50,1412,22,1414,594220,1413,0,1413,1,1315,95,1415,0,1416,0,1315,0,1416,0,1417,0,1418,35,1425,12,1426,900000,1426,900000,1427,900000,1427,900000,1427,0,1428,0,1428,0,1428,0,1413,0,,
1509,1379456,1508,33,1514,63,1518,50,1522,40,1523,552420,1523,0,1522,1,1415,95,1524,0,1525,0,1415,0,1525,0,1526,0,1528,48,1540,14,1541,1200000,1541,1200000,1542,1200000,1542,1200000,1543,0,1543,0,1543,0,1543,0,1522,0,,
1608,1374744,1607,55,1609,37,1610,88,1617,37,1618,1015560,1618,0,1617,1,1524,95,1618,0,1619,0,1524,0,1619,0,1619,0,1621,54,1626,25,1626,1200000,1627,1200000,1627,1200000,1627,1200000,1628,0,1628,0,1628,0,1628,0,1617,0,,
1709,1374868,1708,33,1711,45,1713,33,1715,30,1717,659880,1716,0,1716,1,1618,95,1717,0,1718,0,1618,0,1719,0,1719,0,1721,36,1726,13,1727,1100000,1727,1100000,1727,1100000,1728,1100000,1728,0,1728,0,1729,0,1729,0,1715,0,,
1809,1375008,1808,72,1811,50,1814,50,1816,44,1818,879120,1817,0,1817,1,1718,95,1818,0,1818,0,1718,0,1819,0,1819,0,1821,57,1827,15,1827,1100000,1827,1100000,1828,1100000,1828,1100000,1828,0,1829,0,1829,0,1829,0,1816,0,,
1910,1375256,1909,50,1912,45,1914,50,1916,44,1918,769230,1917,0,1917,1,1818,95,1918,0,1919,0,1818,0,1919,0,1919,0,1921,42,1927,15,1927,1100000,1928,1100000,1928,1100000,1928,1100000,1929,0,1929,0,1929,0,1929,0,1917,0,,
2011,1375256,2010,12,2014,22,2017,50,2020,30,2024,463980,2023,0,2020,1,1918,95,2024,0,2025,0,1918,0,2025,0,2025,0,2027,35,2038,11,2039,900000,2039,900000,2040,900000,2040,900000,2041,0,2041,0,2041,0,2042,0,2020,0,,
2111,1375256,2110,36,2113,50,2115,63,2118,33,2119,540540,2119,0,2118,1,2024,95,2120,0,2121,0,2024,0,2121,0,2121,0,2123,43,2129,14,2129,1100000,2130,1100000,2130,1100000,2131,1100000,2132,0,2132,0,2133,0,2134,0,2118,0,,
2211,1375660,2210,40,2213,37,2215,54,2218,45,2219,716319,2218,0,2218,1,2120,95,2219,0,2220,0,2120,0,2220,0,2221,0,2224,46,2229,16,2230,1100000,2231,1100000,2231,1100000,2232,1100000,2233,0,2233,0,2233,0,2234,0,2218,0,,
2313,1376032,2311,44,2316,36,2319,50,2324,11,2325,573870,2325,0,2324,1,2219,95,2325,0,2326,0,2219,0,2326,0,2326,0,2328,38,2339,12,2340,900000,2341,900000,2341,900000,2342,900000,2342,0,2343,0,2343,0,2343,0,2324,0,,
2412,1376280,2411,46,2414,53,2416,63,2419,37,2420,591030,2420,0,2419,1,2326,95,2421,0,2421,0,2326,0,2422,0,2422,0,2423,48,2429,17,2430,1100000,2430,1100000,2431,1100000,2431,1100000,2432,0,2432,0,2433,0,2434,0,2419,0,,
2513,1376652,2512,54,2515,58,2517,30,2519,45,2520,761089,2520,0,2519,1,2421,95,2520,0,2521,0,2421,0,2522,0,2522,0,2524,50,2529,18,2529,1100000,2530,1100000,2530,1100000,2531,1100000,2531,0,2532,0,2532,0,2533,0,2519,0,,
2614,1376776,2613,30,2617,50,2620,33,2622,54,2624,679690,2624,0,2623,1,2521,95,2624,0,2625,0,2521,0,2625,0,2625,0,2628,41,2637,13,2638,1100000,2638,1100000,2638,1100000,2639,1100000,2639,0,2639,0,2639,0,2640,0,2623,0,,
2714,1377148,2713,45,2716,60,2719,37,2721,40,2724,740740,2723,0,2721,1,2624,95,2724,0,2725,0,2624,0,2725,0,2725,0,2727,46,2734,16,2735,1100000,2736,1100000,2736,1100000,2736,1100000,2737,0,2737,0,2737,0,2738,0,2721,0,,
2814,1377396,2813,41,2816,40,2819,25,2821,40,2822,594220,2822,0,2821,1,2724,95,2823,0,2823,0,2724,0,2823,0,2824,0,2825,37,2834,13,2835,900000,2835,900000,2836,900000,2837,900000,2837,0,2838,0,2838,0,2839,0,2821,0,,
2915,1377628,2913,33,2917,54,2919,36,2922,41,2923,487080,2923,0,2922,1,2823,95,2923,0,2923,0,2823,0,2924,0,2924,0,2925,44,2932,16,2933,1100000,2933,1100000,2934,1100000,2934,1100000,2935,0,2935,0,2936,0,2936,0,2922,0,,
3016,1378248,3014,36,3018,50,3020,40,3022,44,3024,691900,3023,0,3023,1,2923,95,3024,0,3025,0,2923,0,3026,0,3026,0,3027,41,3049,15,3050,1300000,3050,1300000,3051,1300000,3051,1300000,3051,0,3052,0,3052,0,3052,0,3023,0,,
3115,1374420,3114,63,3117,40,3119,28,3120,50,3121,964730,3121,0,3120,1,3024,95,3122,0,3123,0,3024,0,3124,0,3124,0,3126,46,3134,19,3135,900000,3136,900000,3136,900000,3137,900000,3138,0,3138,0,3138,0,3139,0,3120,0,,
3217,1374668,3216,28,3219,55,3222,30,3224,33,3225,433620,3224,0,3224,1,3122,95,3225,0,3226,0,3122,0,3226,0,3227,0,3228,34,3237,12,3238,1100000,3238,1100000,3239,1100000,3239,1100000,3240,0,3240,0,3241,0,3241,0,3224,0,,
3316,1374932,3315,45,3319,12,3322,25,3324,50,3325,537240,3325,0,3324,1,3225,95,3325,0,3326,0,3226,0,3326,0,3326,0,3327,36,3335,13,3336,1100000,3337,1100000,3337,1100000,3338,1100000,3338,0,3339,0,3339,0,3339,0,3324,0,,
3417,1375180,3416,60,3419,25,3422,44,3425,45,3426,708180,3426,0,3426,1,3325,95,3427,0,3427,0,3325,0,3427,0,3427,0,3429,44,3438,11,3439,1100000,3439,1100000,3440,1100000,3440,1100000,3441,0,3442,0,3442,0,3442,0,3426,0,,
3517,1375536,3516,50,3519,44,3522,14,3524,25,3526,541310,3525,0,3525,1,3427,95,3526,0,3526,0,3427,0,3527,0,3527,0,3528,32,3536,12,3536,1100000,3537,1100000,3537,1100000,3538,1100000,3538,0,3539,0,3539,0,3540,0,3525,0,,
3619,1375908,3618,50,3623,22,3626,50,3628,22,3629,586080,3629,0,3628,1,3526,95,3630,0,3630,0,3526,0,3631,0,3631,0,3633,38,3642,13,3643,1000000,3643,1000000,3643,1000000,3644,1000000,3644,0,3644,0,3645,0,3645,0,3628,0,,
3719,1376280,3718,40,3722,22,3724,50,3726,25,3727,479500,3727,0,3726,1,3630,95,3727,0,3727,0,3630,0,3728,0,3728,0,3729,35,3738,12,3738,1100000,3739,1100000,3739,1100000,3739,1100000,3740,0,3740,0,3740,0,3741,0,3726,0,,
3820,1376512,3819,44,3822,50,3824,44,3826,12,3827,610500,3826,0,3826,1,3727,95,3827,0,3828,0,3727,0,3828,0,3828,0,3830,36,3837,13,3838,1100000,3838,1100000,3838,1100000,3839,1100000,3839,0,3839,0,3840,0,3840,0,3826,0,,
3920,1376636,3918,44,3924,44,3927,45,3930,25,3931,643060,3931,0,3931,1,3827,95,3932,0,3933,0,3827,0,3934,0,3934,0,3937,42,3946,13,3947,1100000,3947,1100000,3947,1100000,3948,1100000,3948,0,3948,0,3948,0,3949,0,3930,0,,
4020,1376884,4019,54,4022,37,4024,40,4026,60,4028,777370,4027,0,4027,1,3932,95,4028,0,4029,0,3932,0,4029,0,4030,0,4031,46,4040,17,4041,1100000,4041,1300000,4042,1300000,4042,1300000,4043,0,4043,0,4044,0,4044,0,4027,0,,
4120,1376884,4119,14,4122,50,4124,25,4126,33,4127,632620,4127,0,4127,1,4028,95,4128,0,4128,0,4028,0,4129,0,4129,0,4130,32,4139,11,4139,1000000,4140,1000000,4141,1000000,4141,1000000,4142,0,4142,0,4143,0,4143,0,4127,0,,
4221,1377240,4220,28,4223,60,4225,40,4227,33,4228,563500,4228,0,4227,1,4128,95,4229,0,4229,0,4128,0,4230,0,4230,0,4231,43,4239,13,4240,1100000,4241,1100000,4241,1100000,4242,1100000,4242,0,4242,0,4243,0,4243,0,4227,0,,
4322,1377504,4320,33,4324,60,4326,30,4328,44,4329,679690,4329,0,4328,1,4229,95,4329,0,4330,0,4229,0,4330,0,4330,0,4332,43,4339,15,4339,1100000,4340,1100000,4340,1100000,4341,1100000,4341,0,4342,0,4342,0,4342,0,4328,0,,
4423,1377908,4422,41,4426,50,4428,33,4430,28,4432,618640,4432,0,4431,1,4329,95,4433,0,4434,0,4329,0,4436,0,4436,0,4438,39,4450,12,4450,900000,4451,900000,4452,900000,4453,900000,4454,0,4455,0,4455,0,4456,0,4431,0,,
4523,1378620,4522,80,4526,37,4528,60,4531,45,4532,659340,4532,0,4531,1,4433,95,4532,0,4535,0,4433,0,4538,0,4538,0,4542,60,4554,23,4554,1400000,4555,1400000,4555,1400000,4556,1400000,4556,0,4556,0,4557,0,4557,0,4531,0,,
4623,1372916,4622,54,4625,25,4627,44,4628,50,4629,1041460,4629,0,4629,1,4533,95,4630,0,4630,0,4534,0,4630,0,4630,0,4633,36,4642,15,4643,1100000,4643,1100000,4644,1100000,4644,1100000,4644,0,4645,0,4645,0,4645,0,4629,0,,
4725,1372916,4723,55,4727,50,4729,36,4731,33,4732,708180,4732,0,4731,1,4630,95,4732,0,4733,0,4630,0,4733,0,4733,0,4735,47,4743,15,4744,1100000,4744,1100000,4744,1100000,4745,1100000,4745,0,4745,0,4745,0,4746,0,4731,0,,
4825,1372916,4823,50,4827,54,4829,40,4831,33,4831,720389,4831,0,4831,1,4733,95,4832,0,4832,0,4733,0,4833,0,4833,0,4834,45,4842,15,4843,1100000,4843,1100000,4844,1100000,4844,1100000,4844,0,4845,0,4845,0,4845,0,4831,0,,
4926,1372916,4925,33,4929,25,4931,37,4934,45,4935,569800,4935,0,4934,1,4832,95,4936,0,4937,0,4832,0,4938,0,4938,0,4941,32,4949,12,4949,900000,4950,900000,4951,900000,4951,900000,4952,0,4953,0,4953,0,4954,0,4934,0,,
5026,1372916,5024,14,5027,45,5029,60,5031,25,5032,427680,5032,0,5031,1,4936,95,5032,0,5033,0,4937,0,5034,0,5034,0,5036,37,5044,12,5045,1100000,5046,1100000,5046,1100000,5046,1100000,5047,0,5047,0,5048,0,5048,0,5031,0,,
5126,1373180,5125,45,5128,33,5130,33,5131,40,5132,614570,5132,0,5132,1,5033,95,5133,0,5133,0,5033,0,5133,0,5134,0,5136,38,5143,13,5144,1100000,5144,1100000,5144,1100000,5145,1100000,5145,0,5146,0,5146,0,5146,0,5132,0,,
5227,1373428,5226,54,5228,53,5230,55,5232,37,5233,809930,5233,0,5233,1,5133,95,5233,0,5234,0,5133,0,5235,0,5235,0,5237,52,5246,14,5246,1100000,5247,1100000,5247,1100000,5247,1100000,5248,0,5248,0,5248,0,5249,0,5232,0,,
5327,1373568,5326,50,5329,40,5331,58,5333,40,5334,765160,5334,0,5333,1,5234,95,5334,0,5335,0,5234,0,5336,0,5336,0,5338,47,5346,17,5346,1100000,5346,1100000,5347,1100000,5347,1100000,5347,0,5348,0,5348,0,5348,0,5333,0,,
5429,1373800,5427,45,5431,22,5433,33,5436,37,5437,557590,5437,0,5436,1,5334,95,5438,0,5439,0,5334,0,5440,0,5440,0,5443,39,5450,13,5451,900000,5451,900000,5452,900000,5453,900000,5454,0,5454,0,5455,0,5456,0,5436,0,,
5528,1374048,5527,0,5530,55,5532,22,5534,44,5535,359370,5535,0,5534,1,5438,95,5536,0,5537,0,5438,0,5537,0,5537,0,5539,29,5545,9,5545,1300000,5546,1300000,5546,1300000,5546,1300000,5546,0,5547,0,5547,0,5547,0,5534,0,,
5629,1363508,5628,36,5631,40,5633,60,5635,20,5637,831480,5636,0,5636,1,5536,95,5637,0,5638,0,5536,0,5639,0,5639,0,5641,38,5647,16,5648,1100000,5648,1100000,5649,1100000,5649,1100000,5649,0,5649,0,5650,0,5650,0,5636,0,,
5731,1363756,5729,14,5733,30,5737,40,5741,0,5742,341880,5742,0,5741,1,5638,95,5743,0,5744,0,5638,0,5746,0,5746,0,5748,27,5756,7,5757,1100000,5757,1100000,5758,1100000,5758,1100000,5759,0,5759,0,5759,0,5759,0,5741,0,,
5830,1364376,5829,33,5833,37,5835,50,5837,40,5838,651200,5838,0,5837,1,5743,95,5839,0,5839,0,5743,0,5840,0,5840,0,5842,41,5849,15,5849,1100000,5850,1100000,5850,1100000,5850,1100000,5851,0,5851,0,5852,0,5852,0,5837,0,,
5933,1364748,5932,63,5935,0,5937,22,5940,36,5942,492470,5942,0,5940,1,5839,95,5943,0,5944,0,5839,0,5944,0,5945,0,5947,33,5954,11,5956,1000000,5957,1000000,5958,1000000,5958,1000000,5959,0,5960,0,5961,0,5962,0,5940,0,,
6033,1361384,6032,55,6034,12,6036,72,6039,25,6040,574000,6039,0,6039,1,5943,95,6040,0,6041,0,5943,0,6042,0,6042,0,6043,44,6048,18,6049,1400000,6049,1400000,6049,1400000,6050,1400000,6050,0,6051,0,6051,0,6051,0,6039,0,,
6134,1361384,6133,33,6136,22,6138,44,6140,55,6141,927080,6141,0,6141,1,6040,95,6142,0,6143,0,6040,0,6143,0,6143,0,6145,37,6151,17,6151,1100000,6152,1100000,6152,1100000,6153,1100000,6154,0,6154,0,6154,0,6155,0,6140,0,,
6235,1361384,6234,40,6238,14,6242,45,6244,63,6246,659340,6246,0,6245,1,6142,95,6246,0,6247,0,6142,0,6247,0,6247,0,6249,43,6260,13,6261,900000,6262,900000,6262,900000,6263,900000,6263,0,6263,0,6264,0,6264,0,6245,0,,
6334,1361632,6334,54,6337,36,6339,0,6342,54,6343,427680,6343,0,6342,1,6246,95,6343,0,6344,0,6247,0,6344,0,6344,0,6346,40,6351,13,6352,1100000,6352,1100000,6352,1100000,6353,1100000,6354,0,6354,0,6355,0,6356,0,6342,0,,
6435,1362020,6434,33,6438,25,6440,36,6442,50,6443,586079,6443,0,6443,1,6343,95,6444,0,6445,0,6343,0,6445,0,6445,0,6447,36,6453,14,6453,1100000,6454,1100000,6455,1100000,6455,1100000,6456,0,6456,0,6457,0,6457,0,6442,0,,
6536,1362144,6535,50,6539,45,6542,50,6544,58,6546,826209,6545,0,6545,1,6444,95,6546,0,6546,0,6444,0,6547,0,6547,0,6548,51,6557,14,6557,1100000,6558,1100000,6559,1100000,6559,1100000,6560,0,6560,0,6561,0,6561,0,6544,0,,
6640,1362656,6635,45,6642,37,6644,36,6646,60,6647,724460,6647,0,6647,1,6546,95,6648,0,6648,0,6546,0,6648,0,6648,0,6650,45,6658,16,6659,1100000,6659,1100000,6660,1100000,6660,1100000,6661,0,6661,0,6662,0,6662,0,6647,0,,
6738,1363028,6736,40,6742,36,6745,40,6747,44,6748,651200,6748,0,6748,1,6648,95,6749,0,6749,0,6648,0,6750,0,6750,0,6752,42,6763,14,6764,900000,6764,900000,6765,900000,6765,900000,6766,0,6766,0,6766,0,6767,0,6748,0,,
6838,1363368,6836,50,6840,25,6843,44,6845,33,6846,451440,6846,0,6845,1,6749,95,6846,0,6847,0,6749,0,6847,0,6847,0,6848,35,6856,11,6857,1100000,6858,1100000,6858,1100000,6859,1100000,6859,0,6860,0,6860,0,6860,0,6845,0,,
6938,1363756,6937,37,6940,30,6943,60,6945,22,6946,606430,6946,0,6945,1,6846,95,6946,0,6947,0,6846,0,6947,0,6947,0,6948,38,6956,13,6956,1200000,6957,1200000,6958,1200000,6958,1200000,6958,0,6959,0,6959,0,6959,0,6945,0,,
7041,1363756,7039,45,7048,40,7051,55,7054,50,7055,889200,7055,0,7054,1,6946,95,7056,0,7058,0,6946,0,7059,0,7060,0,7062,50,7069,14,7071,1100000,7072,1100000,7073,1100000,7073,1100000,7074,0,7074,0,7075,0,7076,0,7054,0,,
7139,1364252,7138,55,7141,40,7143,63,7146,33,7147,777370,7147,0,7146,1,7057,95,7148,0,7148,0,7058,0,7149,0,7149,0,7151,42,7160,17,7160,1100000,7161,1100000,7162,1100000,7162,1100000,7163,0,7163,0,7164,0,7164,0,7146,0,,
7240,1364624,7238,45,7242,44,7244,54,7246,25,7247,683760,7247,0,7247,1,7148,95,7247,0,7248,0,7148,0,7248,0,7248,0,7250,45,7258,15,7258,1100000,7259,1100000,7259,1100000,7260,1100000,7260,0,7260,0,7261,0,7261,0,7246,0,,
7340,1364872,7339,45,7343,22,7345,63,7347,33,7348,663410,7348,0,7347,1,7248,95,7348,0,7349,0,7248,0,7349,0,7349,0,7351,44,7360,13,7360,1100000,7361,1100000,7361,1100000,7361,1100000,7362,0,7362,0,7362,0,7363,0,7347,0,,
7441,1365492,7440,50,7443,28,7446,60,7448,54,7450,781440,7450,0,7449,1,7348,95,7451,0,7451,0,7349,0,7452,0,7452,0,7453,50,7471,18,7471,1200000,7472,1200000,7473,1200000,7474,1200000,7474,0,7475,0,7475,0,7476,0,7449,0,,
7542,1361648,7541,37,7544,33,7547,45,7550,55,7551,795600,7551,0,7551,1,7451,95,7552,0,7552,0,7451,0,7553,0,7553,0,7555,42,7565,14,7566,900000,7567,900000,7567,900000,7568,900000,7568,0,7568,0,7569,0,7569,0,7550,0,,
7643,1361648,7642,36,7645,44,7647,37,7649,50,7650,495990,7650,0,7649,1,7552,95,7651,0,7651,0,7552,0,7652,0,7652,0,7654,43,7663,15,7663,1100000,7664,1100000,7664,1100000,7664,1100000,7665,0,7665,0,7665,0,7665,0,7649,0,,
7742,1361648,7741,50,7744,44,7746,46,7748,30,7749,691900,7749,0,7748,1,7651,95,7749,0,7750,0,7651,0,7750,0,7750,0,7752,41,7759,14,7760,1100000,7761,1100000,7761,1100000,7762,1100000,7762,0,7762,0,7762,0,7763,0,7748,0,,
7843,1361632,7842,58,7845,54,7847,14,7849,50,7850,716319,7850,0,7850,1,7749,95,7851,0,7851,0,7749,0,7852,0,7852,0,7853,47,7865,12,7866,1100000,7866,1100000,7866,1100000,7867,1100000,7867,0,7867,0,7868,0,7868,0,7849,0,,
7944,1361896,7942,60,7946,40,7948,44,7951,44,7952,765160,7952,0,7951,1,7851,95,7952,0,7953,0,7851,0,7953,0,7953,0,7955,48,7963,17,7963,1100000,7964,1100000,7964,1100000,7964,1100000,7965,0,7965,0,7965,0,7965,0,7951,0,,
8048,1362376,8046,36,8051,41,8053,40,8056,20,8058,557590,8057,0,8057,1,7952,95,8058,0,8059,0,7952,0,8060,0,8060,0,8062,31,8069,11,8070,900000,8071,900000,8071,1200000,8071,1200000,8072,0,8072,0,8072,0,8073,0,8056,0,,
8145,1362748,8144,33,8147,22,8149,40,8151,20,8152,444150,8152,0,8151,1,8059,95,8152,0,8153,0,8059,0,8153,0,8153,0,8155,27,8162,10,8163,1100000,8163,1100000,8164,1100000,8164,1100000,8164,0,8165,0,8165,0,8165,0,8151,0,,
8245,1363136,8244,22,8247,25,8249,33,8251,33,8252,459910,8252,0,8252,1,8152,95,8253,0,8253,0,8152,0,8253,0,8254,0,8255,29,8263,10,8264,1100000,8264,1100000,8264,1100000,8265,1100000,8265,0,8265,0,8266,0,8266,0,8252,0,,
8348,1363260,8346,30,8351,25,8353,50,8355,25,8357,529100,8356,0,8356,1,8253,95,8357,0,8358,0,8253,0,8358,0,8359,0,8361,36,8367,13,8368,1100000,8368,1100000,8369,1100000,8369,1100000,8369,0,8370,0,8370,0,8370,0,8356,0,,
8447,1363896,8446,50,8449,50,8451,33,8453,50,8454,744810,8454,0,8453,1,8357,95,8454,0,8454,0,8357,0,8455,0,8455,0,8457,42,8464,13,8465,1100000,8465,1100000,8466,1100000,8466,1100000,8466,0,8467,0,8467,0,8467,0,8453,0,,
8549,1364144,8547,22,8551,12,8554,63,8556,30,8558,516890,8558,0,8557,1,8454,95,8559,0,8560,0,8454,0,8561,0,8561,0,8563,36,8571,12,8572,900000,8573,900000,8574,900000,8575,900000,8576,0,8576,0,8577,0,8578,0,8557,0,,
8648,1364392,8647,44,8651,25,8654,50,8656,25,8657,427680,8657,0,8656,1,8559,95,8658,0,8659,0,8559,0,8659,0,8659,0,8662,43,8668,13,8669,1100000,8669,1100000,8670,1100000,8671,1100000,8671,0,8671,0,8672,0,8672,0,8656,0,,
8749,1364748,8748,44,8750,45,8752,25,8754,33,8755,598290,8755,0,8754,1,8658,95,8756,0,8757,0,8658,0,8757,0,8758,0,8760,30,8766,10,8766,1100000,8767,1100000,8767,1100000,8767,1100000,8767,0,8768,0,8768,0,8768,0,8754,0,,
8851,1365120,8849,33,8853,50,8856,25,8859,22,8861,529100,8861,0,8860,1,8756,95,8862,0,8863,0,8756,0,8864,0,8864,0,8866,36,8876,12,8877,1100000,8877,1100000,8878,1100000,8878,1100000,8878,0,8878,0,8879,0,8879,0,8860,0,,
8950,1365724,8949,50,8953,33,8955,70,8958,50,8959,826210,8959,0,8958,1,8862,95,8960,0,8961,0,8863,0,8962,0,8962,0,8965,51,8980,17,8981,1100000,8981,1100000,8982,1100000,8982,1100000,8982,0,8983,0,8984,0,8984,0,8958,0,,
9054,1361880,9052,50,9055,40,9058,33,9060,50,9063,704110,9063,0,9062,1,8960,95,9064,0,9064,0,8960,0,9065,0,9065,0,9067,43,9075,15,9076,900000,9077,900000,9078,900000,9079,900000,9079,0,9080,0,9080,0,9082,0,9061,0,,
9154,1361880,9153,55,9156,33,9159,25,9163,33,9165,433620,9164,0,9163,1,9064,95,9166,0,9166,0,9064,0,9167,0,9167,0,9168,37,9179,13,9180,900000,9181,900000,9181,900000,9182,900000,9182,0,9183,0,9183,0,9183,0,9163,0,,
9255,1362020,9253,66,9257,37,9260,33,9263,44,9264,534600,9264,0,9264,1,9166,95,9265,0,9265,0,9166,0,9265,0,9265,0,9267,44,9274,12,9274,1100000,9275,1100000,9277,1100000,9278,1100000,9278,0,9279,0,9279,0,9280,0,9263,0,,
9355,1362144,9354,37,9357,12,9360,25,9362,30,9364,423280,9363,0,9363,1,9265,95,9364,0,9364,0,9265,0,9365,0,9365,0,9366,27,9372,10,9372,1100000,9373,1100000,9373,1100000,9374,1100000,9375,0,9376,0,9376,0,9377,0,9363,0,,
9455,1362624,9454,55,9457,14,9459,33,9462,33,9463,549450,9463,0,9463,1,9364,95,9464,0,9464,0,9364,0,9465,0,9465,0,9467,36,9472,14,9473,1100000,9474,1100000,9474,1100000,9475,1100000,9476,0,9476,0,9477,0,9477,0,9462,0,,
9558,1362856,9555,50,9561,50,9564,50,9567,44,9568,789580,9568,0,9567,1,9464,95,9568,0,9569,0,9464,0,9569,0,9569,0,9571,48,9582,12,9583,900000,9583,900000,9584,900000,9584,900000,9585,0,9585,0,9585,0,9586,0,9567,0,,
9657,1363244,9656,54,9659,55,9661,54,9663,44,9664,614790,9664,0,9664,1,9569,95,9665,0,9666,0,9569,0,9666,0,9666,0,9668,50,9673,15,9674,1100000,9675,1100000,9676,1100000,9677,1100000,9677,0,9678,0,9678,0,9679,0,9664,0,,
9762,1363880,9756,55,9764,58,9767,50,9769,36,9770,809930,9770,0,9769,1,9665,95,9771,0,9771,0,9666,0,9772,0,9772,0,9774,53,9783,20,9783,1300000,9784,1300000,9784,1300000,9784,1300000,9784,0,9785,0,9785,0,9785,0,9769,0,,
9858,1364128,9856,55,9860,44,9862,58,9865,70,9866,1209910,9866,0,9865,1,9771,95,9866,0,9867,0,9771,0,9867,0,9867,0,9869,56,9877,23,9878,1200000,9879,1200000,9880,1200000,9880,1200000,9881,0,9882,0,9883,0,9883,0,9865,0,,
9959,1364500,9957,50,9963,33,9965,40,9969,40,9970,762840,9970,0,9969,1,9866,95,9970,0,9971,0,9866,0,9971,0,9971,0,9973,41,9981,18,9982,1100000,9982,1100000,9982,1100000,9983,1100000,9983,0,9983,0,9983,0,9984,0,9969,0,,
10059,1364872,10057,44,10061,60,10063,45,10065,33,10066,740740,10066,0,10066,1,9970,95,10067,0,10067,0,9970,0,10067,0,10067,0,10069,46,10077,16,10078,1100000,10078,1100000,10079,1100000,10079,1100000,10080,0,10080,0,10080,0,10080,0,10066,0,,
10165,1365244,10163,40,10168,45,10170,41,10173,30,10178,634920,10173,0,10173,1,10067,95,10179,0,10180,0,10067,0,10180,0,10181,0,10183,39,10189,14,10190,900000,10191,900000,10192,900000,10193,900000,10194,0,10195,0,10195,0,10196,0,10173,0,,
10264,1365476,10263,40,10266,50,10268,14,10271,50,10272,457380,10272,0,10271,1,10179,95,10272,0,10273,0,10179,0,10273,0,10274,0,10276,42,10284,14,10285,1100000,10286,1100000,10286,1100000,10286,1100000,10287,0,10287,0,10288,0,10288,0,10271,0,,
10364,1365724,10360,44,10366,44,10368,37,10372,45,10373,691900,10373,0,10372,1,10272,95,10373,0,10377,0,10272,0,10378,0,10378,0,10380,40,10387,16,10388,1100000,10388,1100000,10388,1100000,10389,1100000,10389,0,10389,0,10390,0,10390,0,10372,0,,
10464,1361524,10460,50,10467,54,10469,33,10471,66,10472,826209,10471,0,10471,1,10373,95,10472,0,10472,0,10373,0,10473,0,10473,0,10474,52,10482,18,10483,1100000,10483,1100000,10484,1100000,10484,1100000,10484,0,10485,0,10485,0,10485,0,10471,0,,
10561,1361756,10560,45,10563,14,10566,30,10568,60,10569,606430,10568,0,10568,1,10472,95,10569,0,10570,0,10472,0,10570,0,10571,0,10572,40,10580,14,10581,1100000,10581,1100000,10582,1100000,10582,1100000,10583,0,10583,0,10583,0,10583,0,10568,0,,
10666,1361880,10665,33,10669,33,10672,12,10677,45,10681,500610,10681,0,10680,1,10569,95,10682,0,10682,0,10569,0,10684,0,10684,0,10687,33,10697,10,10698,1100000,10699,1100000,10699,1100000,10699,1100000,10700,0,10700,0,10700,0,10701,0,10679,0,,
10763,1362252,10762,70,10765,16,10767,16,10769,42,10771,586079,10771,0,10769,1,10682,95,10771,0,10772,0,10682,0,10772,0,10773,0,10774,41,10782,15,10782,1500000,10783,1500000,10783,1500000,10783,1500000,10784,0,10784,0,10784,0,10784,0,10769,0,,
10864,1362748,10863,50,10866,33,10869,12,10871,22,10872,789750,10872,0,10871,1,10772,95,10872,0,10872,0,10772,0,10873,0,10873,0,10874,25,10883,11,10883,1300000,10883,1300000,10884,1300000,10884,1300000,10884,0,10884,0,10885,0,10885,0,10871,0,,
10966,1362872,10964,33,10968,40,10970,14,10972,45,10973,703560,10973,0,10972,1,10872,95,10973,0,10974,0,10872,0,10974,0,10974,0,10976,35,10984,13,10984,1100000,10985,1100000,10985,1100000,10986,1100000,10986,0,10986,0,10986,0,10987,0,10972,0,,
11065,1361648,11064,50,11067,33,11069,30,11073,44,11074,638990,11074,0,11073,1,10974,95,11075,0,11079,0,10974,0,11079,0,11080,0,11081,40,11087,14,11088,1100000,11088,1100000,11088,1100000,11089,1100000,11089,0,11089,0,11089,0,11090,0,11073,0,,
11168,1362020,11166,22,11170,44,11173,40,11176,14,11178,488400,11177,0,11177,1,11075,95,11179,0,11180,0,11078,0,11180,0,11181,0,11183,37,11193,10,11194,900000,11195,900000,11196,900000,11196,900000,11197,0,11198,0,11198,0,11199,0,11176,0,,
11265,1362640,11264,44,11267,70,11269,44,11271,44,11272,599940,11272,0,11272,1,11179,95,11273,0,11273,0,11179,0,11274,0,11274,0,11276,45,11284,17,11284,1500000,11285,1500000,11285,1500000,11285,1500000,11286,0,11286,0,11286,0,11286,0,11272,0,,
11365,1363136,11364,25,11367,50,11369,25,11371,12,11372,756000,11372,0,11372,1,11273,95,11373,0,11373,0,11273,0,11373,0,11373,0,11375,28,11383,11,11384,1100000,11384,1100000,11385,1100000,11385,1100000,11385,0,11385,0,11386,0,11386,0,11372,0,,
11471,1363864,11470,30,11473,54,11475,41,11478,40,11479,671550,11479,0,11478,1,11373,95,11480,0,11481,0,11373,0,11481,0,11481,0,11483,45,11489,15,11489,1100000,11490,1100000,11490,1100000,11490,1100000,11491,0,11491,0,11491,0,11491,0,11478,0,,
11572,1364360,11571,33,11574,44,11577,44,11579,33,11580,626780,11580,0,11579,1,11480,95,11580,0,11581,0,11480,0,11581,0,11581,0,11583,35,11589,12,11589,1100000,11589,1100000,11590,1100000,11590,1100000,11590,0,11591,0,11591,0,11591,0,11579,0,,
11676,1364732,11673,0,11679,40,11683,20,11686,45,11687,427350,11687,0,11686,1,11580,95,11688,0,11689,0,11580,0,11689,0,11689,0,11691,30,11701,9,11702,900000,11702,900000,11702,900000,11703,900000,11703,0,11704,0,11704,0,11704,0,11686,0,,
11774,1364840,11773,22,11776,40,11779,33,11781,22,11782,347490,11782,0,11781,1,11688,95,11783,0,11783,0,11688,0,11784,0,11784,0,11785,27,11792,7,11792,1100000,11793,1100000,11793,1100000,11794,1100000,11794,0,11794,0,11795,0,11795,0,11781,0,,
11874,1365600,11873,37,11888,10,11890,36,11892,27,11893,447700,11893,0,11892,1,11783,95,11893,0,11894,0,11783,0,11894,0,11894,0,11896,30,11902,11,11902,1100000,11903,1100000,11903,1100000,11903,1100000,11904,0,11904,0,11904,0,11904,0,11892,0,,
11974,1361880,11973,25,11977,33,11979,25,11981,12,11982,386650,11982,0,11981,1,11893,95,11982,0,11983,0,11893,0,11983,0,11983,0,11985,20,11990,7,11991,1100000,11991,1100000,11991,1100000,11992,1100000,11992,0,11992,0,11993,0,11993,0,11981,0,,
12074,1362004,12074,36,12076,25,12078,22,12080,0,12081,337810,12081,0,12081,1,11982,95,12082,0,12082,0,11982,0,12082,0,12083,0,12084,21,12089,7,12090,1100000,12090,1100000,12090,1100000,12091,1100000,12091,0,12091,0,12091,0,12092,0,12081,0,,
12176,1362004,12174,11,12178,36,12181,20,12183,0,12185,272690,12185,0,12184,1,12082,95,12185,0,12186,0,12082,0,12186,0,12186,0,12188,21,12196,6,12197,1100000,12197,1100000,12198,1100000,12198,1100000,12198,0,12199,0,12199,0,12199,0,12184,0,,
12276,1362360,12275,30,12278,44,12280,22,12283,30,12284,512820,12284,0,12283,1,12185,95,12284,0,12284,0,12185,0,12285,0,12285,0,12286,31,12292,11,12292,1100000,12293,1100000,12293,1100000,12294,1100000,12294,0,12295,0,12295,0,12296,0,12283,0,,
12376,1362732,12375,30,12379,50,12382,33,12385,36,12386,606430,12386,0,12385,1,12284,95,12386,0,12387,0,12284,0,12387,0,12387,0,12389,37,12398,14,12399,900000,12399,900000,12400,900000,12401,900000,12401,0,12402,0,12403,0,12403,0,12385,0,,
12478,1362856,12476,50,12481,46,12484,61,12486,14,12487,507869,12487,0,12487,1,12386,95,12488,0,12488,0,12387,0,12489,0,12489,0,12490,45,12499,15,12500,1100000,12500,1100000,12501,1100000,12501,1100000,12502,0,12502,0,12502,0,12502,0,12486,0,,
12581,1363244,12579,54,12583,30,12586,44,12588,45,12589,704110,12589,0,12588,1,12488,95,12589,0,12590,0,12488,0,12590,0,12590,0,12592,46,12603,16,12603,900000,12604,900000,12604,900000,12605,900000,12605,0,12605,0,12606,0,12606,0,12588,0,,
12686,1363384,12684,66,12690,37,12693,50,12698,45,12701,588060,12701,0,12700,1,12589,95,12702,0,12704,0,12589,0,12704,0,12705,0,12707,52,12718,13,12719,1100000,12720,1100000,12720,1100000,12720,1100000,12721,0,12721,0,12721,0,12722,0,12699,0,,
12783,1363756,12782,66,12786,54,12789,28,12791,37,12792,752950,12792,0,12791,1,12702,95,12792,0,12793,0,12703,0,12794,0,12794,0,12796,47,12804,16,12805,1100000,12805,1100000,12806,1100000,12806,1100000,12807,0,12807,0,12807,0,12808,0,12791,0,,
12882,1364252,12881,33,12884,50,12886,50,12888,33,12889,675619,12889,0,12888,1,12793,95,12889,0,12890,0,12793,0,12890,0,12890,0,12892,42,12900,15,12901,1100000,12901,1100000,12902,1100000,12902,1100000,12902,0,12903,0,12903,0,12903,0,12888,0,,
12982,1364500,12981,54,12985,54,12987,45,12988,36,12989,769230,12989,0,12989,1,12889,95,12990,0,12990,0,12889,0,12990,0,12992,0,12994,45,13003,16,13004,1100000,13005,1100000,13005,1100000,13006,1100000,13006,0,13006,0,13007,0,13007,0,12989,0,,
13083,1364748,13082,45,13085,60,13087,40,13089,50,13090,793650,13090,0,13089,1,12990,95,13090,0,13091,0,12990,0,13092,0,13092,0,13094,48,13102,17,13102,1100000,13103,1100000,13103,1100000,13103,1100000,13104,0,13104,0,13104,0,13104,0,13089,0,,
13184,1364748,13183,33,13186,54,13188,40,13191,45,13192,700040,13192,0,13191,1,13090,95,13192,0,13193,0,13091,0,13193,0,13194,0,13195,46,13203,15,13204,1100000,13204,1100000,13204,1100000,13205,1100000,13205,0,13205,0,13206,0,13206,0,13191,0,,
13286,1365724,13285,33,13288,50,13290,37,13292,54,13293,708180,13293,0,13293,1,13192,95,13294,0,13294,0,13193,0,13295,0,13295,0,13296,41,13306,14,13307,1100000,13307,1100000,13307,1100000,13308,1100000,13308,0,13308,0,13309,0,13309,0,13292,0,,
13386,1361632,13385,11,13388,22,13389,22,13391,50,13392,427350,13392,0,13391,1,13294,95,13392,0,13393,0,13294,0,13393,0,13393,0,13394,27,13400,11,13402,1300000,13403,1300000,13403,1300000,13403,1300000,13403,0,13404,0,13404,0,13404,0,13391,0,,
13487,1361896,13486,11,13489,22,13491,40,13494,11,13495,447720,13494,0,13494,1,13392,95,13495,0,13496,0,13392,0,13496,0,13497,0,13498,18,13505,7,13506,1100000,13506,1100000,13506,1100000,13507,1100000,13507,0,13507,0,13508,0,13508,0,13494,0,,
13588,1362160,13587,12,13589,30,13591,44,13593,12,13594,398859,13594,0,13593,1,13495,95,13594,0,13595,0,13495,0,13596,0,13596,0,13597,28,13605,10,13605,1100000,13605,1100000,13606,1100000,13606,1100000,13606,0,13607,0,13607,0,13607,0,13593,0,,
13689,1362284,13688,40,13692,58,13697,14,13702,50,13704,659340,13704,0,13703,1,13594,95,13704,0,13705,0,13595,0,13705,0,13706,0,13707,43,13717,11,13718,1100000,13718,1100000,13719,1100000,13719,1100000,13719,0,13720,0,13720,0,13720,0,13703,0,,
13743,1362268,13742,57,13745,40,13748,25,13750,60,13751,740740,13751,0,13750,1,13704,95,13751,0,13752,0,13704,0,13752,0,13752,0,13754,47,13760,18,13760,1200000,13761,1200000,13761,1400000,13761,1400000,13762,0,13762,0,13762,0,13763,0,13750,0,,
13844,1362500,13843,33,13846,12,13848,20,13851,40,13852,571800,13852,0,13851,1,13751,95,13852,0,13853,0,13751,0,13853,0,13853,0,13855,30,13861,13,13861,1100000,13862,1100000,13862,1100000,13863,1100000,13863,0,13864,0,13865,0,13865,0,13851,0,,
13944,1362748,13943,12,13947,33,13949,25,13951,45,13952,468049,13952,0,13952,1,13853,95,13953,0,13953,0,13853,0,13953,0,13954,0,13955,22,13961,7,13962,1100000,13962,1100000,13963,1100000,13963,1100000,13964,0,13965,0,13965,0,13966,0,13952,0,,
14045,1362996,14044,33,14047,33,14050,22,14052,37,14053,508750,14053,0,14052,1,13953,95,14053,0,14054,0,13953,0,14054,0,14054,0,14056,33,14062,12,14063,1100000,14063,1100000,14064,1100000,14065,1100000,14065,0,14066,0,14067,0,14067,0,14052,0,,
14148,1363384,14146,22,14151,22,14155,20,14158,30,14161,382580,14160,0,14159,1,14053,95,14161,0,14162,0,14053,0,14163,0,14163,0,14165,25,14173,7,14174,1100000,14175,1100000,14175,1100000,14176,1100000,14176,0,14177,0,14177,0,14178,0,14158,0,,
14246,1363756,14245,22,14248,33,14251,22,14253,37,14254,463980,14254,0,14253,1,14161,95,14254,0,14255,0,14162,0,14256,0,14256,0,14257,28,14266,10,14267,1100000,14268,1100000,14268,1100000,14269,1100000,14270,0,14271,0,14271,0,14271,0,14253,0,,
14347,1364020,14346,22,14348,20,14350,12,14353,12,14354,268620,14354,0,14353,1,14254,95,14354,0,14354,0,14254,0,14355,0,14355,0,14356,17,14365,6,14365,900000,14366,900000,14367,900000,14367,900000,14368,0,14368,0,14369,0,14370,0,14353,0,,
14447,1364376,14446,33,14450,22,14452,27,14454,22,14455,308880,14455,0,14455,1,14354,95,14456,0,14456,0,14354,0,14456,0,14456,0,14458,26,14466,9,14467,1100000,14468,1100000,14469,1100000,14470,1100000,14470,0,14471,0,14471,0,14471,0,14454,0,,
14548,1364732,14547,40,14551,45,14553,22,14555,0,14556,435490,14556,0,14556,1,14456,95,14557,0,14557,0,14456,0,14557,0,14558,0,14559,29,14569,9,14570,1100000,14570,1100000,14571,1100000,14571,1100000,14572,0,14572,0,14573,0,14574,0,14556,0,,
14650,1365120,14648,60,14653,33,14657,30,14660,33,14662,634920,14662,0,14660,1,14557,95,14663,0,14664,0,14557,0,14666,0,14666,0,14669,41,14677,12,14678,900000,14678,900000,14679,900000,14679,900000,14680,0,14680,0,14681,0,14681,0,14660,0,,
14749,1365476,14748,54,14752,33,14754,50,14756,44,14757,537570,14757,0,14756,1,14663,95,14757,0,14757,0,14664,0,14758,0,14758,0,14759,41,14770,14,14771,1100000,14771,1100000,14772,1100000,14772,1100000,14773,0,14773,0,14774,0,14774,0,14756,0,,
14849,1362516,14848,60,14851,58,14853,44,14855,70,14856,944240,14856,0,14856,1,14757,95,14857,0,14857,0,14757,0,14857,0,14858,0,14859,60,14866,23,14866,1200000,14867,1200000,14867,1200000,14868,1200000,14869,0,14869,0,14869,0,14869,0,14856,0,,
14951,1362640,14950,50,14953,50,14955,36,14957,50,14958,870480,14958,0,14958,1,14857,95,14959,0,14959,0,14857,0,14960,0,14960,0,14962,46,14971,17,14972,1100000,14972,1100000,14973,1100000,14973,1100000,14973,0,14973,0,14974,0,14974,0,14958,0,,
15051,1363012,15050,40,15053,54,15055,45,15057,55,15058,789580,15058,0,15058,1,14959,95,15058,0,15059,0,14959,0,15059,0,15059,0,15061,47,15070,18,15071,1100000,15071,1100000,15072,1100000,15072,1100000,15072,0,15072,0,15073,0,15073,0,15058,0,,
15153,1363012,15152,53,15156,58,15158,45,15160,53,15161,850630,15161,0,15161,1,15059,95,15162,0,15162,0,15059,0,15162,0,15163,0,15164,52,15173,17,15173,1100000,15174,1100000,15174,1100000,15174,1100000,15175,0,15175,0,15175,0,15176,0,15160,0,,
15257,1363012,15256,53,15259,40,15261,44,15263,37,15264,708180,15264,0,15263,1,15162,95,15265,0,15266,0,15162,0,15267,0,15267,0,15269,44,15276,15,15276,1100000,15276,1100000,15277,1100000,15277,1100000,15277,0,15277,0,15278,0,15278,0,15263,0,,
15359,1363136,15357,28,15361,36,15363,30,15367,50,15369,586080,15368,0,15367,1,15266,95,15369,0,15371,0,15266,0,15372,0,15372,0,15374,41,15382,14,15383,900000,15384,900000,15385,900000,15386,900000,15386,0,15387,0,15388,0,15388,0,15367,0,,
15458,1363492,15457,58,15460,40,15462,54,15465,55,15466,614790,15466,0,15465,1,15370,95,15467,0,15468,0,15370,0,15468,0,15469,0,15471,48,15477,18,15478,1100000,15478,1100000,15478,1100000,15478,1100000,15479,0,15479,0,15479,0,15480,0,15465,0,,
15559,1363864,15558,45,15561,50,15562,54,15567,54,15568,826209,15568,0,15567,1,15467,95,15569,0,15569,0,15467,0,15570,0,15570,0,15572,52,15578,17,15578,1100000,15579,1100000,15579,1100000,15579,1100000,15579,0,15580,0,15580,0,15580,0,15567,0,,
15660,1364128,15659,33,15663,61,15666,45,15669,40,15671,728530,15671,0,15670,1,15569,95,15672,0,15673,0,15569,0,15673,0,15673,0,15675,50,15687,15,15688,1100000,15689,1100000,15690,1100000,15691,1100000,15691,0,15691,0,15692,0,15692,0,15670,0,,
15760,1364500,15759,45,15762,50,15764,54,15767,54,15769,826209,15768,0,15768,1,15672,95,15769,0,15770,0,15672,0,15770,0,15771,0,15772,51,15780,18,15780,1100000,15781,1100000,15782,1100000,15782,1100000,15783,0,15783,0,15784,0,15784,0,15768,0,,
15861,1364748,15859,45,15862,28,15864,22,15867,50,15868,590150,15868,0,15867,1,15769,95,15869,0,15869,0,15769,0,15870,0,15870,0,15873,30,15888,10,15889,900000,15889,900000,15890,900000,15891,900000,15891,0,15892,0,15892,0,15893,0,15867,0,,
15961,1364996,15960,37,15963,33,15965,14,15968,55,15969,412830,15969,0,15969,1,15869,95,15970,0,15970,0,15869,0,15971,0,15971,0,15973,37,15982,12,15983,1100000,15983,1100000,15984,1100000,15984,1100000,15985,0,15985,0,15986,0,15986,0,15968,0,,
16062,1365476,16061,30,16063,25,16065,33,16068,44,16069,537240,16068,0,16068,1,15970,95,16069,0,16069,0,15970,0,16070,0,16070,0,16071,33,16077,12,16077,1100000,16078,1100000,16078,1100000,16078,1100000,16079,0,16079,0,16079,0,16079,0,16068,0,,
16162,1365848,16161,20,16164,20,16166,12,16168,33,16169,345950,16169,0,16168,1,16069,95,16169,0,16170,0,16069,0,16170,0,16170,0,16172,23,16177,7,16178,1100000,16178,1100000,16179,1100000,16179,1100000,16179,0,16180,0,16180,0,16181,0,16168,0,,
16264,1361632,16263,27,16265,27,16267,50,16269,37,16270,573870,16270,0,16269,1,16169,95,16270,0,16272,0,16169,0,16272,0,16272,0,16273,34,16279,12,16279,1100000,16279,1100000,16280,1100000,16280,1100000,16280,0,16281,0,16281,0,16281,0,16269,0,,
16364,1361632,16363,33,16366,0,16368,25,16369,11,16371,280830,16370,0,16370,1,16270,95,16371,0,16372,0,16270,0,16372,0,16372,0,16374,17,16379,6,16380,1100000,16380,1100000,16381,1100000,16381,1100000,16381,0,16382,0,16382,0,16383,0,16370,0,,
16465,1361880,16464,30,16467,20,16469,33,16471,20,16472,419210,16472,0,16471,1,16371,95,16472,0,16473,0,16371,0,16473,0,16473,0,16475,26,16480,9,16481,1100000,16481,1100000,16482,1100000,16482,1100000,16482,0,16483,0,16483,0,16483,0,16471,0,,
16566,1362004,16564,0,16568,20,16570,22,16573,20,16574,252340,16574,0,16573,1,16473,95,16574,0,16575,0,16473,0,16575,0,16575,0,16577,15,16586,5,16586,900000,16587,900000,16587,900000,16587,900000,16588,0,16588,0,16588,0,16589,0,16573,0,,
16665,1362252,16664,11,16667,0,16669,33,16671,40,16672,249480,16672,0,16672,1,16574,95,16673,0,16673,0,16575,0,16674,0,16674,0,16676,20,16684,6,16684,1100000,16685,1100000,16686,1100000,16686,1100000,16687,0,16687,0,16687,0,16688,0,16672,0,,
16766,1362484,16765,12,16768,36,16769,12,16771,30,16772,366299,16772,0,16772,1,16673,95,16773,0,16773,0,16673,0,16773,0,16774,0,16775,24,16781,8,16781,1100000,16782,1100000,16782,1100000,16782,1100000,16783,0,16783,0,16783,0,16784,0,16772,0,,
16867,1362872,16866,11,16869,33,16871,12,16873,55,16874,451770,16874,0,16873,1,16773,95,16875,0,16875,0,16773,0,16876,0,16876,0,16877,29,16891,10,16891,1100000,16892,1100000,16892,1100000,16893,1100000,16893,0,16894,0,16894,0,16894,0,16873,0,,
16967,1361880,16966,12,16969,41,16970,27,16972,14,16973,382580,16973,0,16973,1,16856,95,16974,0,16974,0,16855,0,16974,0,16974,0,16976,27,16983,9,16983,1100000,16984,1100000,16984,1100000,16984,1100000,16985,0,16985,0,16985,0,16985,0,16973,0,,
17068,1362376,17067,40,17071,11,17073,0,17075,20,17076,288970,17076,0,17075,1,16875,95,17076,0,17077,0,16875,0,17077,0,17077,0,17079,20,17086,6,17087,1100000,17087,1100000,17087,1100000,17088,1100000,17088,0,17088,0,17089,0,17089,0,17075,0,,
17168,1362888,17167,50,17171,41,17174,30,17176,40,17177,655270,17176,0,17176,1,16974,95,17177,0,17177,0,16974,0,17178,0,17178,0,17179,40,17188,14,17189,1100000,17190,1100000,17190,1100000,17191,1100000,17191,0,17191,0,17192,0,17192,0,17176,0,,
17269,1363384,17268,50,17273,45,17275,36,17278,30,17279,655270,17279,0,17279,1,17076,95,17280,0,17281,0,17076,0,17282,0,17282,0,17284,44,17293,16,17294,1100000,17294,1100000,17294,1100000,17294,1100000,17295,0,17295,0,17295,0,17295,0,17278,0,,
17369,1363632,17368,55,17372,40,17374,36,17376,33,17377,667480,17377,0,17377,1,17177,95,17377,0,17378,0,17177,0,17378,0,17378,0,17380,32,17388,12,17389,1100000,17390,1100000,17390,1100000,17391,1100000,17391,0,17392,0,17392,0,17393,0,17377,0,,
17471,1364144,17469,25,17473,36,17476,55,17478,54,17479,691900,17479,0,17478,1,17281,95,17479,0,17480,0,17281,0,17480,0,17480,0,17482,45,17495,15,17495,900000,17496,900000,17496,900000,17496,900000,17497,0,17497,0,17498,0,17498,0,17478,0,,
17571,1364608,17569,37,17573,44,17575,66,17577,40,17578,555390,17578,0,17578,1,17378,95,17579,0,17579,0,17378,0,17579,0,17579,0,17581,48,17590,15,17590,1100000,17591,1100000,17591,1100000,17592,1100000,17592,0,17592,0,17593,0,17593,0,17578,0,,
17672,1365104,17670,36,17674,36,17676,50,17678,40,17679,659339,17678,0,17678,1,17479,95,17679,0,17679,0,17479,0,17680,0,17680,0,17681,39,17689,14,17689,1100000,17690,1100000,17691,1100000,17692,1100000,17692,0,17693,0,17693,0,17694,0,17678,0,,
17771,1362128,17770,54,17774,40,17775,63,17777,55,17778,862840,17778,0,17778,1,17579,95,17778,0,17779,0,17579,0,17779,0,17779,0,17781,52,17789,19,17789,1200000,17790,1200000,17790,1200000,17791,1200000,17791,0,17792,0,17792,0,17792,0,17777,0,,
17873,1362376,17871,40,17875,33,17877,50,17878,40,17879,762840,17879,0,17879,1,17679,95,17879,0,17880,0,17679,0,17880,0,17880,0,17882,42,17891,14,17891,1100000,17892,1100000,17892,1100000,17892,1100000,17893,0,17893,0,17893,0,17893,0,17879,0,,
17973,1362748,17972,41,17975,22,17977,40,17979,45,17980,602360,17979,0,17979,1,17778,95,17980,0,17981,0,17778,0,17982,0,17982,0,17983,39,17989,14,17989,1100000,17990,1100000,17990,1100000,17991,1100000,17991,0,17992,0,17992,0,17992,0,17979,0,,
18074,1362996,18072,36,18076,38,18077,41,18079,40,18080,630849,18080,0,18080,1,17880,95,18081,0,18081,0,17880,0,18081,0,18082,0,18083,40,18092,14,18093,1100000,18093,1100000,18093,1100000,18094,1100000,18094,0,18094,0,18094,0,18095,0,18079,0,,
18175,1363120,18173,50,18177,14,18179,44,18182,30,18184,561660,18184,0,18183,1,17980,95,18185,0,18187,0,17980,0,18191,0,18191,0,18193,40,18201,14,18201,1100000,18202,1100000,18202,1100000,18203,1100000,18205,0,18205,0,18206,0,18207,0,18183,0,,
18275,1363244,18274,40,18277,33,18279,55,18281,33,18282,655270,18282,0,18281,1,18081,95,18282,0,18283,0,18081,0,18283,0,18283,0,18285,33,18292,12,18293,1100000,18293,1100000,18294,1100000,18294,1100000,18294,0,18295,0,18295,0,18295,0,18281,0,,
18376,1363632,18375,44,18378,40,18379,37,18381,25,18382,594220,18382,0,18382,1,18186,95,18383,0,18383,0,18186,0,18383,0,18384,0,18385,37,18394,13,18394,1100000,18395,1100000,18395,1100000,18395,1100000,18396,0,18396,0,18396,0,18397,0,18382,0,,
18477,1363756,18476,33,18479,22,18482,50,18486,25,18489,529100,18489,0,18488,1,18282,95,18491,0,18492,0,18282,0,18493,0,18493,0,18495,38,18503,11,18504,1100000,18505,1100000,18507,1100000,18507,1100000,18508,0,18508,0,18509,0,18509,0,18487,0,,
18577,1364004,18576,37,18579,40,18581,58,18583,42,18584,720389,18584,0,18584,1,18383,95,18585,0,18586,0,18383,0,18587,0,18587,0,18589,41,18596,15,18596,1100000,18597,1100000,18597,1100000,18597,1100000,18598,0,18598,0,18598,0,18598,0,18584,0,,
18677,1364532,18676,54,18679,25,18681,12,18683,37,18684,520959,18684,0,18683,1,18491,95,18684,0,18684,0,18491,0,18685,0,18686,0,18688,31,18696,10,18697,900000,18697,900000,18698,900000,18698,900000,18698,0,18699,0,18699,0,18699,0,18683,0,,
18778,1364780,18777,45,18781,40,18784,40,18788,37,18789,481140,18789,0,18788,1,18585,95,18790,0,18792,0,18586,0,18792,0,18792,0,18794,45,18801,13,18802,900000,18803,900000,18804,900000,18805,900000,18806,0,18807,0,18808,0,18808,0,18788,0,,
18879,1364980,18878,63,18881,25,18884,63,18887,40,18889,567270,18889,0,18888,1,18684,95,18890,0,18891,0,18684,0,18892,0,18892,0,18894,50,18901,14,18902,900000,18903,900000,18905,900000,18906,900000,18907,0,18907,0,18908,0,18909,0,18887,0,,
18979,1365352,18978,44,18981,33,18983,55,18985,33,18986,490050,18986,0,18985,1,18791,95,18987,0,18988,0,18791,0,18989,0,18989,0,18991,36,18998,12,18998,1100000,18998,1100000,18999,1100000,18999,1100000,18999,0,19000,0,19000,0,19000,0,18985,0,,
19079,1365600,19078,14,19082,36,19084,37,19086,40,19088,516890,19087,0,19087,1,18890,95,19088,0,19089,0,18891,0,19090,0,19090,0,19092,39,19100,13,19100,1100000,19101,1100000,19101,1100000,19102,1100000,19102,0,19103,0,19103,0,19104,0,19086,0,,
19180,1361880,19179,70,19182,25,19184,33,19185,33,19186,655270,19186,0,19186,1,18987,95,19186,0,19187,0,18988,0,19187,0,19187,0,19188,37,19192,13,19193,1400000,19193,1400000,19193,1400000,19194,1400000,19194,0,19194,0,19194,0,19195,0,19185,0,,
19282,1362004,19280,22,19285,0,19288,0,19292,22,19294,264880,19293,0,19292,1,19088,95,19294,0,19296,0,19089,0,19298,0,19298,0,19300,12,19307,5,19308,1100000,19308,1100000,19308,1100000,19309,1100000,19309,0,19309,0,19309,0,19310,0,19292,0,,
19381,1362252,19380,44,19383,11,19385,25,19386,0,19387,325600,19387,0,19387,1,19186,95,19388,0,19388,0,19186,0,19388,0,19389,0,19390,18,19398,9,19399,1100000,19399,1100000,19400,1100000,19400,1100000,19402,0,19402,0,19402,0,19402,0,19387,0,,
19482,1362516,19481,63,19483,36,19485,36,19490,45,19493,732600,19492,0,19492,1,19295,95,19493,0,19494,0,19295,0,19494,0,19494,0,19496,45,19505,14,19506,900000,19507,900000,19508,900000,19509,900000,19510,0,19511,0,19511,0,19511,0,19491,0,,
19583,1362764,19581,63,19585,33,19588,14,19591,30,19593,415799,19593,0,19592,1,19388,95,19594,0,19594,0,19388,0,19594,0,19595,0,19597,41,19607,12,19608,1100000,19608,1100000,19609,1100000,19609,1100000,19610,0,19610,0,19611,0,19611,0,19592,0,,
19683,1362764,19682,63,19685,41,19691,45,19693,45,19694,789579,19694,0,19694,1,19493,95,19695,0,19695,0,19493,0,19696,0,19697,0,19699,46,19707,17,19708,1100000,19708,1100000,19709,1100000,19709,1100000,19709,0,19710,0,19710,0,19710,0,19693,0,,
19783,1362904,19782,60,19785,45,19787,45,19790,36,19791,757020,19791,0,19791,1,19594,95,19792,0,19792,0,19594,0,19793,0,19793,0,19794,45,19800,16,19801,1100000,19802,900000,19802,900000,19803,900000,19804,0,19805,0,19806,0,19807,0,19791,0,,
19884,1363244,19883,60,19886,40,19889,33,19893,50,19894,609510,19894,0,19893,1,19695,95,19894,0,19895,0,19695,0,19895,0,19896,0,19897,47,19906,14,19907,900000,19907,900000,19908,900000,19909,900000,19910,0,19910,0,19911,0,19911,0,19893,0,,
19985,1363616,19984,33,19987,66,19990,27,19992,22,19993,439560,19993,0,19992,1,19792,95,19994,0,19994,0,19792,0,19995,0,19995,0,19997,39,20004,10,20005,900000,20006,900000,20006,900000,20006,900000,20007,0,20007,0,20007,0,20008,0,19992,0,,
20085,1363864,20084,0,20088,50,20090,14,20092,11,20094,222750,20093,0,20093,1,19895,95,20094,0,20095,0,19895,0,20095,0,20095,0,20097,21,20104,6,20105,900000,20106,900000,20106,900000,20106,900000,20107,0,20107,0,20108,0,20108,0,20093,0,,
20186,1364236,20185,0,20188,41,20191,30,20193,14,20194,252450,20194,0,20193,1,19994,95,20194,0,20195,0,19994,0,20196,0,20196,0,20198,19,20205,5,20206,900000,20206,900000,20207,900000,20207,900000,20207,0,20208,0,20208,0,20208,0,20193,0,,
20286,1364484,20285,22,20288,20,20289,10,20291,25,20292,228690,20292,0,20292,1,20094,95,20293,0,20293,0,20094,0,20293,0,20293,0,20295,19,20301,7,20301,1100000,20302,1100000,20302,1100000,20302,1100000,20303,0,20303,0,20303,0,20303,0,20292,0,,
20386,1364732,20385,10,20388,10,20390,30,20392,30,20393,325600,20393,0,20392,1,20195,95,20393,0,20394,0,20195,0,20394,0,20394,0,20396,19,20401,7,20402,1100000,20402,1100000,20403,1100000,20403,1100000,20403,0,20404,0,20404,0,20404,0,20392,0,,
20489,1365104,20488,20,20493,27,20496,10,20499,33,20501,366300,20501,0,20500,1,20293,95,20502,0,20503,0,20293,0,20503,0,20503,0,20506,23,20516,6,20517,600000,20518,600000,20519,600000,20519,600000,20520,0,20521,0,20522,0,20522,0,20500,0,,
20588,1365476,20587,20,20590,11,20592,30,20594,37,20595,158760,20595,0,20594,1,20393,95,20595,0,20596,0,20393,0,20596,0,20596,0,20598,25,20606,8,20606,1100000,20607,1100000,20607,1100000,20607,1100000,20608,0,20608,0,20608,0,20608,0,20594,0,,
20688,1362500,20687,44,20690,50,20693,30,20695,41,20696,671550,20696,0,20695,1,20502,95,20696,0,20697,0,20502,0,20697,0,20697,0,20699,42,20705,15,20706,1100000,20706,1100000,20706,1100000,20707,1100000,20707,0,20707,0,20707,0,20708,0,20695,0,,
20790,1362764,20788,60,20795,27,20798,36,20801,22,20802,590150,20802,0,20801,1,20595,95,20802,0,20803,0,20596,0,20803,0,20803,0,20806,39,20816,12,20817,900000,20817,900000,20818,900000,20818,900000,20818,0,20819,0,20819,0,20819,0,20801,0,,
20891,1362764,20889,66,20895,44,20898,28,20900,30,20902,498960,20901,0,20901,1,20696,95,20902,0,20903,0,20696,0,20903,0,20903,0,20905,44,20915,12,20916,900000,20916,900000,20917,900000,20917,900000,20918,0,20918,0,20918,0,20918,0,20901,0,,
20990,1363136,20989,55,20994,40,20996,16,20998,28,20999,412830,20999,0,20998,1,20802,95,20999,0,20999,0,20802,0,21000,0,21000,0,21001,34,21010,10,21011,1100000,21012,1100000,21012,1100000,21012,1100000,21013,0,21013,0,21013,0,21014,0,20998,0,,
21091,1363260,21089,55,21093,45,21096,37,21098,40,21099,720390,21099,0,21098,1,20902,95,21099,0,21099,0,20902,0,21100,0,21100,0,21101,43,21110,16,21111,1100000,21112,1100000,21112,1100000,21113,1100000,21113,0,21113,0,21114,0,21114,0,21098,0,,
21192,1363400,21191,54,21195,12,21198,33,21201,40,21203,565730,21202,0,21202,1,20999,95,21203,0,21204,0,20999,0,21205,0,21205,0,21208,35,21218,11,21219,1100000,21220,1100000,21221,1100000,21222,1100000,21222,0,21223,0,21223,0,21224,0,21201,0,,
21294,1363524,21293,40,21296,40,21298,63,21300,40,21301,744810,21300,0,21300,1,21099,95,21301,0,21302,0,21099,0,21302,0,21302,0,21304,47,21313,17,21314,1100000,21314,1100000,21315,1100000,21315,1100000,21316,0,21316,0,21317,0,21317,0,21300,0,,
21395,1364252,21394,28,21397,44,21398,54,21400,25,21401,614570,21401,0,21401,1,21203,95,21401,0,21402,0,21204,0,21402,0,21402,0,21404,39,21415,13,21415,900000,21416,900000,21416,900000,21417,900000,21417,0,21417,0,21418,0,21418,0,21400,0,,
21496,1364500,21495,33,21499,50,21501,50,21505,30,21506,484110,21506,0,21505,1,21301,95,21507,0,21508,0,21301,0,21509,0,21509,0,21511,40,21517,11,21518,1100000,21518,1100000,21518,1100000,21519,1100000,21519,0,21519,0,21519,0,21520,0,21505,0,,
21596,1364996,21595,28,21598,60,21600,40,21602,22,21603,610500,21603,0,21603,1,21401,95,21604,0,21604,0,21402,0,21605,0,21605,0,21606,41,21614,14,21614,1100000,21615,1100000,21615,1100000,21615,1100000,21616,0,21616,0,21616,0,21616,0,21602,0,,
21696,1365244,21695,33,21698,36,21700,33,21702,44,21703,594220,21703,0,21703,1,21507,95,21704,0,21704,0,21508,0,21705,0,21705,0,21707,34,21716,12,21717,900000,21718,900000,21718,900000,21718,900000,21719,0,21719,0,21719,0,21720,0,21703,0,,
21797,1365600,21796,40,21799,50,21801,44,21803,58,21804,570240,21804,0,21803,1,21604,95,21804,0,21804,0,21604,0,21805,0,21805,0,21807,46,21814,14,21815,1100000,21815,1100000,21816,1100000,21816,1100000,21817,0,21817,0,21817,0,21818,0,21803,0,,
21898,1366096,21897,30,21900,27,21902,22,21904,33,21905,455840,21905,0,21904,1,21704,95,21905,0,21906,0,21704,0,21906,0,21906,0,21908,32,21913,11,21914,1100000,21914,1100000,21915,1100000,21915,1100000,21915,0,21916,0,21916,0,21916,0,21904,0,,
21999,1366732,21998,42,22002,22,22004,44,22010,40,22012,602360,22012,0,22011,1,21804,95,22013,0,22014,0,21804,0,22014,0,22014,0,22016,35,22026,12,22027,900000,22027,900000,22028,900000,22029,900000,22030,0,22030,0,22031,0,22031,0,22011,0,,
22105,1363244,22101,77,22110,58,22112,33,22113,69,22114,703890,22114,0,22114,1,21905,95,22115,0,22115,0,21905,0,22115,0,22115,0,22117,61,22122,21,22123,1400000,22124,1400000,22124,1400000,22125,1400000,22126,0,22126,0,22126,0,22127,0,22114,0,,
22199,1362252,22198,40,22201,33,22203,44,22205,50,22206,1005340,22206,0,22205,1,22013,95,22207,0,22208,0,22013,0,22209,0,22209,0,22211,39,22219,17,22219,1100000,22220,1100000,22221,1100000,22221,1100000,22222,0,22222,0,22223,0,22223,0,22205,0,,
22300,1362640,22299,37,22302,36,22303,54,22305,44,22306,695970,22306,0,22306,1,22115,95,22307,0,22308,0,22115,0,22309,0,22309,0,22311,42,22319,14,22320,900000,22320,900000,22320,900000,22321,900000,22321,0,22322,0,22322,0,22322,0,22305,0,,
22401,1363012,22399,50,22402,50,22405,28,22408,45,22410,513810,22410,0,22408,1,22207,95,22411,0,22412,0,22207,0,22413,0,22413,0,22415,45,22420,13,22421,1100000,22421,1100000,22421,1100000,22422,1100000,22422,0,22423,0,22423,0,22423,0,22408,0,,
22501,1363524,22500,58,22503,40,22505,40,22506,40,22508,724460,22508,0,22507,1,22307,95,22509,0,22510,0,22307,0,22511,0,22511,0,22513,50,22519,18,22520,1100000,22520,1100000,22520,1100000,22521,1100000,22521,0,22521,0,22522,0,22522,0,22507,0,,
22602,1363756,22601,63,22605,50,22607,22,22612,30,22613,671550,22613,0,22613,1,22411,95,22614,0,22614,0,22412,0,22615,0,22615,0,22617,43,22628,13,22628,1100000,22628,1100000,22629,1100000,22629,1100000,22630,0,22631,0,22631,0,22631,0,22612,0,,
22702,1363880,22701,72,22704,54,22706,50,22709,40,22710,879119,22710,0,22709,1,22509,95,22711,0,22711,0,22509,0,22711,0,22712,0,22713,48,22719,19,22719,1100000,22720,1100000,22720,1100000,22720,1100000,22721,0,22721,0,22721,0,22721,0,22709,0,,
22802,1363028,22801,12,22804,58,22806,11,22808,33,22810,463979,22810,0,22809,1,22614,95,22811,0,22811,0,22614,0,22812,0,22812,0,22813,35,22819,12,22820,1100000,22820,1100000,22821,1100000,22821,900000,22821,0,22822,0,22822,0,22823,0,22809,0,,
22903,1363260,22902,45,22905,58,22907,33,22910,45,22911,687170,22911,0,22910,1,22711,95,22912,0,22912,0,22711,0,22912,0,22913,0,22914,48,22920,15,22921,1100000,22921,1100000,22922,1100000,22922,1100000,22922,0,22923,0,22923,0,22923,0,22910,0,,
23003,1363756,23002,54,23005,50,23008,40,23011,30,23012,708180,23011,0,23011,1,22811,95,23012,0,23013,0,22811,0,23013,0,23014,0,23016,42,23023,15,23023,1100000,23024,1100000,23024,1100000,23025,1100000,23025,0,23026,0,23026,0,23026,0,23011,0,,
23105,1364500,23104,45,23109,36,23112,50,23115,40,23116,695970,23116,0,23116,1,22912,95,23117,0,23117,0,22912,0,23118,0,23118,0,23120,40,23131,14,23132,900000,23133,900000,23133,900000,23134,900000,23134,0,23134,0,23135,0,23135,0,23116,0,,
23204,1364872,23204,60,23206,37,23209,40,23212,63,23213,594000,23213,0,23212,1,23012,95,23213,0,23214,0,23012,0,23215,0,23215,0,23217,51,23223,16,23224,1100000,23224,1100000,23225,1100000,23226,1100000,23227,0,23227,0,23228,0,23228,0,23212,0,,
23305,1365508,23304,50,23307,36,23310,40,23312,60,23314,757020,23313,0,23313,1,23117,95,23314,0,23315,0,23117,0,23315,0,23315,0,23317,47,23323,17,23323,1200000,23324,1200000,23324,1200000,23325,1200000,23325,0,23326,0,23327,0,23327,0,23313,0,,
23407,1365880,23405,50,23409,30,23413,40,23416,50,23417,795600,23417,0,23416,1,23214,95,23417,0,23418,0,23214,0,23418,0,23418,0,23421,42,23432,14,23433,900000,23433,900000,23434,900000,23434,900000,23434,0,23435,0,23435,0,23436,0,23416,0,,
23506,1366624,23505,28,23508,25,23511,37,23513,55,23514,430650,23514,0,23513,1,23314,95,23515,0,23516,0,23314,0,23516,0,23517,0,23518,40,23528,13,23528,1100000,23529,1100000,23529,1100000,23530,1100000,23531,0,23531,0,23532,0,23532,0,23513,0,,
23606,1362252,23605,44,23607,28,23609,55,23611,50,23612,720390,23612,0,23611,1,23417,95,23612,0,23613,0,23418,0,23613,0,23614,0,23615,47,23619,20,23620,1400000,23620,1400000,23620,1400000,23620,1400000,23621,0,23621,0,23621,0,23622,0,23611,0,,
23707,1362500,23706,50,23709,44,23713,33,23716,45,23717,1035440,23717,0,23716,1,23515,95,23717,0,23718,0,23515,0,23718,0,23718,0,23720,40,23728,15,23729,1100000,23730,1100000,23731,1100000,23731,1100000,23732,0,23733,0,23733,0,23733,0,23716,0,,
23807,1362872,23806,50,23809,50,23811,25,23814,40,23815,671550,23815,0,23814,1,23613,95,23816,0,23817,0,23613,0,23817,0,23817,0,23819,43,23826,14,23827,1100000,23827,1100000,23828,1100000,23829,1100000,23830,0,23830,0,23830,0,23831,0,23814,0,,
23909,1363368,23907,50,23912,40,23915,30,23918,22,23920,577939,23919,0,23919,1,23717,95,23920,0,23921,0,23718,0,23921,0,23921,0,23923,36,23935,12,23936,900000,23936,900000,23936,900000,23937,900000,23937,0,23938,0,23938,0,23938,0,23919,0,,
24008,1363740,24007,70,24011,30,24014,25,24016,36,24017,478170,24017,0,24016,1,23816,95,24018,0,24018,0,23816,0,24019,0,24019,0,24020,38,24028,13,24029,1100000,24030,1100000,24030,1100000,24031,1100000,24032,0,24032,0,24033,0,24033,0,24016,0,,
24109,1363864,24108,44,24111,30,24113,33,24115,22,24116,525030,24116,0,24115,1,23920,95,24116,0,24117,0,23920,0,24118,0,24118,0,24120,31,24128,12,24128,1100000,24129,1100000,24129,1100000,24130,1100000,24130,0,24131,0,24131,0,24132,0,24115,0,,
24210,1364376,24209,66,24213,40,24216,22,24219,54,24220,740740,24220,0,24219,1,24018,95,24220,0,24221,0,24018,0,24222,0,24222,0,24224,48,24234,15,24235,900000,24236,900000,24236,900000,24236,900000,24237,0,24237,0,24237,0,24238,0,24219,0,,
24310,1364624,24309,44,24312,60,24315,40,24317,54,24318,588060,24318,0,24317,1,24117,95,24318,0,24319,0,24117,0,24319,0,24319,0,24321,50,24328,16,24329,1100000,24330,1100000,24330,1100000,24331,1100000,24331,0,24331,0,24332,0,24332,0,24317,0,,
24411,1364996,24409,40,24413,58,24415,40,24417,40,24418,724460,24418,0,24417,1,24221,95,24418,0,24419,0,24221,0,24419,0,24419,0,24420,45,24426,16,24427,1100000,24428,1100000,24429,1100000,24429,1100000,24430,0,24430,0,24431,0,24431,0,24417,0,,
24512,1365228,24511,33,24515,54,24518,22,24520,36,24521,590150,24521,0,24521,1,24319,95,24522,0,24522,0,24319,0,24523,0,24523,0,24526,39,24535,12,24535,1100000,24536,1100000,24536,1100000,24536,1100000,24537,0,24537,0,24537,0,24537,0,24520,0,,
24612,1365584,24611,14,24614,55,24616,33,24618,54,24619,634920,24619,0,24619,1,24418,95,24620,0,24621,0,24418,0,24621,0,24621,0,24623,44,24632,15,24632,1100000,24633,1100000,24633,1100000,24634,1100000,24634,0,24635,0,24635,0,24635,0,24619,0,,
24713,1366096,24711,44,24715,50,24717,54,24719,33,24719,736670,24719,0,24719,1,24522,95,24720,0,24720,0,24522,0,24721,0,24721,0,24723,41,24736,16,24737,900000,24737,900000,24738,900000,24738,900000,24738,0,24739,0,24739,0,24739,0,24719,0,,
24813,1366344,24812,33,24815,40,24817,50,24819,40,24820,484110,24820,0,24820,1,24620,95,24821,0,24821,0,24620,0,24822,0,24822,0,24823,40,24832,12,24832,1100000,24833,1100000,24833,1100000,24833,1100000,24834,0,24834,0,24834,0,24834,0,24820,0,,
24913,1366716,24912,40,24916,60,24918,40,24920,40,24921,732599,24921,0,24920,1,24720,95,24921,0,24922,0,24720,0,24922,0,24922,0,24924,46,24933,16,24933,1100000,24934,1100000,24934,1100000,24934,1100000,24935,0,24935,0,24935,0,24936,0,24920,0,,
25015,1367352,25013,37,25020,33,25022,72,25025,54,25028,797719,25026,0,25026,1,24821,95,25032,0,25033,0,24821,0,25033,0,25033,0,25036,52,25064,17,25064,1100000,25066,1100000,25066,1100000,25066,1100000,25067,0,25067,0,25067,0,25067,0,25025,0,,
25115,1362392,25113,66,25117,55,25119,66,25121,14,25122,818070,25122,0,25122,1,24921,95,25123,0,25123,0,24921,0,25123,0,25123,0,25125,53,25134,17,25135,1100000,25135,1100000,25135,1100000,25136,1100000,25136,0,25136,0,25137,0,25137,0,25121,0,,
25216,1362516,25214,55,25218,30,25220,45,25221,40,25222,691900,25222,0,25222,1,25032,95,25223,0,25223,0,25032,0,25224,0,25224,0,25225,42,25233,16,25234,1100000,25234,1100000,25235,1100000,25235,1100000,25235,0,25236,0,25236,0,25236,0,25222,0,,
25318,1362764,25316,25,25321,33,25323,55,25325,45,25327,643060,25327,0,25326,1,25123,95,25328,0,25329,0,25123,0,25331,0,25331,0,25333,42,25341,12,25342,900000,25342,900000,25342,900000,25343,900000,25343,0,25344,0,25345,0,25346,0,25326,0,,
25416,1363012,25415,45,25418,40,25420,42,25422,50,25423,525690,25423,0,25423,1,25223,95,25423,0,25424,0,25223,0,25424,0,25425,0,25426,41,25434,13,25434,1100000,25434,1100000,25435,1100000,25435,1100000,25436,0,25436,0,25436,0,25436,0,25422,0,,
25517,1363136,25515,25,25519,30,25521,45,25523,40,25524,569800,25524,0,25523,1,25328,95,25524,0,25525,0,25329,0,25525,0,25525,0,25527,33,25535,12,25536,1100000,25536,1100000,25536,1100000,25537,1100000,25537,0,25537,0,25537,0,25538,0,25523,0,,
25619,1363508,25617,45,25622,36,25624,30,25626,37,25628,602360,25627,0,25627,1,25424,95,25629,0,25630,0,25424,0,25631,0,25632,0,25635,45,25643,14,25644,1100000,25644,1100000,25645,1100000,25646,1100000,25646,0,25647,0,25648,0,25648,0,25626,0,,
25720,1363880,25719,70,25722,45,25724,50,25726,33,25727,805859,25727,0,25726,1,25524,95,25730,0,25731,0,25524,0,25732,0,25732,0,25734,47,25739,17,25740,1100000,25741,1100000,25741,1100000,25741,1100000,25742,0,25742,0,25742,0,25742,0,25726,0,,
25820,1364484,25819,36,25822,50,25824,50,25826,55,25827,777370,25826,0,25826,1,25629,95,25827,0,25828,0,25629,0,25829,0,25829,0,25831,43,25838,17,25838,1100000,25838,1100000,25839,1100000,25839,1100000,25839,0,25840,0,25840,0,25840,0,25826,0,,
25921,1364732,25919,50,25923,40,25924,33,25926,50,25927,704110,25927,0,25927,1,25730,95,25928,0,25929,0,25731,0,25930,0,25930,0,25932,48,25938,13,25939,1100000,25939,1100000,25939,1100000,25940,1100000,25940,0,25940,0,25941,0,25941,0,25927,0,,
26021,1365104,26020,40,26023,30,26025,45,26027,63,26028,724460,26028,0,26027,1,25827,95,26029,0,26030,0,25827,0,26031,0,26031,0,26033,44,26039,16,26039,1100000,26040,1100000,26040,1100000,26041,1100000,26041,0,26041,0,26042,0,26042,0,26027,0,,
26123,1365228,26121,22,26125,40,26127,0,26131,50,26133,455840,26133,0,26132,1,25928,95,26134,0,26135,0,25928,0,26135,0,26136,0,26137,29,26149,9,26150,1100000,26150,1100000,26150,1100000,26151,1100000,26151,0,26151,0,26152,0,26152,0,26131,0,,
26222,1365832,26221,50,26224,33,26226,40,26228,44,26230,679690,26229,0,26228,1,26029,95,26231,0,26232,0,26029,0,26233,0,26233,0,26235,44,26242,16,26242,1100000,26243,1100000,26243,1100000,26243,1100000,26244,0,26244,0,26245,0,26245,0,26228,0,,
26323,1366236,26322,44,26325,22,26326,40,26328,45,26332,614570,26331,0,26331,1,26134,95,26332,0,26333,0,26134,0,26334,0,26334,0,26336,36,26342,13,26343,900000,26343,900000,26344,900000,26344,900000,26344,0,26345,0,26346,0,26347,0,26328,0,,
26424,1366716,26423,44,26426,30,26429,55,26432,40,26433,501930,26433,0,26432,1,26231,95,26434,0,26435,0,26231,0,26435,0,26435,0,26437,43,26444,13,26444,1100000,26444,1100000,26445,1100000,26446,1100000,26446,0,26447,0,26448,0,26449,0,26432,0,,
26530,1362376,26523,60,26533,54,26535,55,26537,40,26538,850630,26538,0,26537,1,26332,95,26539,0,26540,0,26333,0,26541,0,26542,0,26543,53,26551,21,26551,1300000,26552,1300000,26552,1300000,26552,1300000,26553,0,26553,0,26553,0,26553,0,26537,0,,
26624,1362376,26623,50,26625,12,26627,25,26629,25,26630,596960,26630,0,26629,1,26434,95,26631,0,26632,0,26434,0,26633,0,26633,0,26634,24,26639,10,26639,1300000,26640,1300000,26640,1300000,26640,1300000,26641,0,26641,0,26641,0,26642,0,26629,0,,
26725,1362624,26724,50,26726,36,26728,12,26733,36,26734,714220,26734,0,26733,1,26539,95,26734,0,26735,0,26539,0,26736,0,26737,0,26738,36,26747,15,26747,1100000,26748,1100000,26749,1100000,26750,1100000,26751,0,26751,0,26751,0,26752,0,26733,0,,
26825,1362764,26824,70,26826,30,26828,45,26832,22,26833,679689,26833,0,26832,1,26631,95,26833,0,26834,0,26631,0,26834,0,26834,0,26835,41,26840,16,26841,1300000,26841,1300000,26842,1300000,26842,1300000,26842,0,26842,0,26843,0,26843,0,26832,0,,
26926,1363136,26925,50,26929,22,26932,40,26935,50,26937,863460,26936,0,26936,1,26735,95,26937,0,26938,0,26735,0,26938,0,26938,0,26941,39,26948,15,26949,1100000,26950,1100000,26951,1100000,26951,1100000,26951,0,26952,0,26952,0,26952,0,26936,0,,
27026,1363508,27025,50,27028,45,27030,25,27032,44,27034,667480,27033,0,27033,1,26833,95,27034,0,27035,0,26833,0,27035,0,27035,0,27037,44,27045,14,27045,1100000,27046,1100000,27047,1100000,27047,1100000,27048,0,27049,0,27049,0,27050,0,27033,0,,
27126,1363880,27125,50,27128,54,27130,44,27132,20,27134,683760,27133,0,27133,1,26937,95,27134,0,27135,0,26937,0,27136,0,27136,0,27137,41,27144,14,27144,900000,27145,900000,27145,900000,27146,900000,27146,0,27147,0,27148,0,27149,0,27133,0,,
27178,1363880,27177,50,27182,60,27186,25,27189,50,27191,549450,27190,0,27190,1,27034,95,27191,0,27192,0,27034,0,27193,0,27193,0,27195,42,27210,9,27211,900000,27212,900000,27214,900000,27215,900000,27217,0,27218,0,27218,0,27219,0,27189,0,,
27277,1364360,27276,44,27279,55,27282,44,27285,50,27286,573210,27285,0,27285,1,27135,95,27286,0,27287,0,27135,0,27287,0,27287,0,27289,51,27294,17,27295,1100000,27295,1100000,27296,1100000,27296,1100000,27296,0,27297,0,27297,0,27298,0,27285,0,,
27378,1364856,27377,44,27380,37,27382,33,27385,40,27386,626780,27386,0,27385,1,27192,95,27386,0,27386,0,27192,0,27387,0,27387,0,27388,38,27393,13,27394,1100000,27394,1100000,27395,1100000,27395,1100000,27395,0,27395,0,27396,0,27396,0,27385,0,,
27480,1365120,27478,30,27483,50,27486,40,27488,22,27490,577940,27489,0,27489,1,27286,95,27490,0,27490,0,27286,0,27491,0,27491,0,27493,36,27503,12,27503,900000,27504,900000,27505,900000,27506,900000,27507,0,27507,0,27508,0,27509,0,27489,0,,
27579,1365600,27578,44,27581,50,27583,37,27585,40,27586,507870,27586,0,27586,1,27386,95,27587,0,27587,0,27386,0,27587,0,27588,0,27589,40,27597,14,27597,1100000,27598,1100000,27599,1100000,27599,1100000,27600,0,27601,0,27601,0,27601,0,27586,0,,
27679,1365972,27678,28,27681,36,27683,60,27685,45,27686,687830,27686,0,27685,1,27490,95,27686,0,27686,0,27490,0,27687,0,27687,0,27688,45,27693,17,27694,1200000,27694,1200000,27694,1200000,27694,1200000,27695,0,27695,0,27695,0,27696,0,27685,0,,
27789,1366220,27783,25,27794,41,27798,40,27803,50,27804,730080,27804,0,27803,1,27587,95,27805,0,27806,0,27587,0,27807,0,27807,0,27810,40,27825,11,27826,1100000,27826,1100000,27827,1100000,27827,1100000,27828,0,27828,0,27829,0,27829,0,27803,0,,
27880,1366840,27879,33,27883,60,27886,50,27888,62,27889,834350,27889,0,27888,1,27686,95,27889,0,27890,0,27686,0,27891,0,27891,0,27893,51,27902,18,27903,1100000,27904,1100000,27904,1100000,27905,1100000,27906,0,27907,0,27907,0,27907,0,27888,0,,
27980,1362004,27979,77,27982,40,27984,61,27986,54,27987,944240,27987,0,27986,1,27805,95,27987,0,27987,0,27805,0,27987,0,27988,0,27989,57,27993,24,27994,1500000,27994,1500000,27994,1500000,27994,1500000,27994,0,27995,0,27995,0,27995,0,27986,0,,
28083,1362128,28081,50,28086,14,28088,11,28091,50,28093,843750,28093,0,28092,1,27890,95,28094,0,28096,0,27890,0,28096,0,28097,0,28101,37,28112,12,28113,900000,28114,900000,28114,900000,28116,900000,28116,0,28117,0,28118,0,28118,0,28092,0,,
28182,1362764,28181,54,28183,58,28185,54,28187,54,28188,653400,28188,0,28188,1,27987,95,28188,0,28189,0,27987,0,28189,0,28189,0,28191,51,28197,15,28198,1100000,28198,1100000,28199,1100000,28199,1100000,28200,0,28200,0,28201,0,28201,0,28187,0,,
28282,1363012,28281,22,28284,11,28286,30,28287,33,28288,390719,28288,0,28288,1,28094,95,28289,0,28289,0,28095,0,28289,0,28289,0,28291,24,28297,8,28297,1100000,28298,1100000,28298,1100000,28298,1100000,28299,0,28299,0,28299,0,28300,0,28288,0,,
28385,1363136,28383,30,28389,18,28393,0,28397,30,28399,317460,28399,0,28398,1,28189,95,28400,0,28402,0,28189,0,28402,0,28402,0,28404,23,28417,6,28418,900000,28422,900000,28423,900000,28424,900000,28424,0,28424,0,28425,0,28426,0,28398,0,,
28483,1363632,28482,12,28485,14,28487,25,28489,50,28489,299970,28489,0,28489,1,28289,95,28490,0,28490,0,28289,0,28491,0,28491,0,28492,25,28500,7,28500,1100000,28501,1100000,28501,1100000,28502,1100000,28502,0,28503,0,28503,0,28504,0,28489,0,,
28587,1362980,28586,20,28589,36,28591,11,28593,50,28594,476190,28594,0,28593,1,28401,95,28594,0,28594,0,28401,0,28595,0,28595,0,28597,28,28607,10,28607,1100000,28608,1100000,28608,1100000,28609,1100000,28609,0,28609,0,28610,0,28610,0,28593,0,,
28688,1363740,28685,33,28692,25,28696,50,28701,40,28703,602360,28703,0,28702,1,28490,95,28704,0,28706,0,28490,0,28707,0,28707,0,28711,45,28723,12,28724,900000,28724,900000,28725,900000,28726,900000,28726,0,28727,0,28727,0,28728,0,28702,0,,
28785,1363972,28784,55,28787,33,28789,55,28791,55,28792,588060,28792,0,28792,1,28594,95,28793,0,28793,0,28594,0,28793,0,28794,0,28795,41,28805,14,28805,1100000,28806,1100000,28806,1100000,28807,1100000,28807,0,28808,0,28808,0,28808,0,28792,0,,
28886,1364252,28885,14,28889,44,28891,33,28893,33,28894,504680,28894,0,28893,1,28705,95,28894,0,28895,0,28705,0,28895,0,28895,0,28897,34,28907,12,28907,1100000,28908,1100000,28908,1100000,28908,1100000,28908,0,28909,0,28909,0,28909,0,28893,0,,
28988,1364624,28986,44,28991,22,28993,22,28995,37,28997,508750,28996,0,28996,1,28793,95,28997,0,28997,0,28793,0,28998,0,28998,0,29001,28,29010,12,29011,900000,29011,900000,29012,900000,29012,900000,29013,0,29013,0,29013,0,29013,0,28996,0,,
29087,1365244,29086,50,29089,33,29091,40,29093,42,29094,490050,29094,0,29093,1,28894,95,29094,0,29094,0,28894,0,29095,0,29095,0,29096,41,29106,11,29106,1100000,29107,1100000,29107,1100000,29107,1100000,29108,0,29108,0,29108,0,29109,0,29093,0,,
29187,1365972,29186,25,29189,45,29191,25,29193,25,29194,488400,29194,0,29194,1,28997,95,29195,0,29195,0,28997,0,29195,0,29196,0,29197,37,29207,12,29207,1100000,29208,1100000,29208,1100000,29208,1100000,29208,0,29209,0,29209,0,29209,0,29194,0,,
29289,1366716,29288,37,29292,30,29294,40,29296,22,29297,525030,29297,0,29297,1,29094,95,29298,0,29298,0,29094,0,29301,0,29302,0,29304,35,29312,12,29313,900000,29313,900000,29314,900000,29314,900000,29314,0,29315,0,29315,0,29318,0,29296,0,,
29388,1367212,29387,40,29390,42,29392,33,29394,33,29395,439560,29395,0,29394,1,29195,95,29395,0,29396,0,29195,0,29396,0,29396,0,29398,31,29406,10,29407,1100000,29407,1100000,29407,1100000,29407,1100000,29408,0,29408,0,29408,0,29408,0,29394,0,,
29489,1364112,29487,60,29491,44,29493,40,29495,30,29496,708180,29496,0,29495,1,29298,95,29496,0,29497,0,29298,0,29497,0,29497,0,29499,43,29507,15,29508,1100000,29508,1100000,29509,1100000,29509,1100000,29510,0,29510,0,29511,0,29511,0,29495,0,,
29591,1364112,29589,33,29595,0,29599,40,29604,22,29606,386650,29606,0,29604,1,29395,95,29607,0,29608,0,29395,0,29609,0,29609,0,29612,25,29621,6,29622,900000,29622,900000,29623,900000,29624,900000,29625,0,29626,0,29626,0,29626,0,29604,0,,
29689,1364112,29688,25,29691,0,29693,44,29695,33,29696,302940,29696,0,29695,1,29497,95,29696,0,29697,0,29497,0,29697,0,29697,0,29699,24,29705,8,29706,1100000,29706,1100000,29706,1100000,29707,1100000,29707,0,29707,0,29707,0,29708,0,29695,0,,
29790,1364252,29789,22,29792,14,29794,36,29796,55,29796,516890,29796,0,29796,1,29607,95,29797,0,29797,0,29607,0,29798,0,29798,0,29799,32,29808,13,29808,1100000,29809,1100000,29809,1100000,29809,1100000,29810,0,29810,0,29811,0,29811,0,29796,0,,
29894,1364376,29892,50,29897,20,29901,36,29906,33,29908,565730,29908,0,29907,1,29696,95,29909,0,29910,0,29696,0,29911,0,29911,0,29913,43,29924,11,29925,900000,29926,900000,29926,900000,29927,900000,29927,0,29928,0,29928,0,29929,0,29906,0,,
29991,1364732,29990,44,29993,44,29995,66,29997,60,29998,635579,29998,0,29997,1,29797,95,29998,0,29999,0,29797,0,29999,0,30000,0,30002,50,30009,16,30010,1100000,30010,1100000,30010,1100000,30011,1100000,30011,0,30011,0,30012,0,30012,0,29997,0,,
30092,1364856,30091,36,30094,30,30096,44,30098,55,30098,671550,30098,0,30098,1,29909,95,30099,0,30099,0,29909,0,30101,0,30101,0,30103,41,30109,16,30110,1100000,30110,1100000,30111,1100000,30111,1100000,30111,0,30112,0,30112,0,30112,0,30098,0,,
30193,1365228,30192,45,30195,36,30198,36,30200,30,30202,598290,30202,0,30201,1,29998,95,30203,0,30205,0,29999,0,30206,0,30206,0,30208,38,30217,12,30217,900000,30218,900000,30219,900000,30221,900000,30222,0,30222,0,30223,0,30224,0,30201,0,,
30294,1365616,30293,63,30296,50,30298,54,30299,28,30301,579150,30300,0,30300,1,30099,95,30301,0,30303,0,30099,0,30304,0,30304,0,30305,48,30312,15,30313,1100000,30313,1100000,30314,1100000,30314,1100000,30314,0,30315,0,30315,0,30315,0,30300,0,,
30393,1366112,30392,60,30395,22,30397,33,30399,30,30400,590150,30400,0,30399,1,30204,95,30401,0,30402,0,30204,0,30403,0,30403,0,30406,39,30413,14,30413,1100000,30413,1100000,30414,1100000,30414,1100000,30414,0,30415,0,30415,0,30415,0,30399,0,,
30494,1366484,30493,55,30496,36,30498,22,30499,41,30502,626780,30501,0,30500,1,30302,95,30502,0,30504,0,30302,0,30504,0,30504,0,30506,36,30512,14,30513,1100000,30513,1100000,30514,1100000,30514,1100000,30514,0,30514,0,30515,0,30515,0,30500,0,,
30594,1366964,30593,25,30597,22,30598,33,30600,40,30602,488400,30601,0,30601,1,30401,95,30602,0,30603,0,30401,0,30604,0,30604,0,30606,31,30612,11,30613,1100000,30613,1100000,30614,1100000,30614,1100000,30614,0,30614,0,30615,0,30615,0,30601,0,,
30695,1367212,30694,40,30697,25,30699,33,30701,44,30703,577940,30703,0,30702,1,30503,95,30703,0,30704,0,30503,0,30705,0,30705,0,30707,34,30713,12,30714,1100000,30714,1100000,30714,1100000,30715,1100000,30715,0,30716,0,30716,0,30716,0,30702,0,,
30795,1367600,30794,33,30797,20,30799,30,30801,50,30803,541310,30802,0,30801,1,30602,95,30803,0,30804,0,30602,0,30805,0,30805,0,30807,31,30812,12,30813,1200000,30813,1200000,30813,1200000,30813,1200000,30814,0,30814,0,30814,0,30814,0,30801,0,,
30897,1362484,30895,70,30899,44,30902,33,30906,45,30907,898560,30907,0,30906,1,30704,95,30907,0,30908,0,30704,0,30908,0,30908,0,30910,48,30916,18,30917,1000000,30919,1100000,30919,1100000,30921,1100000,30921,0,30922,0,30923,0,30923,0,30906,0,,
30996,1362856,30995,40,30998,50,31000,46,31003,50,31004,734220,31004,0,31003,1,30804,95,31005,0,31005,0,30804,0,31006,0,31006,0,31008,48,31015,17,31016,1100000,31017,1100000,31017,1100000,31018,1100000,31018,0,31019,0,31019,0,31020,0,31003,0,,
31097,1363228,31096,45,31099,44,31100,50,31105,33,31106,700040,31106,0,31106,1,30907,95,31107,0,31107,0,30907,0,31108,0,31108,0,31109,41,31116,14,31116,900000,31117,900000,31117,900000,31118,900000,31119,0,31120,0,31121,0,31122,0,31106,0,,
31198,1363476,31197,40,31200,50,31203,28,31206,25,31208,424710,31207,0,31207,1,31005,95,31208,0,31209,0,31005,0,31209,0,31209,0,31211,35,31218,10,31219,900000,31220,900000,31221,900000,31222,900000,31223,0,31223,0,31224,0,31224,0,31207,0,,
31298,1363988,31297,40,31301,60,31303,33,31306,50,31307,543510,31307,0,31306,1,31107,95,31307,0,31308,0,31107,0,31309,0,31309,0,31311,47,31318,17,31319,1100000,31320,1100000,31320,1100000,31321,1100000,31322,0,31322,0,31323,0,31323,0,31306,0,,
31401,1364376,31399,22,31406,30,31408,40,31410,44,31411,553520,31410,0,31410,1,31208,95,31411,0,31411,0,31208,0,31412,0,31412,0,31413,35,31420,11,31421,1100000,31422,1100000,31422,1100000,31423,1100000,31423,0,31423,0,31424,0,31424,0,31410,0,,
31501,1364608,31500,28,31503,33,31506,33,31508,60,31509,626780,31509,0,31509,1,31308,95,31510,0,31510,0,31308,0,31511,0,31511,0,31512,38,31519,12,31519,1100000,31520,1100000,31521,1100000,31521,1100000,31522,0,31522,0,31523,0,31524,0,31509,0,,
31602,1364996,31601,12,31606,50,31609,12,31611,60,31612,545380,31612,0,31612,1,31411,95,31613,0,31613,0,31411,0,31613,0,31614,0,31615,35,31623,12,31624,1100000,31625,1100000,31625,1100000,31626,1100000,31626,0,31626,0,31627,0,31627,0,31611,0,,
31709,1364996,31707,55,31713,0,31716,41,31720,33,31722,525030,31722,0,31720,1,31510,95,31723,0,31724,0,31510,0,31725,0,31725,0,31728,41,31737,12,31737,900000,31738,900000,31739,900000,31740,900000,31742,0,31743,0,31744,0,31745,0,31720,0,,
31804,1365460,31803,72,31808,33,31811,37,31813,37,31814,531630,31814,0,31814,1,31613,95,31815,0,31815,0,31613,0,31815,0,31815,0,31817,44,31825,14,31826,1100000,31826,1100000,31827,1100000,31828,1100000,31828,0,31829,0,31829,0,31829,0,31814,0,,
31903,1365832,31902,28,31905,40,31907,37,31909,33,31911,561660,31911,0,31910,1,31723,95,31911,0,31912,0,31723,0,31912,0,31912,0,31914,33,31922,11,31923,1100000,31924,1100000,31924,1100000,31925,1100000,31925,0,31925,0,31925,0,31926,0,31910,0,,
32005,1366344,32004,40,32008,44,32012,25,32016,12,32018,492469,32018,0,32017,1,31815,95,32019,0,32020,0,31815,0,32021,0,32022,0,32024,34,32034,11,32034,900000,32035,900000,32035,900000,32035,900000,32036,0,32036,0,32037,0,32038,0,32016,0,,
32106,1366716,32104,42,32109,63,32111,25,32115,44,32117,516780,32116,0,32115,1,31911,95,32117,0,32118,0,31911,0,32119,0,32119,0,32122,38,32131,12,32132,900000,32132,900000,32132,900000,32133,900000,32133,0,32134,0,32134,0,32134,0,32115,0,,
32206,1366964,32204,44,32208,55,32210,33,32212,40,32213,510840,32213,0,32212,1,32019,95,32213,0,32214,0,32019,0,32214,0,32214,0,32216,44,32224,12,32224,1100000,32225,1100000,32225,1100000,32226,1100000,32226,0,32226,0,32227,0,32227,0,32212,0,,
32305,1367568,32304,25,32308,50,32310,33,32312,22,32313,529100,32312,0,32312,1,32117,95,32313,0,32313,0,32118,0,32314,0,32314,0,32315,33,32323,12,32324,1100000,32324,1100000,32325,1100000,32325,1100000,32326,0,32326,0,32327,0,32327,0,32312,0,,
32406,1363368,32405,55,32409,55,32411,50,32413,40,32414,814000,32414,0,32414,1,32213,95,32415,0,32415,0,32213,0,32416,0,32416,0,32417,47,32428,16,32429,900000,32429,900000,32430,900000,32430,900000,32431,0,32431,0,32432,0,32432,0,32414,0,,
32506,1363740,32505,33,32508,36,32510,63,32512,50,32513,540540,32513,0,32512,1,32313,95,32513,0,32514,0,32313,0,32514,0,32514,0,32516,45,32522,14,32523,1100000,32523,1100000,32524,1100000,32524,1100000,32524,0,32524,0,32525,0,32525,0,32512,0,,
32607,1363988,32606,22,32608,0,32610,22,32612,45,32613,362230,32613,0,32612,1,32415,95,32613,0,32614,0,32415,0,32614,0,32614,0,32616,24,32621,8,32622,1100000,32622,1100000,32623,1100000,32623,1100000,32623,0,32624,0,32624,0,32624,0,32612,0,,
32710,1364360,32708,10,32714,18,32718,10,32723,33,32725,288970,32724,0,32723,1,32513,95,32726,0,32727,0,32513,0,32728,0,32728,0,32731,16,32740,5,32741,900000,32741,900000,32741,900000,32742,900000,32742,0,32743,0,32743,0,32743,0,32723,0,,
32809,1362624,32808,30,32811,25,32813,12,32816,42,32817,323730,32816,0,32816,1,32613,95,32817,0,32817,0,32613,0,32818,0,32818,0,32819,35,32829,13,32830,1100000,32831,1100000,32831,1100000,32831,1100000,32832,0,32832,0,32832,0,32833,0,32816,0,,
32908,1362484,32907,50,32909,100,32910,50,32912,37,32913,964590,32913,0,32912,1,32726,95,32913,0,32914,0,32726,0,32914,0,32914,0,32915,60,32919,24,32920,1500000,32920,1500000,32921,1500000,32921,1500000,32921,0,32922,0,32922,0,32922,0,32912,0,,
33008,1362716,33007,30,33009,100,33011,11,33013,11,33013,1026000,33013,0,33013,1,32817,95,33014,0,33014,0,32817,0,33014,0,33014,0,33016,39,33020,19,33021,1500000,33021,1500000,33021,1500000,33022,1500000,33022,0,33022,0,33022,0,33022,0,33013,0,,
33108,1363088,33107,30,33110,100,33111,18,33113,30,33114,1201500,33114,0,33114,1,32913,95,33115,0,33115,0,32913,0,33115,0,33116,0,33117,45,33122,22,33122,1500000,33123,1500000,33123,1500000,33123,1500000,33123,0,33124,0,33124,0,33125,0,33113,0,,
33209,1363336,33208,40,33210,100,33212,22,33213,46,33214,1404000,33214,0,33214,1,33014,95,33214,0,33215,0,33014,0,33215,0,33215,0,33216,52,33221,26,33221,1500000,33222,1500000,33222,1500000,33222,1500000,33222,0,33223,0,33223,0,33223,0,33214,0,,
33309,1363584,33308,36,33311,100,33312,20,33314,30,33315,1255500,33314,0,33314,1,33115,95,33315,0,33315,0,33115,0,33316,0,33316,0,33317,43,33321,22,33322,1500000,33322,1500000,33322,1500000,33323,1500000,33323,0,33323,0,33323,0,33323,0,33314,0,,
33409,1363708,33409,11,33411,100,33413,20,33414,20,33415,1019250,33415,0,33414,1,33214,95,33415,0,33416,0,33214,0,33416,0,33416,0,33417,41,33422,20,33422,1500000,33423,1500000,33423,1500000,33423,1500000,33423,0,33424,0,33424,0,33424,0,33414,0,,
33510,1363968,33509,40,33512,100,33514,20,33516,0,33516,1080000,33516,0,33516,1,33315,95,33517,0,33517,0,33315,0,33517,0,33517,0,33518,39,33524,19,33525,1500000,33525,1500000,33525,1500000,33525,1500000,33526,0,33526,0,33526,0,33526,0,33516,0,,
33610,1364340,33609,40,33612,90,33613,27,33615,27,33616,1242000,33616,0,33615,1,33416,95,33616,0,33617,0,33416,0,33617,0,33617,0,33618,46,33625,23,33625,1100000,33625,1100000,33626,1100000,33626,1100000,33626,0,33627,0,33627,0,33627,0,33615,0,,
33712,1364852,33711,25,33715,20,33717,40,33719,54,33721,565730,33720,0,33720,1,33517,95,33721,0,33723,0,33517,0,33724,0,33724,0,33728,35,33738,11,33739,900000,33740,900000,33741,900000,33742,900000,33743,0,33744,0,33744,0,33745,0,33719,0,,
33816,1361736,33812,55,33819,37,33821,28,33830,90,33831,623700,33831,0,33831,1,33617,95,33832,0,33832,0,33617,0,33832,0,33833,0,33834,57,33840,18,33841,1200000,33842,1200000,33842,1200000,33843,1200000,33843,0,33843,0,33844,0,33844,0,33831,0,,
33913,1360248,33912,40,33914,50,33916,45,33918,33,33919,786240,33919,0,33918,1,33722,95,33919,0,33919,0,33722,0,33920,0,33920,0,33921,38,33929,15,33929,1200000,33929,1200000,33930,1200000,33930,1200000,33931,0,33931,0,33931,0,33932,0,33918,0,,
34013,1360372,34012,50,34015,25,34017,50,34019,45,34019,795600,34019,0,34019,1,33832,95,34020,0,34021,0,33832,0,34021,0,34021,0,34023,45,34030,14,34031,1100000,34031,1100000,34031,1100000,34032,1100000,34032,0,34032,0,34033,0,34033,0,34019,0,,
34114,1360620,34113,44,34115,22,34117,37,34119,50,34119,622710,34119,0,34119,1,33919,95,34120,0,34120,0,33919,0,34121,0,34121,0,34123,40,34130,14,34131,1100000,34131,1100000,34132,1100000,34132,1100000,34132,0,34133,0,34133,0,34133,0,34119,0,,
34216,1360760,34215,45,34218,44,34220,41,34224,22,34226,618640,34225,0,34225,1,34020,95,34227,0,34228,0,34020,0,34229,0,34229,0,34231,38,34241,12,34242,900000,34243,900000,34244,900000,34245,900000,34245,0,34246,0,34246,0,34247,0,34224,0,,
34315,1360884,34314,44,34317,55,34319,50,34322,25,34325,516780,34325,0,34323,1,34120,95,34326,0,34328,0,34120,0,34328,0,34329,0,34331,42,34340,12,34341,900000,34342,900000,34343,900000,34344,900000,34344,0,34345,0,34346,0,34346,0,34322,0,,
34416,1361132,34415,30,34418,50,34420,50,34423,25,34425,460350,34425,0,34424,1,34227,95,34426,0,34427,0,34227,0,34428,0,34428,0,34430,40,34438,11,34438,900000,34439,900000,34440,900000,34443,900000,34444,0,34445,0,34446,0,34446,0,34424,0,,
34516,1360140,34515,33,34518,25,34519,60,34521,33,34523,448469,34522,0,34522,1,34327,95,34524,0,34525,0,34327,0,34526,0,34527,0,34529,40,34537,13,34538,1100000,34538,1100000,34538,1100000,34539,1100000,34540,0,34540,0,34541,0,34542,0,34522,0,,
34616,1360636,34615,37,34618,33,34620,57,34622,40,34623,679690,34623,0,34622,1,34426,95,34624,0,34625,0,34426,0,34626,0,34626,0,34628,40,34635,15,34636,1100000,34636,1100000,34636,1100000,34637,1100000,34637,0,34637,0,34638,0,34638,0,34622,0,,
34717,1361132,34716,40,34720,20,34722,63,34726,33,34728,634920,34727,0,34726,1,34524,95,34728,0,34729,0,34524,0,34730,0,34730,0,34732,42,34741,13,34742,900000,34743,900000,34744,900000,34745,900000,34746,0,34746,0,34746,0,34747,0,34726,0,,
34818,1361860,34817,37,34821,22,34824,44,34827,36,34828,412830,34828,0,34827,1,34624,95,34828,0,34829,0,34625,0,34829,0,34829,0,34831,35,34837,12,34837,1100000,34838,1100000,34838,1100000,34838,1100000,34839,0,34840,0,34840,0,34841,0,34827,0,,
34918,1362108,34917,40,34919,40,34921,25,34926,37,34927,577940,34927,0,34926,1,34729,95,34928,0,34929,0,34729,0,34929,0,34929,0,34931,35,34939,13,34940,1100000,34941,1100000,34941,1100000,34942,1100000,34943,0,34943,0,34944,0,34944,0,34926,0,,
35018,1362356,35017,50,35020,33,35022,50,35028,44,35029,720390,35029,0,35028,1,34828,95,35030,0,35031,0,34828,0,35032,0,35032,0,35034,44,35043,14,35044,900000,35045,900000,35046,900000,35047,900000,35047,0,35048,0,35048,0,35049,0,35028,0,,
35119,1362976,35118,36,35122,33,35126,30,35129,55,35131,457380,35131,0,35130,1,34928,95,35131,0,35132,0,34928,0,35133,0,35133,0,35135,37,35146,12,35147,900000,35148,900000,35148,900000,35148,900000,35149,0,35149,0,35149,0,35150,0,35129,0,,
35219,1363472,35218,50,35222,33,35226,33,35228,70,35229,552420,35229,0,35229,1,35030,95,35230,0,35231,0,35030,0,35231,0,35231,0,35233,46,35241,14,35242,1000000,35243,1000000,35243,1000000,35244,1000000,35245,0,35246,0,35246,0,35247,0,35229,0,,
35319,1360108,35318,40,35321,36,35322,44,35324,70,35326,665000,35325,0,35325,1,35132,95,35326,0,35327,0,35132,0,35327,0,35327,0,35329,47,35334,17,35334,1300000,35334,1300000,35335,1300000,35335,1300000,35335,0,35336,0,35336,0,35336,0,35324,0,,
35420,1360248,35419,44,35422,30,35428,33,35430,45,35432,810160,35432,0,35431,1,35230,95,35432,0,35433,0,35230,0,35433,0,35434,0,35435,41,35443,16,35444,1100000,35445,1100000,35445,1100000,35446,1100000,35447,0,35447,0,35448,0,35448,0,35431,0,,
35521,1360372,35520,54,35523,30,35524,33,35526,33,35527,610500,35527,0,35527,1,35326,95,35528,0,35528,0,35326,0,35528,0,35528,0,35530,35,35536,14,35536,1100000,35537,1100000,35537,1100000,35537,1100000,35538,0,35538,0,35538,0,35538,0,35527,0,,
35622,1360760,35621,50,35624,20,35627,40,35629,30,35630,569800,35630,0,35629,1,35432,95,35631,0,35631,0,35432,0,35632,0,35632,0,35634,36,35641,9,35641,900000,35642,900000,35642,900000,35643,900000,35643,0,35644,0,35644,0,35644,0,35629,0,,
35723,1361008,35722,58,35726,0,35728,0,35732,40,35733,291060,35733,0,35732,1,35528,95,35733,0,35734,0,35528,0,35735,0,35735,0,35737,27,35744,5,35745,900000,35745,900000,35746,900000,35746,900000,35747,0,35747,0,35747,0,35748,0,35732,0,,
35823,1361364,35821,33,35825,22,35827,22,35829,20,35830,288090,35829,0,35829,1,35631,95,35830,0,35831,0,35631,0,35831,0,35831,0,35833,23,35839,8,35840,1100000,35840,1100000,35841,1100000,35841,1100000,35842,0,35842,0,35843,0,35843,0,35829,0,,
35923,1361612,35922,50,35925,22,35927,50,35930,22,35931,586080,35931,0,35930,1,35734,95,35931,0,35932,0,35734,0,35932,0,35932,0,35934,39,35939,14,35940,1100000,35941,1100000,35942,1100000,35943,1100000,35943,0,35944,0,35945,0,35945,0,35930,0,,
36025,1361860,36023,50,36029,60,36032,54,36034,33,36036,801790,36035,0,36035,1,35830,95,36036,0,36037,0,35830,0,36037,0,36037,0,36039,48,36050,14,36051,900000,36051,900000,36052,900000,36052,900000,36053,0,36053,0,36053,0,36054,0,36035,0,,
36126,1362356,36124,58,36130,40,36133,60,36136,40,36137,588060,36136,0,36136,1,35931,95,36137,0,36138,0,35932,0,36138,0,36138,0,36140,47,36151,15,36151,900000,36152,900000,36152,900000,36153,900000,36153,0,36153,0,36154,0,36154,0,36136,0,,
36225,1362604,36224,50,36227,25,36229,33,36232,45,36233,454409,36233,0,36232,1,36036,95,36233,0,36234,0,36036,0,36234,0,36234,0,36236,44,36242,12,36243,1100000,36243,1100000,36244,1100000,36245,1100000,36245,0,36246,0,36246,0,36247,0,36232,0,,
36326,1362992,36324,45,36328,40,36330,44,36332,40,36333,687830,36333,0,36333,1,36137,95,36334,0,36334,0,36137,0,36334,0,36335,0,36336,38,36342,13,36343,1100000,36344,1100000,36344,1100000,36345,1100000,36346,0,36346,0,36347,0,36347,0,36333,0,,
36427,1363116,36426,25,36431,0,36433,33,36436,50,36437,439560,36437,0,36436,1,36233,95,36437,0,36438,0,36233,0,36438,0,36438,0,36440,28,36453,9,36454,900000,36455,900000,36455,900000,36455,900000,36456,0,36456,0,36457,0,36457,0,36436,0,,
36528,1363488,36526,37,36532,40,36534,0,36537,60,36538,406890,36538,0,36537,1,36334,95,36538,0,36539,0,36334,0,36539,0,36539,0,36541,37,36552,9,36553,900000,36553,900000,36554,900000,36554,900000,36554,0,36555,0,36555,0,36556,0,36537,0,,
36627,1363612,36626,40,36629,33,36632,37,36633,50,36634,475200,36634,0,36634,1,36438,95,36635,0,36635,0,36438,0,36636,0,36636,0,36637,40,36647,13,36647,1100000,36648,1100000,36649,1100000,36649,1100000,36650,0,36650,0,36651,0,36651,0,36634,0,,
36728,1363860,36726,33,36730,33,36732,45,36735,70,36736,736670,36736,0,36735,1,36538,95,36736,0,36737,0,36538,0,36737,0,36737,0,36738,50,36746,19,36746,1400000,36747,1400000,36747,1400000,36747,1400000,36747,0,36748,0,36748,0,36748,0,36735,0,,
36828,1361364,36827,33,36831,25,36834,33,36837,50,36839,848819,36839,0,36838,1,36635,95,36839,0,36840,0,36635,0,36841,0,36841,0,36844,37,36855,13,36856,900000,36856,900000,36857,900000,36857,900000,36857,0,36858,0,36858,0,36858,0,36838,0,,
36928,1361488,36927,40,36930,38,36933,30,36935,33,36936,418770,36936,0,36936,1,36736,95,36937,0,36937,0,36736,0,36937,0,36937,0,36939,34,36946,10,36946,1100000,36946,1100000,36947,1100000,36947,1100000,36947,0,36948,0,36948,0,36948,0,36936,0,,
37029,1361612,37027,25,37031,30,37033,27,37035,12,37036,382580,37036,0,37036,1,36839,95,37037,0,37037,0,36840,0,37038,0,37038,0,37039,25,37048,8,37049,1100000,37049,1100000,37050,1100000,37050,1100000,37051,0,37051,0,37051,0,37052,0,37035,0,,
37131,1361736,37129,44,37134,25,37137,30,37139,33,37140,537240,37140,0,37140,1,36937,95,37141,0,37142,0,36937,0,37143,0,37143,0,37146,33,37156,11,37156,900000,37157,900000,37157,900000,37158,900000,37158,0,37158,0,37159,0,37159,0,37139,0,,
37233,1361736,37230,62,37235,33,37238,44,37240,40,37241,531630,37241,0,37241,1,37037,95,37242,0,37243,0,37037,0,37244,0,37244,0,37247,44,37256,12,37256,900000,37257,900000,37257,900000,37258,900000,37258,0,37258,0,37259,0,37259,0,37240,0,,
37331,1361968,37329,55,37333,40,37335,25,37337,40,37339,475200,37338,0,37337,1,37141,95,37339,0,37340,0,37141,0,37341,0,37341,0,37342,40,37352,15,37353,1100000,37353,1100000,37354,1100000,37354,1100000,37355,0,37355,0,37356,0,37356,0,37337,0,,
37431,1362216,37430,50,37433,25,37435,25,37437,50,37438,610500,37438,0,37437,1,37242,95,37438,0,37439,0,37242,0,37439,0,37439,0,37440,36,37450,13,37450,1100000,37451,1100000,37451,1100000,37452,1100000,37452,0,37452,0,37452,0,37453,0,37437,0,,
37534,1362448,37533,40,37537,45,37539,30,37541,50,37543,671550,37542,0,37542,1,37339,95,37544,0,37545,0,37340,0,37546,0,37547,0,37549,42,37557,13,37558,900000,37558,900000,37559,900000,37559,900000,37560,0,37561,0,37562,0,37563,0,37541,0,,
37633,1362572,37631,57,37634,44,37636,33,37638,33,37639,495990,37639,0,37638,1,37438,95,37639,0,37640,0,37438,0,37640,0,37640,0,37642,41,37651,12,37652,1100000,37652,1100000,37653,1100000,37653,1100000,37653,0,37653,0,37654,0,37654,0,37638,0,,
37734,1362696,37733,63,37736,33,37737,22,37739,25,37740,582010,37740,0,37739,1,37544,95,37740,0,37741,0,37544,0,37742,0,37742,0,37746,37,37752,12,37753,1100000,37753,1100000,37754,1100000,37754,1100000,37754,0,37755,0,37755,0,37755,0,37739,0,,
37835,1362852,37834,54,37838,36,37840,33,37842,36,37844,647129,37844,0,37843,1,37639,95,37845,0,37847,0,37639,0,37848,0,37848,0,37851,38,37858,13,37859,900000,37859,900000,37860,900000,37861,900000,37862,0,37863,0,37864,0,37866,0,37843,0,,
37936,1363224,37934,55,37938,30,37940,33,37943,22,37944,415800,37944,0,37943,1,37740,95,37944,0,37945,0,37741,0,37945,0,37946,0,37947,36,37955,10,37955,900000,37956,900000,37956,900000,37957,900000,37957,0,37958,0,37958,0,37958,0,37943,0,,
38035,1363596,38034,60,38037,11,38039,11,38041,12,38042,279180,38042,0,38041,1,37845,95,38042,0,38043,0,37845,0,38043,0,38043,0,38045,25,38052,8,38052,1100000,38053,1100000,38053,1100000,38053,1100000,38054,0,38054,0,38054,0,38054,0,38041,0,,
38136,1363984,38135,30,38138,55,38140,40,38142,22,38143,598290,38142,0,38142,1,37945,95,38143,0,38146,0,37945,0,38146,0,38147,0,38148,35,38156,13,38157,1100000,38157,1100000,38158,1100000,38158,1100000,38158,0,38159,0,38159,0,38159,0,38142,0,,
38237,1360760,38236,70,38239,60,38242,58,38246,55,38248,989009,38247,0,38246,1,38042,95,38249,0,38250,0,38043,0,38252,0,38252,0,38254,61,38263,18,38264,900000,38264,900000,38265,900000,38266,900000,38267,0,38267,0,38268,0,38268,0,38246,0,,
38338,1361024,38337,40,38340,28,38342,40,38345,50,38346,469260,38346,0,38345,1,38143,95,38347,0,38348,0,38145,0,38349,0,38349,0,38352,38,38359,15,38359,900000,38360,900000,38361,900000,38361,900000,38362,0,38363,0,38364,0,38364,0,38345,0,,
38438,1361272,38437,37,38440,63,38442,50,38444,36,38445,552420,38445,0,38444,1,38249,95,38448,0,38449,0,38249,0,38449,0,38450,0,38452,51,38458,15,38459,1100000,38459,1100000,38459,1100000,38460,1100000,38460,0,38461,0,38461,0,38462,0,38444,0,,
38538,1361520,38537,50,38540,44,38542,40,38547,50,38548,748880,38548,0,38548,1,38347,95,38549,0,38549,0,38347,0,38550,0,38550,0,38552,42,38558,14,38559,1100000,38559,1100000,38559,1100000,38560,1100000,38560,0,38561,0,38561,0,38562,0,38548,0,,
38640,1361644,38639,66,38642,30,38645,36,38648,30,38650,659340,38650,0,38649,1,38448,95,38651,0,38653,0,38448,0,38653,0,38653,0,38656,45,38665,14,38666,900000,38666,900000,38667,900000,38668,900000,38669,0,38669,0,38670,0,38670,0,38649,0,,
38740,1362016,38739,72,38743,40,38746,50,38748,54,38749,641520,38749,0,38748,1,38549,95,38749,0,38751,0,38549,0,38751,0,38751,0,38753,54,38759,17,38759,1100000,38760,1100000,38760,1100000,38761,1100000,38762,0,38762,0,38763,0,38764,0,38748,0,,
38840,1362248,38839,63,38842,37,38844,33,38846,37,38848,691900,38848,0,38847,1,38652,95,38849,0,38849,0,38652,0,38850,0,38850,0,38852,44,38858,15,38858,1100000,38859,1100000,38859,1100000,38859,1100000,38860,0,38860,0,38860,0,38860,0,38847,0,,
38940,1362372,38939,36,38943,54,38945,33,38949,40,38951,663410,38950,0,38949,1,38750,95,38951,0,38952,0,38750,0,38953,0,38953,0,38955,37,38962,13,38963,900000,38964,900000,38965,900000,38965,900000,38966,0,38967,0,38968,0,38968,0,38949,0,,
39042,1362620,39040,25,39046,60,39049,33,39051,37,39052,460349,39052,0,39051,1,38849,95,39052,0,39053,0,38849,0,39054,0,39054,0,39055,38,39061,11,39061,1100000,39062,1100000,39063,1100000,39064,1100000,39065,0,39066,0,39066,0,39067,0,39051,0,,
39142,1362868,39141,25,39144,44,39146,25,39148,44,39149,561660,39149,0,39149,1,38952,95,39150,0,39151,0,38952,0,39151,0,39152,0,39153,37,39161,13,39162,1100000,39162,1100000,39163,1100000,39164,1100000,39164,0,39165,0,39166,0,39166,0,39149,0,,
39242,1363380,39241,22,39245,33,39248,44,39252,54,39253,622710,39253,0,39252,1,39053,95,39254,0,39255,0,39053,0,39255,0,39255,0,39257,39,39268,14,39269,900000,39269,900000,39270,900000,39271,900000,39271,0,39272,0,39272,0,39272,0,39252,0,,
39344,1363504,39343,50,39347,33,39350,33,39354,63,39356,531630,39355,0,39355,1,39150,95,39356,0,39356,0,39150,0,39357,0,39357,0,39359,48,39370,13,39371,900000,39371,900000,39372,900000,39372,900000,39372,0,39373,0,39373,0,39373,0,39354,0,,
39443,1363752,39442,37,39445,40,39448,25,39451,55,39452,466290,39451,0,39451,1,39254,95,39452,0,39452,0,39254,0,39453,0,39453,0,39455,36,39462,12,39463,1100000,39463,1100000,39464,1100000,39465,1100000,39466,0,39467,0,39467,0,39467,0,39451,0,,
39543,1364232,39542,50,39546,22,39549,14,39551,40,39553,512820,39553,0,39552,1,39356,95,39553,0,39554,0,39356,0,39554,0,39554,0,39556,35,39561,12,39562,1100000,39563,1100000,39563,1100000,39564,1100000,39564,0,39565,0,39566,0,39566,0,39552,0,,
39645,1364496,39643,50,39656,50,39659,33,39662,53,39664,757020,39663,0,39662,1,39452,95,39665,0,39667,0,39452,0,39668,0,39669,0,39671,48,39686,14,39687,1100000,39688,1100000,39690,1100000,39690,1100000,39691,0,39691,0,39691,0,39692,0,39662,0,,
39745,1360652,39743,55,39747,66,39749,28,39751,57,39752,838420,39752,0,39751,1,39553,95,39752,0,39753,0,39554,0,39753,0,39753,0,39755,50,39760,17,39761,1100000,39761,1100000,39761,1100000,39762,1100000,39762,0,39763,0,39763,0,39764,0,39751,0,,
39845,1361008,39844,45,39847,40,39849,27,39851,22,39852,545380,39852,0,39851,1,39666,95,39852,0,39853,0,39666,0,39853,0,39853,0,39855,33,39860,11,39860,1100000,39861,1100000,39861,1100000,39862,1100000,39862,0,39862,0,39863,0,39863,0,39851,0,,
39951,1361132,39949,0,39955,41,39958,40,39962,11,39963,374439,39963,0,39962,1,39752,95,39964,0,39966,0,39752,0,39967,0,39967,0,39969,26,39977,6,39978,900000,39979,900000,39979,900000,39979,900000,39980,0,39980,0,39981,0,39981,0,39962,0,,
40047,1361132,40046,33,40050,27,40053,20,40055,62,40057,421740,40056,0,40056,1,39852,95,40057,0,40057,0,39853,0,40058,0,40058,0,40060,31,40067,9,40068,900000,40068,900000,40068,900000,40069,900000,40069,0,40070,0,40070,0,40070,0,40056,0,,
40147,1361132,40146,12,40149,11,40151,0,40153,45,40154,201960,40154,0,40154,1,39964,95,40155,0,40155,0,39965,0,40156,0,40156,0,40157,19,40165,5,40165,1100000,40166,1100000,40166,1100000,40167,1100000,40167,0,40168,0,40168,0,40169,0,40154,0,,
40251,1361628,40249,44,40253,22,40255,33,40257,44,40258,582010,40258,0,40258,1,40057,95,40258,0,40259,0,40057,0,40259,0,40259,0,40261,35,40269,13,40270,1100000,40271,1100000,40271,1100000,40271,1100000,40272,0,40272,0,40272,0,40272,0,40257,0,,
40350,1360528,40348,22,40353,40,40356,45,40358,60,40359,679690,40359,0,40359,1,40155,95,40360,0,40360,0,40155,0,40362,0,40362,0,40365,45,40375,13,40376,900000,40376,900000,40377,900000,40377,900000,40377,0,40378,0,40378,0,40378,0,40359,0,,
40449,1360776,40448,55,40452,40,40454,40,40457,40,40458,519750,40458,0,40457,1,40258,95,40458,0,40458,0,40259,0,40459,0,40459,0,40460,43,40470,15,40471,1100000,40471,1100000,40472,1100000,40472,1100000,40472,0,40473,0,40473,0,40473,0,40457,0,,
40550,1361288,40549,54,40552,45,40555,25,40557,30,40558,626780,40558,0,40557,1,40360,95,40558,0,40559,0,40360,0,40559,0,40559,0,40561,40,40570,14,40570,1100000,40571,1100000,40571,1100000,40572,1100000,40572,0,40572,0,40573,0,40573,0,40557,0,,
40652,1361892,40650,25,40655,63,40658,37,40660,54,40662,728530,40662,0,40661,1,40458,95,40662,0,40663,0,40458,0,40663,0,40663,0,40666,46,40676,14,40677,900000,40677,900000,40678,900000,40678,900000,40678,0,40679,0,40679,0,40679,0,40661,0,,
40751,1362388,40749,33,40754,41,40757,72,40759,50,40760,582120,40760,0,40759,1,40558,95,40761,0,40761,0,40558,0,40762,0,40762,0,40764,51,40774,15,40775,900000,40776,900000,40776,900000,40776,900000,40777,0,40777,0,40777,0,40778,0,40759,0,,
40854,1362744,40852,54,40856,40,40858,33,40861,54,40863,537570,40862,0,40862,1,40662,95,40863,0,40864,0,40662,0,40864,0,40865,0,40868,43,40877,12,40878,1100000,40878,1100000,40879,1100000,40879,1100000,40879,0,40880,0,40880,0,40881,0,40862,0,,
40953,1363240,40952,63,40955,45,40957,40,40959,40,40960,765160,40960,0,40959,1,40761,95,40961,0,40961,0,40761,0,40962,0,40962,0,40964,51,40974,18,40974,1100000,40975,1100000,40975,1100000,40976,1100000,40976,0,40977,0,40977,0,40977,0,40959,0,,
41053,1363860,41052,50,41055,46,41057,40,41059,54,41060,773300,41059,0,41059,1,40863,95,41060,0,41060,0,40863,0,41062,0,41062,0,41066,45,41075,16,41075,900000,41076,900000,41076,900000,41077,900000,41077,0,41077,0,41078,0,41078,0,41059,0,,
41164,1364480,41162,58,41167,41,41169,38,41173,40,41177,525690,41177,0,41174,1,40961,95,41177,0,41179,0,40961,0,41180,0,41180,0,41184,52,41204,13,41205,1000000,41205,1000000,41206,1000000,41206,1000000,41207,0,41207,0,41207,0,41208,0,41174,0,,
41258,1361132,41257,44,41260,50,41263,50,41265,50,41267,679000,41266,0,41266,1,41060,95,41267,0,41268,0,41060,0,41269,0,41269,0,41271,33,41278,11,41279,900000,41280,900000,41280,900000,41280,900000,41281,0,41281,0,41282,0,41282,0,41266,0,,
41362,1361132,41359,27,41365,20,41368,33,41371,11,41374,270270,41374,0,41373,1,41178,95,41374,0,41375,0,41178,0,41375,0,41375,0,41377,30,41388,7,41388,1100000,41388,1100000,41389,1100000,41389,1100000,41390,0,41390,0,41390,0,41391,0,41373,0,,
41459,1361504,41458,54,41461,33,41462,25,41464,12,41468,504680,41468,0,41467,1,41268,95,41469,0,41469,0,41268,0,41470,0,41470,0,41472,33,41479,11,41479,1100000,41480,1100000,41480,1100000,41481,1100000,41481,0,41481,0,41482,0,41482,0,41465,0,,
41559,1361752,41558,40,41561,33,41563,25,41566,50,41567,602360,41567,0,41566,1,41374,95,41568,0,41569,0,41374,0,41569,0,41570,0,41572,32,41578,10,41578,1100000,41579,1100000,41579,1100000,41579,1100000,41580,0,41580,0,41580,0,41582,0,41566,0,,
41661,1361752,41660,44,41664,40,41669,40,41672,50,41673,708180,41673,0,41672,1,41469,95,41674,0,41674,0,41469,0,41674,0,41675,0,41677,46,41685,12,41686,900000,41687,900000,41688,900000,41688,900000,41689,0,41689,0,41689,0,41690,0,41672,0,,
41762,1362000,41760,16,41764,37,41768,44,41771,55,41773,451440,41772,0,41772,1,41568,95,41773,0,41774,0,41568,0,41774,0,41774,0,41776,42,41786,11,41787,900000,41788,900000,41788,900000,41789,900000,41789,0,41790,0,41790,0,41791,0,41771,0,,
41861,1362248,41860,45,41863,45,41866,54,41868,40,41871,546480,41870,0,41870,1,41674,95,41871,0,41872,0,41674,0,41872,0,41872,0,41874,43,41879,14,41880,1100000,41880,1100000,41881,1100000,41881,1100000,41881,0,41882,0,41882,0,41883,0,41869,0,,
41962,1362744,41960,12,41963,60,41968,25,41971,22,41972,484330,41972,0,41971,1,41773,95,41972,0,41972,0,41774,0,41973,0,41973,0,41974,30,41979,10,41980,1100000,41980,1100000,41981,1100000,41981,1300000,41982,0,41982,0,41982,0,41983,0,41971,0,,
42063,1363100,42062,40,42066,50,42072,20,42074,30,42076,607600,42075,0,42075,1,41871,95,42076,0,42076,0,41871,0,42077,0,42077,0,42079,33,42089,13,42090,900000,42090,900000,42091,900000,42091,900000,42091,0,42092,0,42092,0,42093,0,42075,0,,
42164,1363240,42163,22,42167,45,42170,25,42174,37,42175,383130,42175,0,42174,1,41972,95,42176,0,42176,0,41972,0,42177,0,42177,0,42179,37,42190,10,42191,900000,42191,900000,42192,900000,42192,900000,42193,0,42193,0,42194,0,42194,0,42174,0,,
42263,1363612,42262,55,42265,37,42267,33,42269,25,42271,445500,42271,0,42270,1,42076,95,42271,0,42272,0,42076,0,42272,0,42272,0,42274,38,42279,13,42280,1100000,42280,1100000,42281,1100000,42281,1300000,42282,0,42282,0,42282,0,42283,0,42270,0,,
42364,1363984,42363,45,42366,45,42368,45,42370,25,42372,682700,42371,0,42371,1,42176,95,42372,0,42373,0,42176,0,42373,0,42373,0,42375,40,42380,15,42381,1100000,42381,1100000,42381,1100000,42382,1100000,42382,0,42383,0,42383,0,42384,0,42371,0,,
42464,1364232,42463,25,42466,25,42468,44,42471,30,42472,504680,42472,0,42471,1,42271,95,42473,0,42473,0,42272,0,42473,0,42474,0,42475,30,42481,11,42481,1100000,42481,1100000,42482,1100000,42482,1100000,42483,0,42483,0,42484,0,42484,0,42471,0,,
42566,1364620,42564,25,42573,30,42576,63,42578,36,42579,626780,42579,0,42578,1,42372,95,42579,0,42580,0,42372,0,42580,0,42581,0,42582,41,42594,12,42595,900000,42595,900000,42595,900000,42596,900000,42596,0,42597,0,42597,0,42597,0,42578,0,,
42665,1360636,42664,55,42667,55,42669,66,42671,37,42672,632610,42672,0,42671,1,42473,95,42672,0,42673,0,42473,0,42673,0,42673,0,42674,54,42678,20,42679,1500000,42679,1500000,42679,1500000,42680,1500000,42680,0,42680,0,42681,0,42682,0,42671,0,,
42765,1360884,42764,40,42768,40,42770,33,42772,50,42773,1100250,42773,0,42773,1,42580,95,42774,0,42775,0,42580,0,42775,0,42775,0,42777,39,42784,17,42785,1100000,42786,1100000,42786,1100000,42787,1100000,42788,0,42788,0,42788,0,42788,0,42773,0,,
42868,1361024,42866,28,42871,50,42874,58,42877,30,42878,675620,42878,0,42877,1,42672,95,42878,0,42879,0,42672,0,42879,0,42879,0,42881,43,42891,15,42892,900000,42892,900000,42893,900000,42893,900000,42894,0,42894,0,42894,0,42895,0,42877,0,,
42970,1361148,42968,41,42976,33,42981,11,42984,45,42987,386100,42986,0,42985,1,42774,95,42987,0,42989,0,42774,0,42989,0,42989,0,42992,35,43000,8,43001,900000,43002,900000,43003,900000,43003,900000,43004,0,43005,0,43005,0,43006,0,42985,0,,
43071,1361396,43069,45,43076,33,43079,33,43082,36,43084,436590,43084,0,43083,1,42878,95,43084,0,43086,0,42878,0,43087,0,43087,0,43089,38,43096,11,43097,1100000,43097,1100000,43097,1100000,43098,1100000,43098,0,43099,0,43099,0,43099,0,43083,0,,
43169,1362000,43167,50,43172,40,43174,22,43176,37,43177,606430,43177,0,43177,1,42988,95,43178,0,43178,0,42988,0,43178,0,43178,0,43180,33,43187,9,43188,1100000,43188,1100000,43188,1100000,43189,1100000,43189,0,43189,0,43190,0,43190,0,43177,0,,
43270,1362372,43268,33,43273,50,43276,33,43278,30,43279,594220,43279,0,43278,1,43085,95,43279,0,43280,0,43085,0,43280,0,43280,0,43282,39,43294,13,43295,900000,43295,900000,43296,900000,43296,900000,43297,0,43297,0,43297,0,43297,0,43278,0,,
43370,1362372,43369,55,43375,30,43378,45,43381,14,43383,427680,43382,0,43382,1,43178,95,43384,0,43386,0,43178,0,43387,0,43387,0,43390,41,43398,14,43398,900000,43399,900000,43399,900000,43400,900000,43400,0,43401,0,43402,0,43402,0,43381,0,,
43474,1362620,43472,54,43477,33,43480,50,43483,53,43485,564300,43485,0,43484,1,43279,95,43488,0,43489,0,43279,0,43490,0,43490,0,43492,54,43499,15,43499,1100000,43499,1100000,43500,1100000,43500,1100000,43501,0,43501,0,43502,0,43503,0,43484,0,,
43571,1362868,43569,54,43573,45,43575,55,43577,50,43579,830280,43578,0,43578,1,43384,95,43579,0,43580,0,43384,0,43581,0,43581,0,43583,45,43593,16,43594,1100000,43594,1100000,43594,1100000,43595,1100000,43595,0,43596,0,43596,0,43596,0,43578,0,,
43624,1363240,43622,71,43625,40,43627,0,43629,40,43630,614569,43629,0,43629,1,43489,95,43630,0,43630,0,43489,0,43631,0,43631,0,43632,36,43641,13,43642,1100000,43643,1100000,43643,1100000,43643,1100000,43643,0,43644,0,43644,0,43644,0,43629,0,,
43724,1363612,43723,36,43725,22,43727,50,43729,45,43729,622710,43729,0,43729,1,43579,95,43730,0,43730,0,43579,0,43731,0,43731,0,43732,39,43742,15,43743,1000000,43743,1000000,43744,1000000,43744,1000000,43744,0,43745,0,43745,0,43745,0,43729,0,,
43825,1363736,43824,44,43828,40,43830,37,43833,33,43836,539000,43835,0,43834,1,43630,95,43837,0,43838,0,43630,0,43839,0,43839,0,43842,43,43848,13,43849,1100000,43849,1100000,43850,1100000,43850,1100000,43850,0,43850,0,43851,0,43851,0,43834,0,,
43925,1364108,43924,33,43927,44,43929,50,43931,37,43932,667480,43932,0,43931,1,43730,95,43933,0,43933,0,43730,0,43934,0,43934,0,43936,38,43945,14,43946,1100000,43946,1100000,43947,1100000,43947,1100000,43947,0,43948,0,43948,0,43948,0,43931,0,,
44025,1364372,44024,33,44027,11,44029,44,44031,50,44032,561660,44032,0,44031,1,43837,95,44033,0,44033,0,43837,0,44034,0,44034,0,44036,33,44047,11,44048,800000,44048,800000,44049,800000,44049,800000,44050,0,44050,0,44051,0,44051,0,44031,0,,
44126,1361148,44124,66,44127,25,44129,55,44131,80,44132,560480,44132,0,44131,1,43933,95,44132,0,44133,0,43933,0,44133,0,44133,0,44134,58,44141,18,44142,1200000,44142,1200000,44142,1200000,44143,1200000,44143,0,44143,0,44144,0,44144,0,44131,0,,
44227,1361396,44226,12,44229,11,44232,18,44234,36,44235,360360,44235,0,44234,1,44033,95,44236,0,44236,0,44033,0,44237,0,44237,0,44239,17,44247,6,44247,900000,44248,900000,44248,900000,44249,900000,44249,0,44249,0,44250,0,44250,0,44234,0,,
44327,1361396,44326,20,44330,10,44333,22,44336,44,44338,285120,44338,0,44337,1,44132,95,44339,0,44339,0,44132,0,44340,0,44341,0,44342,27,44349,8,44350,1100000,44350,1100000,44350,1100000,44351,1100000,44351,0,44351,0,44352,0,44352,0,44337,0,,
44427,1361396,44426,12,44429,30,44432,12,44434,25,44436,321530,44435,0,44435,1,44236,95,44436,0,44437,0,44236,0,44438,0,44438,0,44440,20,44447,8,44447,1100000,44448,1100000,44448,1100000,44448,1100000,44449,0,44449,0,44449,0,44449,0,44435,0,,
44528,1361768,44527,33,44529,11,44533,11,44537,10,44539,264550,44539,0,44538,1,44339,95,44540,0,44542,0,44339,0,44543,0,44543,0,44545,15,44553,4,44553,900000,44554,900000,44554,900000,44555,900000,44555,0,44556,0,44556,0,44556,0,44538,0,,
44629,1361892,44627,44,44631,11,44633,22,44636,25,44637,302940,44637,0,44636,1,44437,95,44637,0,44638,0,44437,0,44638,0,44638,0,44640,25,44648,7,44649,900000,44649,900000,44650,900000,44650,900000,44651,0,44651,0,44651,0,44652,0,44636,0,,
44729,1362140,44728,54,44731,11,44733,11,44735,12,44736,261360,44736,0,44735,1,44540,95,44737,0,44737,0,44542,0,44738,0,44738,0,44739,25,44746,6,44747,1100000,44747,1100000,44747,1100000,44748,1100000,44748,0,44748,0,44748,0,44749,0,44735,0,,
44829,1362496,44828,25,44831,11,44834,22,44836,11,44837,280830,44837,0,44836,1,44637,95,44837,0,44838,0,44637,0,44839,0,44839,0,44840,17,44849,7,44849,1100000,44850,1100000,44851,1100000,44851,1100000,44851,0,44852,0,44852,0,44853,0,44836,0,,
44930,1362868,44929,37,44933,33,44937,22,44941,50,44943,577940,44943,0,44942,1,44737,95,44944,0,44945,0,44737,0,44946,0,44947,0,44949,38,44963,12,44964,900000,44964,900000,44965,900000,44966,900000,44966,0,44966,0,44967,0,44967,0,44942,0,,
45031,1363256,45029,37,45034,50,45038,44,45043,66,45045,585090,45044,0,45044,1,44838,95,45046,0,45047,0,44838,0,45047,0,45048,0,45051,48,45065,12,45066,900000,45067,900000,45067,900000,45068,900000,45068,0,45069,0,45069,0,45071,0,45043,0,,
45131,1363628,45129,40,45132,41,45134,50,45137,62,45139,573210,45138,0,45138,1,44944,95,45139,0,45140,0,44945,0,45141,0,45141,0,45142,50,45148,16,45148,1100000,45149,1100000,45149,1100000,45149,1100000,45150,0,45150,0,45150,0,45151,0,45138,0,,
45231,1364000,45230,25,45233,33,45235,33,45237,54,45238,590150,45238,0,45237,1,45046,95,45239,0,45240,0,45046,0,45241,0,45241,0,45243,38,45249,13,45249,1100000,45249,1100000,45250,1100000,45250,1100000,45251,0,45251,0,45251,0,45251,0,45237,0,,
45331,1364496,45330,45,45333,50,45335,22,45337,45,45339,659340,45338,0,45338,1,45139,95,45339,0,45341,0,45140,0,45341,0,45342,0,45344,42,45349,15,45350,1100000,45350,1100000,45350,1100000,45351,1100000,45351,0,45351,0,45352,0,45352,0,45338,0,,
45433,1364496,45431,72,45435,27,45442,40,45445,40,45446,728530,45446,0,45446,1,45239,95,45447,0,45447,0,45239,0,45448,0,45448,0,45450,44,45463,14,45463,1100000,45463,1100000,45464,1100000,45464,1100000,45464,0,45465,0,45465,0,45465,0,45446,0,,
45533,1364976,45532,54,45536,30,45541,50,45544,45,45545,728530,45545,0,45545,1,45340,95,45546,0,45546,0,45340,0,45547,0,45547,0,45549,47,45561,15,45562,1100000,45562,1100000,45563,1100000,45563,1100000,45563,0,45563,0,45564,0,45564,0,45544,0,,
45632,1361132,45631,66,45634,66,45636,72,45638,54,45639,1050060,45639,0,45638,1,45447,95,45640,0,45641,0,45447,0,45642,0,45642,0,45644,65,45650,26,45651,1300000,45651,1300000,45651,1500000,45651,1500000,45652,0,45652,0,45652,0,45652,0,45638,0,,
45733,1361380,45732,40,45735,40,45740,37,45742,50,45743,1013650,45743,0,45743,1,45546,95,45743,0,45744,0,45546,0,45744,0,45744,0,45746,35,45752,14,45753,900000,45753,900000,45754,900000,45755,900000,45756,0,45757,0,45758,0,45758,0,45742,0,,
45834,1361628,45833,40,45842,36,45844,36,45847,50,45848,481140,45848,0,45847,1,45640,95,45848,0,45849,0,45640,0,45849,0,45849,0,45851,41,45865,12,45865,900000,45866,900000,45866,900000,45866,900000,45867,0,45867,0,45867,0,45868,0,45847,0,,
45934,1361752,45933,37,45936,45,45938,37,45941,50,45942,501930,45942,0,45942,1,45744,95,45943,0,45943,0,45744,0,45943,0,45943,0,45945,48,45951,15,45952,1100000,45952,1100000,45952,1100000,45953,1100000,45953,0,45954,0,45954,0,45955,0,45941,0,,
46035,1362000,46034,44,46037,63,46039,33,46041,36,46042,716319,46042,0,46042,1,45848,95,46043,0,46043,0,45848,0,46044,0,46044,0,46045,42,46050,15,46051,1100000,46051,1100000,46052,1100000,46052,1100000,46052,0,46053,0,46053,0,46053,0,46042,0,,
46136,1362140,46135,36,46139,54,46142,12,46144,30,46146,537239,46146,0,46145,1,45943,95,46146,0,46147,0,45943,0,46147,0,46147,0,46149,34,46159,11,46160,800000,46161,900000,46162,900000,46163,900000,46164,0,46164,0,46165,0,46165,0,46145,0,,
46237,1361148,46235,40,46239,58,46241,40,46244,40,46245,509060,46245,0,46244,1,46043,95,46245,0,46246,0,46043,0,46246,0,46246,0,46248,42,46256,12,46257,800000,46257,800000,46258,800000,46258,800000,46258,0,46259,0,46259,0,46259,0,46244,0,,
46337,1361504,46336,27,46339,40,46341,30,46343,22,46344,295120,46344,0,46343,1,46146,95,46344,0,46345,0,46146,0,46345,0,46345,0,46347,30,46353,10,46354,1100000,46354,1100000,46355,1100000,46355,1100000,46356,0,46356,0,46357,0,46357,0,46343,0,,
46437,1361876,46436,36,46439,22,46442,55,46444,27,46445,569800,46445,0,46444,1,46245,95,46445,0,46446,0,46245,0,46446,0,46446,0,46448,36,46454,12,46455,1100000,46456,1100000,46456,1100000,46457,1100000,46458,0,46458,0,46459,0,46459,0,46444,0,,
46540,1362140,46537,37,46544,22,46546,44,46549,33,46550,553520,46550,0,46549,1,46344,95,46550,0,46551,0,46344,0,46552,0,46552,0,46554,36,46565,12,46566,900000,46566,900000,46567,900000,46567,900000,46567,0,46568,0,46568,0,46568,0,46549,0,,
46639,1362512,46637,40,46642,50,46645,37,46647,14,46649,418770,46648,0,46648,1,46446,95,46649,0,46649,0,46446,0,46650,0,46650,0,46652,34,46663,9,46663,900000,46664,900000,46664,900000,46665,900000,46665,0,46665,0,46666,0,46666,0,46648,0,,
46740,1363116,46738,28,46743,55,46745,22,46748,22,46749,377190,46749,0,46748,1,46550,95,46749,0,46750,0,46551,0,46750,0,46750,0,46753,31,46766,8,46766,1100000,46767,1100000,46767,1100000,46767,1100000,46768,0,46768,0,46768,0,46768,0,46748,0,,
46839,1363488,46838,22,46842,54,46844,28,46846,25,46847,525030,46847,0,46846,1,46649,95,46847,0,46848,0,46649,0,46848,0,46849,0,46850,34,46858,12,46858,1100000,46859,1100000,46860,1100000,46860,1100000,46861,0,46861,0,46861,0,46861,0,46846,0,,
46942,1364620,46940,50,46944,70,46946,33,46948,44,46949,801790,46948,0,46948,1,46749,95,46949,0,46949,0,46750,0,46950,0,46950,0,46951,47,46959,18,46960,1100000,46961,1100000,46961,1100000,46962,1100000,46962,0,46963,0,46963,0,46963,0,46948,0,,
47041,1365132,47039,33,47044,55,47047,14,47049,22,47050,504680,47050,0,47050,1,46847,95,47051,0,47053,0,46848,0,47053,0,47054,0,47056,34,47083,11,47084,900000,47085,900000,47086,900000,47087,900000,47090,0,47098,0,47101,0,47102,0,47050,0,,
47141,1361924,47139,62,47144,70,47146,60,47147,60,47148,748440,47148,0,47148,1,46906,95,47149,0,47149,0,46906,0,47149,0,47149,0,47151,62,47158,21,47159,1200000,47159,1200000,47160,1200000,47160,1200000,47160,0,47161,0,47161,0,47161,0,47148,0,,
47242,1361924,47240,33,47245,40,47248,40,47250,33,47252,683280,47251,0,47251,1,46949,95,47252,0,47253,0,46949,0,47253,0,47253,0,47255,39,47265,12,47266,900000,47266,900000,47267,900000,47267,900000,47268,0,47268,0,47268,0,47269,0,47251,0,,
47342,1361924,47341,33,47345,22,47347,60,47348,33,47349,439560,47349,0,47349,1,47051,95,47350,0,47351,0,47052,0,47351,0,47351,0,47353,40,47361,13,47362,1100000,47362,1100000,47363,1100000,47363,1100000,47363,0,47364,0,47364,0,47364,0,47348,0,,
47443,1362420,47442,40,47445,58,47447,40,47449,45,47450,744810,47450,0,47449,1,47149,95,47450,0,47451,0,47149,0,47451,0,47451,0,47453,44,47462,16,47463,1100000,47463,1100000,47463,1100000,47464,1100000,47464,0,47464,0,47464,0,47465,0,47449,0,,
47545,1362420,47543,33,47548,40,47550,33,47553,54,47554,651200,47554,0,47553,1,47252,95,47554,0,47555,0,47252,0,47555,0,47556,0,47558,39,47567,12,47567,900000,47568,900000,47568,900000,47568,900000,47569,0,47569,0,47570,0,47570,0,47553,0,,
47646,1362900,47645,37,47648,33,47651,25,47653,50,47655,430650,47654,0,47654,1,47350,95,47655,0,47656,0,47350,0,47657,0,47658,0,47661,37,47669,12,47670,900000,47670,900000,47671,900000,47671,900000,47672,0,47672,0,47672,0,47673,0,47654,0,,
47746,1363008,47745,63,47748,41,47752,36,47757,12,47760,451440,47759,0,47758,1,47451,95,47761,0,47762,0,47451,0,47763,0,47764,0,47766,44,47774,12,47775,900000,47776,900000,47777,900000,47778,900000,47779,0,47779,0,47780,0,47780,0,47758,0,,
47847,1363364,47846,37,47850,28,47852,72,47855,14,47856,448469,47856,0,47855,1,47554,95,47857,0,47858,0,47554,0,47859,0,47859,0,47862,42,47870,11,47871,900000,47871,900000,47872,900000,47872,900000,47872,0,47873,0,47874,0,47875,0,47855,0,,
47946,1363736,47945,33,47948,40,47950,55,47952,50,47953,528660,47953,0,47952,1,47655,95,47953,0,47954,0,47655,0,47954,0,47954,0,47956,38,47964,13,47964,1100000,47965,1100000,47965,1100000,47965,1100000,47966,0,47966,0,47966,0,47966,0,47952,0,,
48047,1364372,48046,45,48049,30,48051,33,48053,33,48054,573870,48053,0,48053,1,47761,95,48054,0,48054,0,47762,0,48055,0,48055,0,48056,38,48065,14,48065,1100000,48066,1100000,48066,1100000,48066,1100000,48066,0,48067,0,48067,0,48067,0,48053,0,,
48148,1364728,48147,45,48150,40,48153,55,48155,40,48157,732600,48157,0,48156,1,47857,95,48158,0,48159,0,47857,0,48161,0,48161,0,48164,47,48171,15,48172,900000,48173,900000,48173,900000,48174,900000,48175,0,48176,0,48177,0,48178,0,48156,0,,
48248,1365100,48247,44,48251,50,48253,50,48255,40,48256,546480,48256,0,48256,1,47954,95,48257,0,48260,0,47954,0,48261,0,48261,0,48263,48,48271,13,48271,900000,48272,900000,48272,900000,48273,900000,48273,0,48274,0,48274,0,48275,0,48255,0,,
48349,1365348,48348,36,48351,54,48353,45,48356,25,48358,475200,48357,0,48356,1,48054,95,48359,0,48361,0,48054,0,48362,0,48362,0,48364,42,48371,13,48372,900000,48372,900000,48373,900000,48373,900000,48374,0,48375,0,48376,0,48377,0,48356,0,,
48449,1365720,48448,25,48452,72,48455,40,48458,40,48460,525690,48460,0,48458,1,48159,95,48461,0,48463,0,48159,0,48464,0,48464,0,48466,43,48473,12,48474,900000,48475,900000,48476,900000,48477,900000,48478,0,48479,0,48479,0,48480,0,48458,0,,
48551,1366340,48548,28,48553,90,48556,50,48559,44,48560,629640,48560,0,48559,1,48259,95,48561,0,48561,0,48259,0,48562,0,48562,0,48563,54,48574,17,48574,1500000,48575,1500000,48575,1500000,48575,1500000,48576,0,48576,0,48576,0,48576,0,48559,0,,
48650,1361504,48649,22,48652,40,48654,27,48656,36,48657,843750,48657,0,48656,1,48359,95,48658,0,48658,0,48360,0,48659,0,48659,0,48661,29,48668,14,48669,1100000,48669,1100000,48670,1100000,48671,1100000,48672,0,48672,0,48673,0,48677,0,48656,0,,
48752,1361736,48750,60,48754,22,48757,40,48760,40,48763,659340,48762,0,48761,1,48462,95,48764,0,48765,0,48462,0,48766,0,48766,0,48768,44,48778,14,48779,900000,48779,900000,48780,900000,48781,900000,48782,0,48783,0,48783,0,48783,0,48760,0,,
48852,1362000,48851,66,48854,33,48857,54,48859,45,48862,588060,48862,0,48860,1,48561,95,48863,0,48864,0,48561,0,48865,0,48865,0,48867,50,48875,14,48876,900000,48877,900000,48878,900000,48879,900000,48880,0,48881,0,48881,0,48882,0,48860,0,,
48953,1362124,48951,63,48955,33,48957,25,48961,33,48964,457380,48963,0,48963,1,48658,95,48965,0,48966,0,48658,0,48966,0,48966,0,48968,43,48975,12,48975,1100000,48976,1100000,48977,1100000,48978,1100000,48979,0,48979,0,48980,0,48980,0,48962,0,,
49052,1362248,49051,42,49054,33,49056,25,49058,33,49060,541310,49059,0,49059,1,48764,95,49061,0,49062,0,48764,0,49063,0,49063,0,49065,31,49073,11,49074,1100000,49074,1100000,49075,1100000,49075,1100000,49076,0,49077,0,49077,0,49078,0,49059,0,,
49153,1362620,49152,54,49155,40,49157,0,49159,33,49160,516890,49160,0,49159,1,48863,95,49163,0,49164,0,48863,0,49165,0,49165,0,49167,34,49174,12,49175,900000,49176,900000,49177,900000,49178,900000,49179,0,49180,0,49181,0,49182,0,49159,0,,
49254,1362868,49253,60,49256,33,49259,40,49263,44,49265,525690,49264,0,49264,1,48965,95,49265,0,49266,0,48965,0,49266,0,49266,0,49268,41,49277,12,49278,900000,49279,900000,49280,900000,49281,900000,49282,0,49282,0,49282,0,49283,0,49264,0,,
49355,1363224,49353,37,49357,22,49363,50,49366,55,49367,487080,49367,0,49367,1,49061,95,49368,0,49368,0,49061,0,49368,0,49369,0,49371,41,49382,11,49383,900000,49384,900000,49384,900000,49384,900000,49385,0,49385,0,49385,0,49386,0,49366,0,,
49455,1363348,49454,55,49458,44,49462,25,49467,33,49468,466290,49468,0,49467,1,49163,95,49468,0,49469,0,49163,0,49469,0,49469,0,49471,41,49483,13,49484,900000,49484,900000,49485,900000,49485,900000,49485,0,49486,0,49486,0,49486,0,49467,0,,
49555,1363736,49554,60,49557,40,49559,33,49562,0,49564,395010,49563,0,49563,1,49265,95,49564,0,49564,0,49266,0,49565,0,49565,0,49567,38,49572,10,49573,1100000,49573,1100000,49574,1100000,49574,1100000,49574,0,49575,0,49575,0,49576,0,49563,0,,
49656,1364232,49655,44,49658,45,49660,40,49662,12,49664,573870,49663,0,49663,1,49368,95,49664,0,49665,0,49368,0,49665,0,49665,0,49667,35,49674,12,49674,1100000,49674,1100000,49675,1100000,49675,1100000,49676,0,49677,0,49677,0,49678,0,49663,0,,
49757,1364480,49755,50,49759,22,49763,40,49766,36,49768,602360,49768,0,49767,1,49469,95,49768,0,49769,0,49469,0,49769,0,49769,0,49772,38,49784,13,49785,900000,49785,900000,49786,900000,49786,900000,49787,0,49787,0,49787,0,49788,0,49767,0,,
49857,1364852,49856,62,49860,45,49864,50,49867,33,49868,564300,49868,0,49867,1,49564,95,49868,0,49869,0,49564,0,49869,0,49869,0,49871,44,49882,13,49883,900000,49884,900000,49884,900000,49885,900000,49885,0,49886,0,49886,0,49886,0,49867,0,,
49958,1365100,49956,50,49961,45,49964,30,49968,36,49969,478170,49969,0,49968,1,49664,95,49969,0,49970,0,49664,0,49970,0,49970,0,49972,43,49984,12,49985,900000,49985,900000,49986,900000,49986,900000,49986,0,49987,0,49987,0,49987,0,49968,0,,
50069,1361752,50061,80,50071,50,50073,50,50075,54,50076,694980,50076,0,50075,1,49768,95,50077,0,50078,0,49769,0,50079,0,50080,0,50082,61,50087,19,50088,1200000,50088,1200000,50088,1200000,50089,1200000,50089,0,50089,0,50089,0,50090,0,50075,0,,
50159,1362000,50158,44,50163,33,50166,33,50169,37,50171,687959,50171,0,50170,1,49869,95,50172,0,50173,0,49869,0,50173,0,50173,0,50175,30,50187,10,50187,1100000,50188,1100000,50188,1100000,50188,1100000,50188,0,50189,0,50189,0,50189,0,50170,0,,
50259,1362248,50258,63,50261,25,50263,25,50265,36,50266,606430,50265,0,50265,1,49969,95,50266,0,50266,0,49969,0,50267,0,50267,0,50268,36,50276,13,50277,1100000,50277,1100000,50278,1100000,50278,1100000,50279,0,50279,0,50279,0,50280,0,50265,0,,
50359,1362372,50358,44,50362,36,50364,22,50367,14,50368,472120,50368,0,50367,1,50077,95,50368,0,50369,0,50077,0,50369,0,50369,0,50371,30,50377,11,50378,1100000,50379,1100000,50379,1100000,50380,1100000,50382,0,50383,0,50383,0,50384,0,50367,0,,
50461,1362372,50459,60,50465,40,50468,33,50471,45,50472,724459,50472,0,50471,1,50172,95,50472,0,50473,0,50172,0,50473,0,50473,0,50475,46,50487,12,50487,900000,50488,900000,50488,900000,50488,900000,50489,0,50489,0,50490,0,50490,0,50471,0,,
50562,1362372,50560,55,50565,45,50568,33,50571,45,50572,528660,50572,0,50572,1,50266,95,50573,0,50573,0,50266,0,50574,0,50574,0,50576,43,50586,13,50587,900000,50587,900000,50588,900000,50588,900000,50589,0,50589,0,50589,0,50590,0,50571,0,,
50663,1362728,50661,62,50666,40,50669,27,50672,44,50673,513809,50673,0,50672,1,50368,95,50673,0,50674,0,50368,0,50674,0,50674,0,50677,43,50686,13,50687,1100000,50687,1100000,50688,1100000,50688,1100000,50688,0,50689,0,50689,0,50689,0,50672,0,,
50762,1363008,50760,55,50764,40,50766,40,50768,40,50769,712250,50769,0,50768,1,50473,95,50769,0,50770,0,50473,0,50770,0,50770,0,50772,44,50778,16,50779,1100000,50779,1100000,50780,1100000,50781,1100000,50781,0,50782,0,50782,0,50783,0,50768,0,,
50862,1363256,50861,36,50864,33,50866,30,50867,11,50868,447699,50868,0,50868,1,50573,95,50869,0,50869,0,50573,0,50869,0,50869,0,50871,24,50878,9,50879,900000,50879,900000,50880,900000,50880,900000,50880,0,50881,0,50881,0,50882,0,50868,0,,
50963,1363628,50962,12,50965,33,50968,20,50970,18,50971,246510,50971,0,50970,1,50673,95,50971,0,50972,0,50673,0,50972,0,50973,0,50974,22,50982,6,50982,900000,50983,900000,50983,900000,50983,900000,50984,0,50984,0,50984,0,50985,0,50970,0,,
51063,1363876,51062,11,51065,30,51067,30,51069,40,51070,329670,51070,0,51069,1,50769,95,51070,0,51071,0,50769,0,51071,0,51071,0,51073,30,51080,9,51080,1100000,51081,1100000,51081,1100000,51082,1100000,51082,0,51083,0,51083,0,51083,0,51069,0,,
51164,1364480,51163,36,51166,22,51169,58,51171,27,51172,582010,51171,0,51171,1,50869,95,51172,0,51172,0,50869,0,51173,0,51173,0,51174,36,51183,12,51184,1100000,51184,1100000,51184,1100000,51185,1100000,51185,0,51185,0,51186,0,51186,0,51171,0,,
51266,1364620,51264,54,51268,40,51271,44,51274,46,51275,748880,51275,0,51274,1,50972,95,51276,0,51276,0,50972,0,51277,0,51277,0,51279,44,51288,16,51289,900000,51289,900000,51289,900000,51290,900000,51290,0,51291,0,51291,0,51291,0,51274,0,,
51366,1364992,51364,45,51369,36,51371,55,51374,40,51375,522720,51375,0,51374,1,51070,95,51376,0,51376,0,51070,0,51377,0,51377,0,51378,47,51387,13,51387,1100000,51388,1100000,51388,1100000,51388,1100000,51389,0,51389,0,51389,0,51389,0,51374,0,,
51466,1365240,51465,42,51468,45,51471,36,51473,33,51474,634920,51474,0,51473,1,51172,95,51475,0,51475,0,51172,0,51476,0,51476,0,51479,37,51491,13,51492,1100000,51492,1100000,51493,1100000,51493,1100000,51494,0,51494,0,51495,0,51496,0,51473,0,,
51566,1361040,51565,44,51568,45,51570,80,51572,42,51573,858770,51573,0,51572,1,51276,95,51573,0,51574,0,51276,0,51574,0,51574,0,51575,50,51585,21,51585,1200000,51586,1200000,51586,1200000,51586,1200000,51587,0,51587,0,51587,0,51587,0,51572,0,,
51668,1361520,51666,22,51670,33,51673,36,51675,37,51676,599040,51676,0,51676,1,51376,95,51677,0,51679,0,51376,0,51680,0,51681,0,51684,39,51692,13,51692,900000,51693,900000,51693,900000,51694,900000,51694,0,51695,0,51695,0,51696,0,51676,0,,
51769,1361752,51767,50,51771,22,51773,25,51776,33,51777,386100,51777,0,51776,1,51475,95,51777,0,51780,0,51475,0,51781,0,51782,0,51784,29,51792,10,51792,900000,51793,900000,51793,900000,51793,900000,51794,0,51794,0,51795,0,51796,0,51776,0,,
51868,1362000,51866,33,51869,45,51871,50,51873,44,51874,510840,51874,0,51874,1,51573,95,51874,0,51875,0,51573,0,51875,0,51875,0,51877,40,51887,14,51887,1100000,51888,1100000,51888,1100000,51889,1100000,51889,0,51889,0,51890,0,51890,0,51873,0,,
51968,1362264,51967,33,51970,45,51972,33,51974,50,51975,655270,51975,0,51975,1,51677,95,51976,0,51976,0,51677,0,51976,0,51976,0,51979,42,51988,16,51988,1100000,51989,1100000,51989,1100000,51989,1100000,51990,0,51990,0,51990,0,51991,0,51974,0,,
52069,1362512,52068,50,52072,36,52074,54,52077,33,52078,704109,52078,0,52077,1,51778,95,52079,0,52080,0,51779,0,52082,0,52082,0,52084,45,52092,13,52093,900000,52093,900000,52094,900000,52094,900000,52094,0,52095,0,52095,0,52097,0,52077,0,,
52170,1361504,52168,44,52172,33,52175,55,52177,33,52178,490050,52178,0,52177,1,51874,95,52179,0,52181,0,51875,0,52184,0,52184,0,52186,41,52193,12,52193,1100000,52194,1100000,52194,1100000,52194,1100000,52195,0,52195,0,52196,0,52197,0,52177,0,,
52270,1361876,52268,33,52272,50,52274,40,52276,37,52277,651200,52277,0,52277,1,51976,95,52278,0,52278,0,51976,0,52279,0,52279,0,52282,41,52290,15,52291,1100000,52291,1100000,52292,1100000,52292,1100000,52293,0,52293,0,52293,0,52294,0,52277,0,,
52370,1361876,52369,40,52372,22,52374,60,52376,40,52377,659340,52377,0,52376,1,52079,95,52377,0,52378,0,52079,0,52378,0,52378,0,52380,37,52390,15,52391,900000,52391,900000,52392,900000,52392,900000,52393,0,52393,0,52393,0,52394,0,52376,0,,
52471,1362388,52470,50,52474,22,52476,50,52478,44,52480,493020,52480,0,52479,1,52180,95,52481,0,52483,0,52180,0,52483,0,52484,0,52487,46,52494,12,52495,900000,52495,900000,52496,900000,52497,900000,52498,0,52498,0,52499,0,52500,0,52479,0,,
52571,1363008,52570,54,52573,33,52575,55,52577,36,52578,528660,52578,0,52577,1,52278,95,52579,0,52580,0,52278,0,52581,0,52581,0,52584,43,52591,16,52591,1100000,52591,1100000,52592,1100000,52592,1100000,52592,0,52593,0,52593,0,52593,0,52577,0,,
52672,1363380,52670,30,52674,36,52676,50,52680,25,52682,573870,52682,0,52681,1,52377,95,52683,0,52684,0,52377,0,52684,0,52684,0,52686,36,52694,12,52695,1100000,52696,1100000,52697,1100000,52698,1100000,52698,0,52699,0,52699,0,52699,0,52681,0,,
52773,1364124,52772,50,52776,40,52778,33,52781,25,52783,602360,52782,0,52781,1,52481,95,52783,0,52785,0,52482,0,52786,0,52786,0,52789,38,52797,13,52799,900000,52800,900000,52802,1200000,52802,1200000,52803,0,52803,0,52804,0,52805,0,52781,0,,
52873,1364728,52872,70,52876,12,52878,30,52881,40,52883,571140,52883,0,52882,1,52579,95,52884,0,52885,0,52579,0,52886,0,52886,0,52888,40,52895,13,52896,900000,52897,900000,52898,900000,52899,900000,52901,0,52902,0,52902,0,52903,0,52881,0,,
52974,1360884,52973,70,52976,25,52978,45,52979,44,52981,546480,52980,0,52979,1,52683,95,52981,0,52982,0,52683,0,52982,0,52983,0,52985,47,52989,19,52989,1500000,52990,1500000,52990,1500000,52990,1500000,52991,0,52991,0,52991,0,52991,0,52979,0,,
53073,1361256,53072,14,53075,36,53077,30,53079,50,53081,877500,53080,0,53080,1,52784,95,53081,0,53082,0,52784,0,53084,0,53084,0,53086,33,53094,13,53095,1100000,53096,1100000,53096,1100000,53097,1100000,53098,0,53099,0,53099,0,53100,0,53079,0,,
53174,1361520,53173,33,53176,25,53178,37,53180,50,53181,590150,53181,0,53180,1,52884,95,53182,0,53182,0,52885,0,53183,0,53184,0,53186,36,53192,13,53193,900000,53193,900000,53194,900000,53194,900000,53195,0,53195,0,53196,0,53196,0,53180,0,,
53276,1361876,53274,22,53278,50,53282,36,53284,45,53285,454409,53285,0,53284,1,52981,95,53285,0,53286,0,52981,0,53286,0,53286,0,53288,40,53294,12,53294,1100000,53295,1100000,53295,1100000,53296,1100000,53296,0,53296,0,53297,0,53297,0,53284,0,,
53375,1362372,53374,33,53378,22,53379,33,53382,30,53384,480260,53383,0,53383,1,53082,95,53385,0,53386,0,53082,0,53386,0,53387,0,53388,29,53394,10,53394,1100000,53395,1100000,53395,1100000,53396,1100000,53396,0,53396,0,53397,0,53397,0,53383,0,,
53476,1362620,53474,37,53477,40,53479,30,53483,33,53484,569800,53484,0,53483,1,53182,95,53485,0,53487,0,53182,0,53488,0,53488,0,53491,34,53499,13,53500,900000,53501,900000,53502,900000,53503,900000,53503,0,53504,0,53504,0,53505,0,53483,0,,
53578,1362620,53576,70,53581,45,53585,40,53589,40,53590,579150,53590,0,53589,1,53285,95,53591,0,53592,0,53285,0,53592,0,53592,0,53594,53,53605,13,53606,900000,53606,900000,53607,900000,53607,900000,53608,0,53608,0,53608,0,53608,0,53589,0,,
53677,1362992,53676,60,53679,40,53681,42,53684,25,53687,495990,53687,0,53686,1,53385,95,53687,0,53688,0,53385,0,53688,0,53688,0,53690,37,53696,13,53697,1300000,53697,1300000,53698,1300000,53698,1300000,53699,0,53700,0,53701,0,53701,0,53686,0,,
53777,1363256,53776,50,53779,50,53781,22,53783,12,53785,714220,53784,0,53784,1,53486,95,53785,0,53786,0,53486,0,53787,0,53788,0,53789,37,53795,13,53795,1100000,53796,1100000,53796,1100000,53796,1100000,53797,0,53797,0,53798,0,53799,0,53783,0,,
53879,1363504,53877,55,53885,45,53888,40,53890,33,53892,704109,53891,0,53891,1,53591,95,53892,0,53893,0,53591,0,53893,0,53893,0,53895,40,53906,12,53906,900000,53907,900000,53907,900000,53907,900000,53908,0,53908,0,53909,0,53909,0,53891,0,,
53979,1363628,53978,40,53986,50,53989,54,53991,37,53993,537570,53992,0,53992,1,53687,95,53993,0,53994,0,53688,0,53994,0,53994,0,53996,45,54007,13,54008,900000,54009,1100000,54009,1100000,54010,1100000,54011,0,54011,0,54011,0,54012,0,53992,0,,
54079,1364232,54078,50,54082,25,54084,45,54087,54,54088,653180,54088,0,54087,1,53786,95,54089,0,54089,0,53786,0,54090,0,54090,0,54092,53,54099,21,54100,1200000,54100,1200000,54101,1200000,54102,1200000,54102,0,54103,0,54103,0,54104,0,54087,0,,
54179,1364496,54178,50,54181,50,54184,40,54186,40,54188,842400,54187,0,54187,1,53892,95,54188,0,54188,0,53892,0,54189,0,54189,0,54191,36,54197,14,54197,1100000,54198,1100000,54199,1100000,54199,1100000,54200,0,54200,0,54202,0,54202,0,54186,0,,
54283,1364868,54281,55,54287,33,54290,50,54293,54,54294,781440,54294,0,54293,1,53993,95,54294,0,54295,0,53993,0,54295,0,54296,0,54297,47,54308,11,54309,900000,54309,900000,54310,900000,54310,900000,54311,0,54311,0,54311,0,54312,0,54293,0,,
54382,1365720,54380,55,54386,14,54389,40,54391,60,54392,501930,54392,0,54392,1,54089,95,54393,0,54393,0,54089,0,54393,0,54393,0,54395,47,54405,15,54406,1200000,54406,1200000,54407,1200000,54407,1200000,54407,0,54408,0,54408,0,54408,0,54392,0,,
54481,1361504,54480,54,54483,60,54485,50,54486,37,54488,940680,54487,0,54486,1,54188,95,54488,0,54489,0,54188,0,54490,0,54490,0,54492,52,54497,23,54497,1400000,54498,1400000,54498,1400000,54498,1400000,54499,0,54500,0,54500,0,54501,0,54486,0,,
54584,1361752,54582,50,54587,36,54591,22,54593,54,54594,975240,54594,0,54594,1,54294,95,54595,0,54596,0,54294,0,54596,0,54596,0,54598,38,54607,13,54608,1000000,54608,1000000,54609,1000000,54609,1000000,54609,0,54610,0,54610,0,54610,0,54594,0,,
54683,1362108,54682,58,54686,40,54688,33,54691,33,54692,574000,54692,0,54691,1,54393,95,54692,0,54693,0,54393,0,54693,0,54693,0,54695,41,54704,14,54704,1100000,54705,1100000,54705,1100000,54706,1100000,54706,0,54707,0,54707,0,54707,0,54691,0,,
54783,1362264,54782,70,54786,25,54788,22,54790,40,54792,638990,54792,0,54791,1,54488,95,54792,0,54793,0,54489,0,54793,0,54793,0,54795,41,54802,15,54803,1100000,54804,1100000,54804,1100000,54805,1100000,54805,0,54806,0,54806,0,54806,0,54791,0,,
54885,1362512,54884,55,54889,36,54892,44,54894,25,54895,651200,54895,0,54895,1,54595,95,54896,0,54896,0,54595,0,54897,0,54897,0,54899,38,54910,14,54911,900000,54911,900000,54912,900000,54912,900000,54912,0,54913,0,54913,0,54913,0,54894,0,,
54986,1362760,54984,50,54989,30,54993,25,54995,30,54996,400950,54996,0,54995,1,54693,95,54997,0,54997,0,54693,0,54997,0,54998,0,55000,36,55010,12,55011,900000,55011,900000,55012,900000,55012,900000,55012,0,55013,0,55013,0,55013,0,54995,0,,
55087,1363132,55084,50,55090,25,55093,40,55095,44,55096,472230,55096,0,55095,1,54792,95,55096,0,55097,0,54793,0,55097,0,55098,0,55100,37,55108,13,55109,1100000,55109,1100000,55109,1100000,55109,1100000,55110,0,55110,0,55111,0,55111,0,55095,0,,
55186,1363520,55184,60,55188,33,55191,33,55193,40,55194,675619,55194,0,55193,1,54896,95,55194,0,55195,0,54896,0,55195,0,55196,0,55197,45,55206,15,55206,1100000,55207,1100000,55207,1100000,55207,1100000,55208,0,55208,0,55208,0,55209,0,55193,0,,
55291,1363644,55289,50,55294,50,55297,36,55300,33,55303,687829,55302,0,55301,1,54997,95,55303,0,55305,0,54997,0,55306,0,55306,0,55308,46,55318,13,55319,900000,55320,900000,55321,900000,55322,900000,55322,0,55323,0,55323,0,55323,0,55301,0,,
55392,1363768,55390,50,55394,54,55397,44,55401,44,55402,570240,55402,0,55401,1,55097,95,55403,0,55404,0,55097,0,55405,0,55405,0,55407,45,55415,13,55415,900000,55416,900000,55417,900000,55418,900000,55419,0,55420,0,55421,0,55421,0,55401,0,,
55489,1364124,55488,33,55492,50,55496,37,55498,44,55500,487080,55499,0,55499,1,55195,95,55501,0,55502,0,55195,0,55503,0,55504,0,55506,45,55513,13,55514,1100000,55514,1100000,55514,1100000,55515,1100000,55515,0,55515,0,55516,0,55516,0,55498,0,,
55590,1364620,55589,44,55592,37,55594,44,55596,45,55597,691900,55597,0,55596,1,55304,95,55597,0,55598,0,55304,0,55598,0,55598,0,55599,34,55608,14,55609,1100000,55609,1100000,55610,1100000,55610,1100000,55610,0,55611,0,55612,0,55612,0,55596,0,,
55692,1364976,55690,50,55695,30,55697,20,55699,36,55701,553520,55701,0,55700,1,55404,95,55702,0,55703,0,55404,0,55703,0,55704,0,55706,37,55713,11,55714,900000,55714,900000,55715,900000,55715,900000,55715,0,55716,0,55716,0,55716,0,55700,0,,
55796,1365224,55794,30,55799,40,55804,20,55808,36,55809,374220,55809,0,55808,1,55501,95,55810,0,55812,0,55501,0,55812,0,55813,0,55815,34,55824,8,55825,900000,55826,900000,55826,900000,55826,900000,55827,0,55827,0,55827,0,55828,0,55808,0,,
55894,1365720,55893,40,55896,33,55898,33,55900,55,55902,478170,55901,0,55901,1,55597,95,55902,0,55903,0,55597,0,55904,0,55904,0,55907,40,55925,13,55925,1100000,55926,1100000,55927,1100000,55927,1100000,55928,0,55928,0,55929,0,55929,0,55901,0,,
55993,1361628,55991,36,55994,22,55996,60,55998,22,55999,569800,55999,0,55998,1,55702,95,55999,0,56000,0,55702,0,56001,0,56001,0,56003,31,56009,11,56009,1100000,56010,1100000,56010,1100000,56010,1100000,56011,0,56011,0,56011,0,56011,0,55998,0,,
56095,1361768,56094,30,56099,41,56102,36,56105,20,56106,516890,56106,0,56106,1,55811,95,56107,0,56107,0,55811,0,56108,0,56108,0,56110,33,56120,9,56121,900000,56121,900000,56122,900000,56123,900000,56123,0,56124,0,56124,0,56124,0,56106,0,,
56194,1362016,56193,40,56196,40,56198,25,56200,36,56201,418770,56201,0,56200,1,55903,95,56202,0,56203,0,55903,0,56203,0,56203,0,56205,35,56212,11,56212,1100000,56213,1100000,56213,1100000,56213,1100000,56214,0,56214,0,56214,0,56215,0,56200,0,,
56294,1362280,56293,66,56296,20,56298,36,56300,30,56303,618640,56303,0,56302,1,55999,95,56304,0,56305,0,56000,0,56306,0,56306,0,56308,38,56313,13,56314,1200000,56314,1200000,56315,1200000,56315,1200000,56315,0,56316,0,56316,0,56316,0,56300,0,,
56396,1362652,56394,50,56399,30,56403,40,56406,50,56407,795600,56407,0,56406,1,56107,95,56408,0,56409,0,56107,0,56410,0,56410,0,56412,45,56423,16,56424,900000,56425,900000,56425,900000,56426,900000,56427,0,56428,0,56428,0,56428,0,56406,0,,
56496,1362776,56495,70,56499,45,56503,54,56507,30,56509,591030,56508,0,56508,1,56202,95,56509,0,56510,0,56202,0,56510,0,56511,0,56513,48,56523,14,56524,900000,56524,900000,56526,900000,56526,900000,56527,0,56527,0,56527,0,56528,0,56508,0,,
56598,1363132,56597,60,56607,40,56610,50,56613,60,56614,623700,56614,0,56614,1,56304,95,56615,0,56616,0,56304,0,56616,0,56616,0,56618,52,56627,12,56627,1100000,56628,1100000,56628,1100000,56628,1100000,56629,0,56629,0,56629,0,56629,0,56614,0,,
56696,1363520,56695,60,56699,50,56701,55,56703,50,56705,875050,56705,0,56704,1,56408,95,56705,0,56706,0,56408,0,56706,0,56706,0,56708,52,56714,19,56715,1100000,56715,1100000,56716,1100000,56716,1100000,56716,0,56717,0,56717,0,56717,0,56704,0,,
56797,1363984,56796,22,56799,30,56800,54,56803,14,56804,488400,56804,0,56803,1,56509,95,56804,0,56806,0,56509,0,56806,0,56806,0,56808,31,56816,11,56816,900000,56817,900000,56817,900000,56818,900000,56818,0,56819,0,56819,0,56820,0,56803,0,,
56899,1364356,56897,40,56901,37,56904,50,56908,12,56909,412830,56909,0,56908,1,56615,95,56909,0,56910,0,56615,0,56911,0,56911,0,56913,36,56923,10,56923,900000,56924,900000,56925,900000,56926,900000,56926,0,56927,0,56927,0,56927,0,56908,0,,
56998,1364604,56997,14,57000,22,57003,55,57006,45,57008,403920,57008,0,57007,1,56705,95,57008,0,57009,0,56706,0,57010,0,57010,0,57012,42,57023,14,57023,1100000,57024,1100000,57024,1100000,57025,1100000,57025,0,57026,0,57026,0,57026,0,57007,0,,
57099,1364976,57097,44,57105,12,57107,40,57110,54,57111,610500,57111,0,57111,1,56804,95,57112,0,57113,0,56805,0,57114,0,57114,0,57115,37,57123,14,57124,1100000,57124,1100000,57124,1100000,57125,1100000,57125,0,57125,0,57126,0,57126,0,57110,0,,
57203,1365364,57199,14,57208,37,57212,40,57214,54,57216,590150,57216,0,57215,1,56909,95,57217,0,57219,0,56910,0,57219,0,57220,0,57222,42,57234,13,57234,900000,57235,900000,57236,900000,57237,900000,57238,0,57238,0,57239,0,57239,0,57215,0,,
57301,1365488,57299,50,57311,37,57317,66,57322,55,57324,617760,57323,0,57323,1,57009,95,57324,0,57325,0,57009,0,57325,0,57325,0,57327,52,57335,16,57335,1300000,57337,1300000,57338,1300000,57338,1300000,57338,0,57339,0,57339,0,57339,0,57323,0,,
57401,1361504,57399,54,57405,66,57407,60,57409,33,57411,1135290,57411,0,57410,1,57112,95,57411,0,57412,0,57112,0,57412,0,57412,0,57414,57,57422,23,57423,1200000,57423,1200000,57424,1200000,57424,1200000,57424,0,57425,0,57426,0,57426,0,57410,0,,
57507,1361892,57500,44,57510,12,57514,50,57516,50,57518,730079,57518,0,57517,1,57217,95,57519,0,57520,0,57218,0,57521,0,57522,0,57524,40,57534,14,57535,1200000,57535,1200000,57536,1200000,57537,1200000,57537,0,57538,0,57539,0,57539,0,57517,0,,
57603,1362016,57601,44,57606,33,57611,33,57614,30,57617,655199,57617,0,57615,1,57324,95,57618,0,57618,0,57324,0,57619,0,57619,0,57621,34,57633,13,57634,900000,57634,900000,57634,900000,57635,900000,57636,0,57637,0,57637,0,57638,0,57615,0,,
57704,1362248,57702,72,57708,44,57711,28,57714,37,57715,537570,57715,0,57714,1,57411,95,57716,0,57717,0,57411,0,57718,0,57718,0,57720,47,57731,13,57732,1000000,57732,1000000,57733,1000000,57733,1000000,57733,0,57734,0,57734,0,57734,0,57714,0,,
57804,1362496,57802,50,57806,50,57808,50,57810,25,57812,612500,57811,0,57811,1,57519,95,57812,0,57813,0,57519,0,57814,0,57814,0,57816,46,57824,14,57825,1100000,57825,1100000,57826,1100000,57826,1100000,57826,0,57827,0,57827,0,57827,0,57811,0,,
57908,1362992,57906,37,57910,37,57912,36,57914,40,57915,610500,57915,0,57914,1,57618,95,57915,0,57916,0,57618,0,57916,0,57916,0,57917,34,57926,12,57926,1100000,57927,1100000,57927,1100000,57928,1100000,57928,0,57928,0,57929,0,57929,0,57914,0,,
58005,1361752,58004,45,58011,50,58013,40,58016,37,58018,700040,58017,0,58017,1,57716,95,58018,0,58026,0,57716,0,58027,0,58028,0,58030,50,58046,15,58047,900000,58047,900000,58048,900000,58048,900000,58049,0,58049,0,58049,0,58050,0,58017,0,,
58111,1362668,58107,60,58113,60,58115,100,58117,70,58118,861300,58118,0,58118,1,57812,95,58119,0,58123,0,57813,0,58124,0,58124,0,58126,73,58131,30,58131,1500000,58132,1500000,58132,1500000,58132,1500000,58133,0,58133,0,58133,0,58133,0,58118,0,,
58210,1363164,58209,44,58212,25,58214,66,58217,37,58217,1161000,58217,0,58217,1,57915,95,58218,0,58218,0,57915,0,58218,0,58219,0,58220,35,58229,18,58230,1100000,58230,1100000,58230,1100000,58231,1100000,58231,0,58231,0,58232,0,58232,0,58217,0,,
58309,1363660,58307,44,58313,36,58318,45,58321,40,58322,671550,58322,0,58321,1,58019,95,58323,0,58325,0,58019,0,58326,0,58326,0,58329,45,58341,11,58342,900000,58343,900000,58343,900000,58344,900000,58345,0,58345,0,58345,0,58346,0,58321,0,,
58409,1364140,58407,63,58411,55,58415,37,58417,50,58419,608850,58418,0,58418,1,58119,95,58419,0,58420,0,58119,0,58422,0,58422,0,58424,55,58432,16,58433,1300000,58433,1300000,58433,1300000,58434,1300000,58434,0,58434,0,58434,0,58435,0,58418,0,,
58510,1364776,58509,60,58513,50,58515,25,58517,25,58518,852800,58518,0,58518,1,58218,95,58519,0,58519,0,58218,0,58519,0,58519,0,58521,38,58530,14,58531,1100000,58531,1100000,58532,1100000,58532,1100000,58532,0,58533,0,58533,0,58533,0,58518,0,,
58609,1365272,58608,50,58613,22,58616,40,58618,40,58620,618640,58619,0,58619,1,58323,95,58620,0,58621,0,58323,0,58622,0,58622,0,58625,40,58634,13,58634,900000,58635,900000,58635,900000,58636,900000,58636,0,58637,0,58637,0,58638,0,58619,0,,
58711,1365876,58709,40,58714,60,58718,33,58720,40,58721,513809,58721,0,58720,1,58420,95,58722,0,58723,0,58420,0,58723,0,58724,0,58726,42,58733,13,58734,1100000,58734,1100000,58735,1100000,58735,1100000,58736,0,58736,0,58736,0,58736,0,58720,0,,
58811,1366620,58809,33,58814,33,58816,50,58819,60,58820,716319,58820,0,58819,1,58519,95,58824,0,58826,0,58519,0,58826,0,58826,0,58828,47,58852,17,58852,1300000,58852,1300000,58853,1300000,58853,1300000,58853,0,58855,0,58855,0,58856,0,58819,0,,
58909,1362916,58908,63,58912,40,58913,60,58916,55,58917,1161940,58916,0,58916,1,58620,95,58917,0,58917,0,58621,0,58918,0,58918,0,58919,47,58928,19,58929,1000000,58930,1000000,58930,1000000,58930,1000000,58931,0,58931,0,58931,0,58932,0,58916,0,,
59014,1363040,59013,37,59017,40,59020,50,59023,61,59025,658000,59024,0,59023,1,58722,95,59025,0,59027,0,58722,0,59028,0,59028,0,59030,51,59038,12,59039,900000,59040,900000,59041,900000,59042,900000,59042,0,59043,0,59043,0,59043,0,59023,0,,
59117,1363040,59115,20,59122,20,59127,20,59132,40,59134,297000,59133,0,59132,1,58825,95,59134,0,59135,0,58825,0,59136,0,59136,0,59138,23,59147,5,59147,1100000,59148,1100000,59148,1100000,59148,1100000,59149,0,59149,0,59149,0,59149,0,59132,0,,
59214,1363164,59213,40,59216,33,59218,66,59220,50,59222,769230,59221,0,59221,1,58917,95,59222,0,59223,0,58917,0,59224,0,59224,0,59225,52,59233,20,59233,1500000,59234,1500000,59234,1500000,59234,1500000,59235,0,59236,0,59236,0,59237,0,59221,0,,
59315,1363428,59314,40,59318,22,59320,45,59323,45,59324,1026000,59323,0,59323,1,59026,95,59325,0,59326,0,59026,0,59326,0,59326,0,59328,35,59335,14,59335,900000,59336,900000,59336,900000,59337,900000,59337,0,59337,0,59338,0,59338,0,59323,0,,
59419,1363552,59417,11,59423,27,59428,22,59432,36,59434,285120,59433,0,59433,1,59134,95,59434,0,59435,0,59134,0,59435,0,59435,0,59438,25,59449,5,59450,900000,59451,900000,59451,900000,59452,900000,59452,0,59452,0,59453,0,59453,0,59433,0,,
59520,1363768,59518,33,59525,22,59530,12,59534,45,59536,332640,59536,0,59535,1,59223,95,59537,0,59538,0,59223,0,59539,0,59539,0,59542,32,59551,9,59551,900000,59552,900000,59552,900000,59553,900000,59553,0,59553,0,59554,0,59554,0,59535,0,,
59619,1364124,59618,44,59622,25,59625,25,59628,33,59630,377190,59629,0,59629,1,59325,95,59630,0,59632,0,59325,0,59632,0,59633,0,59634,34,59644,10,59644,1100000,59645,1100000,59645,1100000,59645,1100000,59646,0,59646,0,59647,0,59647,0,59629,0,,
59718,1364372,59717,40,59720,36,59725,11,59727,22,59729,443630,59728,0,59728,1,59434,95,59729,0,59729,0,59434,0,59730,0,59730,0,59731,21,59737,8,59738,1100000,59738,1100000,59738,1100000,59739,1100000,59739,0,59739,0,59740,0,59740,0,59728,0,,
59823,1364480,59821,11,59829,27,59833,30,59836,27,59837,386650,59837,0,59836,1,59537,95,59838,0,59839,0,59538,0,59840,0,59841,0,59843,31,59853,7,59854,1100000,59854,1100000,59855,1100000,59855,1100000,59856,0,59856,0,59857,0,59857,0,59836,0,,
59920,1364728,59919,33,59925,33,59927,40,59930,50,59931,634920,59931,0,59930,1,59631,95,59931,0,59932,0,59631,0,59932,0,59932,0,59934,31,59940,10,59940,1100000,59941,1100000,59942,1100000,59942,1100000,59943,0,59943,0,59943,0,59944,0,59930,0,,
60020,1365224,60018,40,60022,30,60024,50,60026,36,60029,634920,60029,0,60028,1,59729,95,60030,0,60031,0,59729,0,60032,0,60032,0,60034,42,60041,15,60042,1100000,60042,1100000,60043,1100000,60044,1100000,60044,0,60045,0,60046,0,60046,0,60028,0,,
60121,1365224,60119,37,60128,50,60131,12,60133,33,60135,537240,60135,0,60134,1,59838,95,60135,0,60136,0,59838,0,60137,0,60137,0,60139,36,60149,12,60150,900000,60150,900000,60151,900000,60151,900000,60152,0,60152,0,60152,0,60153,0,60134,0,,
60171,1365348,60170,50,60174,75,60179,60,60182,25,60183,623700,60183,0,60182,1,59931,95,60184,0,60184,0,59931,0,60185,0,60185,0,60187,37,60199,6,60200,900000,60200,900000,60201,900000,60201,900000,60202,0,60202,0,60203,0,60203,0,60182,0,,
60271,1362496,60269,25,60276,40,60278,90,60281,60,60282,638550,60282,0,60281,1,60030,95,60282,0,60283,0,60030,0,60283,0,60283,0,60284,58,60290,20,60291,1400000,60292,1400000,60292,1400000,60293,1400000,60293,0,60293,0,60294,0,60294,0,60281,0,,
60371,1362000,60370,40,60373,0,60375,44,60378,58,60379,854839,60379,0,60378,1,60136,95,60379,0,60381,0,60136,0,60381,0,60381,0,60383,37,60389,12,60389,1100000,60390,1100000,60391,1100000,60392,1100000,60393,0,60393,0,60394,0,60394,0,60378,0,,
60472,1362124,60470,45,60475,25,60478,41,60481,44,60482,630850,60482,0,60481,1,60184,95,60483,0,60484,0,60184,0,60484,0,60484,0,60487,43,60498,15,60498,900000,60499,900000,60499,900000,60500,900000,60500,0,60501,0,60501,0,60502,0,60481,0,,
60573,1362124,60572,44,60578,53,60581,40,60584,33,60585,504900,60585,0,60584,1,60282,95,60586,0,60586,0,60282,0,60587,0,60587,0,60589,41,60600,14,60601,1100000,60601,1100000,60602,1100000,60602,1100000,60602,0,60603,0,60603,0,60603,0,60584,0,,
60673,1362248,60671,55,60675,45,60677,40,60679,25,60681,671550,60681,0,60680,1,60380,95,60682,0,60682,0,60380,0,60683,0,60683,0,60684,44,60691,13,60691,1100000,60692,1100000,60693,1100000,60694,1100000,60694,0,60695,0,60695,0,60695,0,60680,0,,
60773,1362620,60772,44,60777,40,60779,30,60781,22,60782,553520,60782,0,60781,1,60483,95,60782,0,60783,0,60484,0,60783,0,60783,0,60785,28,60791,10,60792,800000,60793,800000,60795,800000,60796,800000,60796,0,60797,0,60797,0,60798,0,60781,0,,
60874,1362992,60873,45,60878,63,60880,50,60883,40,60884,491040,60884,0,60884,1,60586,95,60885,0,60885,0,60586,0,60886,0,60886,0,60888,50,60899,15,60899,900000,60900,900000,60900,900000,60901,900000,60901,0,60902,0,60902,0,60903,0,60883,0,,
60974,1363240,60972,37,60977,54,60979,44,60981,40,60982,519750,60982,0,60982,1,60682,95,60983,0,60983,0,60682,0,60984,0,60984,0,60985,47,60993,16,60993,1100000,60994,1100000,60995,1100000,60995,1100000,60996,0,60996,0,60996,0,60997,0,60982,0,,
61074,1363736,61073,45,61077,44,61079,33,61081,50,61083,700040,61082,0,61082,1,60782,95,61083,0,61084,0,60783,0,61084,0,61084,0,61086,45,61093,15,61094,1100000,61095,1100000,61095,1100000,61096,1100000,61097,0,61097,0,61097,0,61098,0,61081,0,,
61176,1364092,61174,33,61179,33,61182,66,61185,33,61186,671550,61186,0,61185,1,60885,95,61186,0,61187,0,60885,0,61189,0,61189,0,61191,39,61199,14,61199,1100000,61200,1100000,61200,1100000,61201,1100000,61201,0,61201,0,61202,0,61202,0,61185,0,,
61276,1364356,61274,33,61278,33,61281,54,61283,50,61284,691900,61284,0,61284,1,60983,95,61285,0,61286,0,60983,0,61286,0,61287,0,61288,46,61297,15,61298,1100000,61299,1100000,61299,1100000,61299,1100000,61300,0,61301,0,61301,0,61302,0,61283,0,,
61376,1364604,61374,33,61378,45,61380,37,61383,50,61384,671550,61384,0,61383,1,61083,95,61384,0,61385,0,61083,0,61385,0,61386,0,61387,41,61396,14,61397,1000000,61397,1000000,61398,1000000,61398,1000000,61399,0,61399,0,61400,0,61400,0,61383,0,,
61479,1364976,61476,50,61482,33,61485,58,61488,50,61490,668500,61489,0,61489,1,61187,95,61490,0,61492,0,61187,0,61493,0,61494,0,61496,51,61504,14,61505,900000,61506,900000,61506,900000,61507,900000,61507,0,61508,0,61508,0,61509,0,61489,0,,
61578,1365348,61576,45,61580,45,61582,50,61584,50,61585,564300,61585,0,61585,1,61285,95,61586,0,61586,0,61285,0,61586,0,61587,0,61588,41,61597,14,61598,1100000,61599,1100000,61599,1100000,61600,1100000,61601,0,61601,0,61601,0,61602,0,61584,0,,
61677,1365736,61676,33,61682,33,61684,45,61686,54,61687,671550,61687,0,61687,1,61384,95,61688,0,61688,0,61384,0,61689,0,61689,0,61690,46,61703,18,61703,1100000,61704,1100000,61705,1100000,61706,1100000,61706,0,61707,0,61708,0,61708,0,61687,0,,
61779,1362016,61778,66,61781,58,61783,55,61785,40,61786,891329,61786,0,61785,1,61491,95,61786,0,61787,0,61491,0,61787,0,61787,0,61789,55,61800,17,61801,900000,61802,900000,61802,900000,61803,900000,61804,0,61804,0,61805,0,61805,0,61785,0,,
61879,1362372,61878,45,61881,27,61883,54,61885,40,61886,493020,61886,0,61885,1,61586,95,61886,0,61887,0,61586,0,61888,0,61888,0,61890,41,61896,14,61896,1100000,61897,1100000,61897,1100000,61898,1100000,61898,0,61898,0,61898,0,61899,0,61885,0,,
61981,1362760,61979,33,61983,22,61985,33,61987,33,61988,492470,61988,0,61987,1,61688,95,61988,0,61989,0,61688,0,61989,0,61989,0,61991,32,62000,12,62001,1100000,62001,1100000,62002,1100000,62002,1100000,62002,0,62003,0,62003,0,62003,0,61987,0,,
62082,1362992,62081,37,62085,30,62087,33,62089,33,62091,541310,62091,0,62090,1,61786,95,62092,0,62093,0,61786,0,62096,0,62096,0,62099,31,62107,10,62108,900000,62108,900000,62109,900000,62110,900000,62111,0,62112,0,62112,0,62113,0,62090,0,,
62183,1363364,62181,22,62185,12,62187,44,62189,40,62190,350460,62190,0,62189,1,61887,95,62191,0,62192,0,61887,0,62193,0,62193,0,62196,34,62203,12,62203,1100000,62204,1100000,62204,1100000,62204,1100000,62205,0,62205,0,62205,0,62206,0,62189,0,,
62282,1363364,62281,66,62284,45,62286,37,62288,25,62290,704110,62289,0,62289,1,61988,95,62290,0,62291,0,61989,0,62293,0,62293,0,62295,40,62302,14,62302,1100000,62303,1100000,62303,1100000,62303,1100000,62304,0,62304,0,62304,0,62305,0,62289,0,,
62383,1363844,62381,44,62386,44,62388,36,62390,40,62392,667480,62391,0,62391,1,62092,95,62392,0,62394,0,62093,0,62397,0,62397,0,62400,42,62407,15,62408,900000,62410,900000,62411,900000,62413,900000,62413,0,62414,0,62415,0,62416,0,62391,0,,
62483,1364092,62482,40,62485,36,62487,28,62489,66,62490,504900,62489,0,62489,1,62191,95,62490,0,62491,0,62192,0,62491,0,62491,0,62493,45,62501,14,62502,1100000,62502,1100000,62503,1100000,62503,1100000,62503,0,62504,0,62504,0,62504,0,62489,0,,
62583,1364480,62582,53,62585,33,62587,40,62589,66,62590,781439,62590,0,62589,1,62290,95,62590,0,62591,0,62291,0,62591,0,62591,0,62596,48,62603,17,62604,1100000,62604,1100000,62604,1100000,62605,1100000,62605,0,62605,0,62606,0,62606,0,62589,0,,
62685,1364728,62683,16,62687,30,62689,14,62696,54,62698,463980,62697,0,62696,1,62393,95,62699,0,62700,0,62393,0,62701,0,62701,0,62703,37,62712,11,62713,900000,62713,900000,62715,900000,62716,900000,62716,0,62717,0,62717,0,62718,0,62696,0,,
62784,1364960,62783,50,62786,40,62788,44,62790,33,62791,495990,62791,0,62791,1,62490,95,62792,0,62793,0,62490,0,62794,0,62794,0,62796,39,62803,12,62803,1100000,62804,1100000,62804,1100000,62804,1100000,62805,0,62805,0,62806,0,62806,0,62790,0,,
62885,1365348,62884,28,62887,25,62889,50,62891,40,62892,582010,62892,0,62891,1,62590,95,62893,0,62894,0,62591,0,62895,0,62896,0,62898,35,62904,12,62904,1100000,62905,1100000,62905,1100000,62906,1100000,62906,0,62906,0,62906,0,62907,0,62891,0,,
62986,1365720,62985,22,62989,11,62991,40,62995,44,62997,476190,62996,0,62996,1,62699,95,62998,0,62999,0,62699,0,63000,0,63001,0,63003,34,63014,10,63015,900000,63016,900000,63017,900000,63017,900000,63018,0,63018,0,63018,0,63019,0,62995,0,,
63087,1365952,63086,44,63089,44,63092,50,63095,63,63097,596970,63097,0,63096,1,62792,95,63098,0,63098,0,62792,0,63098,0,63099,0,63101,44,63110,13,63111,900000,63112,900000,63113,900000,63113,900000,63114,0,63115,0,63116,0,63116,0,63096,0,,
63186,1362248,63185,70,63188,45,63190,33,63192,44,63193,570240,63193,0,63192,1,62893,95,63193,0,63194,0,62893,0,63194,0,63195,0,63196,51,63203,20,63203,1400000,63204,1400000,63204,1400000,63205,1400000,63205,0,63205,0,63206,0,63206,0,63192,0,,
63287,1362480,63286,25,63289,40,63291,30,63293,37,63296,794640,63296,0,63294,1,62998,95,63297,0,63298,0,62998,0,63299,0,63299,0,63300,30,63306,12,63307,1100000,63307,1100000,63308,1100000,63308,1100000,63308,0,63309,0,63309,0,63309,0,63293,0,,
63387,1362728,63386,12,63389,55,63391,22,63393,45,63395,545380,63395,0,63394,1,63098,95,63395,0,63396,0,63098,0,63397,0,63397,0,63399,40,63406,12,63406,1100000,63407,1100000,63407,1100000,63407,1100000,63408,0,63408,0,63408,0,63409,0,63394,0,,
63488,1362976,63487,14,63490,54,63492,40,63494,25,63498,541310,63498,0,63497,1,63193,95,63498,0,63499,0,63194,0,63499,0,63500,0,63501,34,63507,12,63507,1100000,63508,1100000,63508,1100000,63508,1100000,63509,0,63509,0,63509,0,63510,0,63497,0,,
63589,1363240,63588,12,63592,37,63594,33,63598,45,63600,516890,63600,0,63599,1,63297,95,63601,0,63602,0,63297,0,63602,0,63602,0,63604,32,63613,9,63614,900000,63615,900000,63616,900000,63616,900000,63617,0,63617,0,63618,0,63618,0,63599,0,,
63689,1363488,63688,50,63691,50,63694,45,63696,42,63697,555390,63697,0,63696,1,63396,95,63698,0,63699,0,63396,0,63699,0,63699,0,63701,47,63707,16,63708,1100000,63708,1100000,63708,1100000,63709,1100000,63709,0,63709,0,63709,0,63710,0,63696,0,,
63790,1364000,63789,50,63791,40,63793,30,63795,30,63797,610500,63797,0,63796,1,63499,95,63798,0,63799,0,63499,0,63799,0,63799,0,63801,38,63806,13,63807,1100000,63807,1100000,63808,1100000,63808,1100000,63808,0,63809,0,63809,0,63809,0,63796,0,,
63890,1363364,63889,45,63892,54,63894,45,63897,30,63899,708180,63899,0,63898,1,63601,95,63899,0,63900,0,63601,0,63901,0,63901,0,63902,45,63909,15,63909,1100000,63910,1100000,63910,1100000,63911,1100000,63912,0,63912,0,63913,0,63914,0,63898,0,,
63991,1363488,63990,40,63993,55,63997,44,63999,22,64001,655270,64001,0,64000,1,63698,95,64002,0,64003,0,63698,0,64003,0,64003,0,64005,42,64014,15,64015,1100000,64016,1100000,64016,1100000,64017,1100000,64017,0,64018,0,64018,0,64018,0,64000,0,,
64092,1363876,64090,55,64094,54,64097,36,64100,37,64102,740740,64102,0,64101,1,63798,95,64103,0,64104,0,63798,0,64105,0,64105,0,64107,45,64117,14,64118,900000,64118,900000,64119,900000,64120,900000,64121,0,64121,0,64122,0,64122,0,64101,0,,
64192,1364124,64191,58,64195,66,64198,44,64201,54,64202,659340,64202,0,64201,1,63899,95,64203,0,64204,0,63900,0,64205,0,64205,0,64207,56,64217,16,64218,900000,64219,900000,64220,900000,64220,900000,64221,0,64221,0,64222,0,64222,0,64201,0,,
64292,1364496,64291,54,64296,63,64299,40,64301,50,64303,614790,64302,0,64302,1,64002,95,64303,0,64304,0,64002,0,64304,0,64305,0,64306,53,64315,19,64315,1100000,64316,1100000,64317,1100000,64317,1100000,64318,0,64318,0,64318,0,64319,0,64302,0,,
64393,1364992,64392,36,64395,45,64401,63,64403,40,64404,748879,64404,0,64404,1,64103,95,64405,0,64405,0,64103,0,64406,0,64406,0,64407,44,64418,16,64419,1100000,64419,1100000,64420,1100000,64420,1100000,64421,0,64421,0,64421,0,64422,0,64403,0,,
64494,1365488,64492,40,64496,30,64498,25,64501,70,64502,671550,64502,0,64501,1,64203,95,64503,0,64504,0,64204,0,64504,0,64504,0,64506,44,64514,15,64515,1100000,64515,1100000,64516,1100000,64516,1100000,64517,0,64517,0,64518,0,64518,0,64501,0,,
64594,1366480,64593,40,64597,44,64600,12,64602,50,64603,594220,64603,0,64603,1,64303,95,64604,0,64604,0,64303,0,64605,0,64605,0,64606,39,64618,14,64618,1100000,64619,1100000,64620,1100000,64621,1100000,64621,0,64622,0,64622,0,64623,0,64603,0,,
64694,1362372,64693,66,64697,60,64700,44,64703,40,64704,854700,64704,0,64703,1,64405,95,64704,0,64705,0,64405,0,64705,0,64705,0,64707,51,64715,17,64716,1100000,64716,1100000,64717,1100000,64718,1100000,64718,0,64719,0,64719,0,64719,0,64703,0,,
64794,1362372,64793,54,64797,14,64799,42,64801,40,64802,610500,64802,0,64801,1,64503,95,64803,0,64803,0,64503,0,64803,0,64804,0,64805,38,64811,13,64811,1100000,64812,1100000,64812,1100000,64813,1100000,64813,0,64813,0,64814,0,64814,0,64801,0,,
64895,1362760,64894,20,64897,18,64899,36,64901,11,64902,345949,64902,0,64901,1,64604,95,64903,0,64904,0,64604,0,64904,0,64904,0,64906,20,64913,6,64914,900000,64915,900000,64915,900000,64916,900000,64916,0,64917,0,64917,0,64917,0,64901,0,,
64996,1362992,64994,22,64998,12,65000,33,65002,20,65003,258390,65003,0,65002,1,64704,95,65003,0,65004,0,64704,0,65005,0,65005,0,65007,22,65013,7,65014,1100000,65014,1100000,65014,1100000,65015,1100000,65015,0,65016,0,65016,0,65016,0,65002,0,,
65096,1363504,65095,27,65099,25,65101,44,65103,22,65104,480260,65104,0,65104,1,64803,95,65105,0,65105,0,64803,0,65106,0,65106,0,65107,30,65114,11,65115,1100000,65116,1100000,65116,1100000,65117,1100000,65117,0,65118,0,65118,0,65118,0,65104,0,,
65198,1363628,65196,50,65202,33,65204,60,65207,33,65208,716319,65208,0,65208,1,64903,95,65209,0,65209,0,64903,0,65210,0,65210,0,65212,43,65224,13,65225,1100000,65225,1100000,65225,1100000,65226,1100000,65226,0,65226,0,65227,0,65227,0,65207,0,,
65297,1363860,65296,25,65299,14,65302,63,65304,25,65305,516890,65305,0,65305,1,65004,95,65306,0,65306,0,65004,0,65307,0,65307,0,65309,35,65319,11,65320,1100000,65320,1100000,65321,1100000,65321,1100000,65322,0,65322,0,65322,0,65322,0,65304,0,,
65398,1364248,65396,66,65400,33,65403,25,65405,33,65406,638990,65406,0,65405,1,65105,95,65406,0,65407,0,65105,0,65407,0,65407,0,65409,42,65417,14,65418,1100000,65419,1100000,65420,1100000,65420,1100000,65421,0,65422,0,65422,0,65422,0,65405,0,,
65498,1364620,65497,50,65500,30,65503,22,65505,45,65506,598290,65506,0,65505,1,65209,95,65506,0,65507,0,65209,0,65508,0,65508,0,65509,39,65518,15,65519,1100000,65519,1100000,65520,1100000,65521,1100000,65521,0,65522,0,65522,0,65523,0,65505,0,,
65599,1365008,65598,55,65601,40,65603,14,65605,50,65606,647130,65606,0,65606,1,65306,95,65606,0,65607,0,65306,0,65607,0,65607,0,65609,39,65617,12,65618,1100000,65618,1100000,65619,1100000,65619,1100000,65619,0,65620,0,65620,0,65620,0,65605,0,,
65700,1365256,65698,40,65703,63,65705,40,65707,33,65708,716319,65708,0,65707,1,65406,95,65708,0,65709,0,65406,0,65709,0,65709,0,65711,45,65719,13,65720,1100000,65720,1100000,65721,1100000,65721,1300000,65722,0,65722,0,65722,0,65723,0,65707,0,,
65799,1365736,65798,28,65801,44,65803,33,65805,40,65806,640550,65806,0,65805,1,65507,95,65806,0,65807,0,65507,0,65807,0,65807,0,65808,36,65816,14,65817,1300000,65817,1300000,65818,1300000,65818,1300000,65819,0,65819,0,65819,0,65819,0,65805,0,,
65902,1366232,65899,50,65904,22,65907,12,65910,44,65912,682240,65912,0,65911,1,65607,95,65912,0,65913,0,65607,0,65914,0,65915,0,65917,31,65926,11,65927,900000,65927,900000,65928,900000,65928,900000,65928,0,65929,0,65929,0,65929,0,65911,0,,
66002,1366480,66001,50,66004,50,66006,40,66008,66,66009,611820,66009,0,66008,1,65708,95,66009,0,66010,0,65708,0,66010,0,66010,0,66012,53,66021,18,66021,1100000,66022,1100000,66022,1100000,66023,1100000,66023,0,66024,0,66024,0,66024,0,66008,0,,
66101,1363132,66099,44,66102,30,66104,50,66105,70,66106,789579,66106,0,66106,1,65806,95,66106,0,66107,0,65806,0,66107,0,66107,0,66108,50,66113,22,66114,1400000,66116,1400000,66116,1400000,66117,1400000,66117,0,66118,0,66118,0,66118,0,66106,0,,
66204,1363272,66202,50,66208,37,66212,40,66215,40,66217,1005339,66217,0,66216,1,65912,95,66218,0,66219,0,65912,0,66220,0,66221,0,66223,42,66230,13,66231,900000,66232,900000,66233,900000,66234,900000,66235,0,66236,0,66237,0,66237,0,66215,0,,
66303,1363520,66301,37,66305,44,66306,40,66308,60,66309,537569,66309,0,66309,1,66009,95,66310,0,66310,0,66009,0,66310,0,66311,0,66312,45,66321,16,66322,1100000,66322,1100000,66323,1100000,66323,1100000,66324,0,66324,0,66325,0,66325,0,66308,0,,
66402,1363644,66401,30,66404,50,66406,30,66408,22,66409,537240,66409,0,66408,1,66107,95,66409,0,66410,0,66107,0,66410,0,66410,0,66412,31,66417,11,66418,1100000,66418,1100000,66419,1100000,66419,1100000,66419,0,66420,0,66420,0,66420,0,66408,0,,
66503,1363892,66502,22,66505,45,66507,20,66509,36,66510,500610,66510,0,66509,1,66218,95,66510,0,66511,0,66218,0,66511,0,66511,0,66513,34,66520,10,66520,1100000,66521,1100000,66521,1100000,66522,1100000,66522,0,66522,0,66523,0,66523,0,66509,0,,
66604,1364016,66603,25,66606,54,66608,50,66609,25,66611,626780,66610,0,66610,1,66310,95,66611,0,66612,0,66310,0,66612,0,66612,0,66614,38,66623,13,66624,1100000,66624,1100000,66624,1100000,66625,1100000,66625,0,66626,0,66626,0,66626,0,66610,0,,
66706,1364372,66705,12,66708,45,66710,44,66712,36,66713,557590,66713,0,66712,1,66409,95,66713,0,66714,0,66409,0,66715,0,66715,0,66717,37,66724,13,66724,1100000,66725,1100000,66725,1100000,66726,1100000,66726,0,66727,0,66727,0,66727,0,66712,0,,
66806,1364744,66805,45,66808,50,66810,33,66812,44,66813,700040,66813,0,66813,1,66510,95,66814,0,66814,0,66511,0,66815,0,66816,0,66817,41,66825,15,66826,1100000,66826,1100000,66826,1100000,66827,1100000,66827,0,66827,0,66828,0,66828,0,66813,0,,
66908,1364992,66906,45,66910,40,66914,22,66916,44,66919,614570,66918,0,66917,1,66611,95,66919,0,66922,0,66611,0,66922,0,66923,0,66925,41,66934,14,66937,1100000,66938,1100000,66939,1100000,66939,1100000,66940,0,66940,0,66941,0,66941,0,66917,0,,
67007,1365240,67006,66,67009,33,67011,33,67013,25,67014,638990,67014,0,67013,1,66714,95,67015,0,67017,0,66714,0,67017,0,67018,0,67020,37,67026,13,67026,1100000,67027,1100000,67027,1100000,67027,1100000,67028,0,67028,0,67028,0,67029,0,67013,0,,
67108,1365628,67107,40,67109,54,67111,33,67113,0,67114,516890,67114,0,67113,1,66814,95,67115,0,67116,0,66814,0,67117,0,67117,0,67119,36,67125,12,67126,1100000,67126,1100000,67127,1100000,67127,1100000,67127,0,67128,0,67128,0,67128,0,67113,0,,
67209,1365968,67208,37,67212,50,67214,44,67217,45,67219,716320,67219,0,67218,1,66920,95,67219,0,67220,0,66921,0,67221,0,67221,0,67223,47,67228,14,67229,1100000,67230,1100000,67230,1100000,67230,1100000,67231,0,67231,0,67232,0,67232,0,67218,0,,
67309,1366340,67308,40,67311,44,67313,60,67315,14,67317,643060,67317,0,67316,1,67016,95,67318,0,67319,0,67016,0,67320,0,67320,0,67322,37,67328,13,67328,1100000,67329,1100000,67329,1100000,67329,1100000,67330,0,67330,0,67330,0,67331,0,67316,0,,
67409,1366588,67408,30,67411,0,67414,50,67416,33,67418,459910,67418,0,67417,1,67115,95,67420,0,67422,0,67115,0,67422,0,67423,0,67425,30,67433,10,67434,900000,67435,900000,67436,900000,67438,1100000,67439,0,67440,0,67440,0,67441,0,67417,0,,
67512,1366960,67511,33,67514,37,67517,55,67520,50,67522,574750,67522,0,67521,1,67220,95,67523,0,67524,0,67220,0,67524,0,67524,0,67526,51,67542,18,67542,1400000,67543,1400000,67543,1400000,67543,1400000,67544,0,67544,0,67544,0,67544,0,67521,0,,
67610,1363132,67609,44,67612,50,67614,40,67619,22,67620,939120,67620,0,67620,1,67318,95,67621,0,67622,0,67319,0,67622,0,67622,0,67624,33,67629,14,67630,1100000,67630,1100000,67631,900000,67631,900000,67632,0,67632,0,67633,0,67633,0,67620,0,,
67711,1363256,67710,11,67713,33,67715,11,67717,20,67719,271150,67718,0,67718,1,67421,95,67719,0,67720,0,67421,0,67720,0,67720,0,67722,17,67728,5,67728,1100000,67729,1100000,67729,1100000,67729,1100000,67730,0,67731,0,67731,0,67732,0,67717,0,,
67811,1363256,67810,12,67813,45,67815,0,67817,36,67818,378510,67818,0,67817,1,67523,95,67819,0,67819,0,67523,0,67820,0,67820,0,67821,26,67827,8,67828,1100000,67828,1100000,67828,1100000,67829,1100000,67829,0,67829,0,67830,0,67830,0,67817,0,,
67914,1363364,67912,0,67916,25,67918,20,67921,30,67922,305250,67922,0,67921,1,67621,95,67922,0,67923,0,67621,0,67924,0,67924,0,67926,26,67932,7,67932,1100000,67933,1100000,67934,1100000,67934,1100000,67935,0,67935,0,67936,0,67936,0,67921,0,,
68013,1363488,68012,33,68015,22,68018,22,68020,55,68023,537240,68022,0,68021,1,67719,95,68023,0,68024,0,67719,0,68025,0,68025,0,68027,29,68034,10,68035,1100000,68036,1100000,68037,1100000,68037,1100000,68038,0,68039,0,68039,0,68040,0,68021,0,,
68114,1363876,68113,63,68117,30,68120,25,68124,22,68126,569800,68125,0,68125,1,67819,95,68126,0,68127,0,67819,0,68127,0,68127,0,68129,37,68140,13,68142,1200000,68143,1200000,68143,1200000,68143,1200000,68144,0,68144,0,68144,0,68144,0,68124,0,,
68213,1364248,68212,60,68215,33,68219,33,68221,40,68222,776880,68222,0,68222,1,67923,95,68223,0,68224,0,67923,0,68224,0,68224,0,68226,40,68231,15,68231,1200000,68232,1200000,68233,1200000,68233,1200000,68234,0,68234,0,68235,0,68236,0,68222,0,,
68314,1364868,68313,55,68316,28,68318,30,68320,40,68322,716040,68321,0,68321,1,68023,95,68322,0,68323,0,68024,0,68324,0,68324,0,68326,41,68332,15,68332,1100000,68333,1100000,68333,1100000,68334,1100000,68335,0,68335,0,68336,0,68337,0,68321,0,,
68414,1365240,68413,50,68416,22,68418,40,68421,40,68423,618640,68422,0,68422,1,68126,95,68423,0,68424,0,68126,0,68425,0,68425,0,68427,38,68433,14,68434,1100000,68435,1100000,68435,1100000,68436,1100000,68437,0,68437,0,68438,0,68438,0,68421,0,,
68515,1365240,68514,44,68517,25,68519,33,68522,40,68523,577940,68523,0,68522,1,68223,95,68524,0,68524,0,68223,0,68525,0,68525,0,68527,34,68532,14,68533,1100000,68533,1100000,68534,1100000,68535,1100000,68536,0,68536,0,68537,0,68537,0,68522,0,,
68616,1365844,68614,42,68618,40,68620,36,68622,50,68623,683760,68623,0,68623,1,68322,95,68624,0,68624,0,68323,0,68625,0,68625,0,68626,41,68632,16,68633,1200000,68633,1200000,68634,1200000,68635,1200000,68636,0,68636,0,68637,0,68638,0,68622,0,,
68716,1366124,68715,58,68718,50,68720,25,68722,45,68724,833040,68724,0,68723,1,68424,95,68724,0,68725,0,68424,0,68725,0,68725,0,68727,47,68732,17,68733,1100000,68733,1100000,68734,1100000,68735,1100000,68735,0,68736,0,68737,0,68737,0,68723,0,,
68817,1366464,68815,40,68819,54,68822,41,68824,41,68825,716320,68825,0,68824,1,68524,95,68826,0,68827,0,68524,0,68827,0,68827,0,68829,43,68836,15,68837,1000000,68838,1000000,68839,1000000,68840,1000000,68840,0,68841,0,68841,0,68842,0,68824,0,,
68917,1366712,68916,28,68919,72,68923,45,68925,30,68926,612500,68926,0,68926,1,68624,95,68927,0,68927,0,68624,0,68928,0,68928,0,68929,45,68938,16,68939,1100000,68940,1100000,68940,1100000,68941,1300000,68941,0,68942,0,68942,0,68943,0,68925,0,,
69017,1362760,69016,50,69019,54,69023,70,69025,54,69026,996000,69026,0,69025,1,68724,95,69026,0,69027,0,68724,0,69027,0,69027,0,69029,56,69034,24,69035,1200000,69036,1200000,69036,1200000,69037,1200000,69038,0,69038,0,69039,0,69039,0,69025,0,,
69118,1362760,69117,25,69120,40,69123,14,69125,33,69126,524160,69126,0,69125,1,68826,95,69126,0,69127,0,68826,0,69127,0,69127,0,69129,32,69136,13,69136,1100000,69137,1100000,69138,1100000,69139,1100000,69139,0,69140,0,69141,0,69141,0,69125,0,,
69218,1362992,69217,41,69221,33,69223,50,69225,54,69227,724459,69226,0,69226,1,68927,95,69227,0,69228,0,68927,0,69228,0,69228,0,69230,44,69236,16,69237,1200000,69238,1200000,69238,1200000,69239,1200000,69240,0,69241,0,69241,0,69242,0,69226,0,,
69319,1363256,69317,50,69322,22,69324,44,69326,44,69327,748800,69327,0,69327,1,69026,95,69328,0,69328,0,69027,0,69328,0,69329,0,69330,38,69338,15,69339,1100000,69340,1100000,69341,1100000,69341,1100000,69342,0,69342,0,69342,0,69343,0,69326,0,,
69419,1363504,69418,50,69422,45,69424,50,69426,33,69428,724460,69427,0,69427,1,69127,95,69428,0,69428,0,69127,0,69429,0,69429,0,69431,47,69438,16,69439,1100000,69440,1100000,69440,1100000,69441,1100000,69441,0,69442,0,69442,0,69442,0,69427,0,,
69520,1363736,69518,40,69522,25,69525,37,69527,50,69528,618640,69528,0,69527,1,69227,95,69528,0,69529,0,69227,0,69529,0,69529,0,69532,38,69542,14,69542,1100000,69543,1100000,69543,1100000,69543,1100000,69544,0,69544,0,69544,0,69545,0,69527,0,,
69620,1364108,69619,55,69623,36,69625,44,69627,33,69628,683760,69628,0,69627,1,69328,95,69628,0,69629,0,69328,0,69629,0,69629,0,69631,42,69642,13,69643,1100000,69643,1100000,69643,1100000,69644,1100000,69644,0,69644,0,69645,0,69645,0,69627,0,,
69722,1363488,69721,50,69725,33,69727,33,69729,40,69730,634920,69730,0,69729,1,69428,95,69731,0,69731,0,69428,0,69732,0,69732,0,69733,39,69742,13,69743,1100000,69743,1100000,69744,1100000,69744,1100000,69744,0,69745,0,69745,0,69745,0,69729,0,,
69822,1363364,69820,45,69824,12,69827,25,69829,37,69830,484330,69830,0,69829,1,69528,95,69831,0,69832,0,69528,0,69833,0,69833,0,69835,34,69844,11,69845,1300000,69845,1300000,69846,1300000,69846,1300000,69847,0,69847,0,69847,0,69848,0,69829,0,,
69922,1364124,69921,66,69924,63,69926,70,69928,50,69929,1327170,69929,0,69929,1,69629,95,69930,0,69931,0,69629,0,69931,0,69931,0,69933,62,69942,26,69942,1200000,69943,1200000,69943,1200000,69944,1200000,69944,0,69945,0,69945,0,69945,0,69929,0,,
70023,1364868,70021,50,70025,60,70027,45,70029,70,70030,1053000,70030,0,70030,1,69731,95,70031,0,70032,0,69731,0,70033,0,70033,0,70035,55,70044,21,70045,1100000,70045,1100000,70046,1100000,70046,1100000,70046,0,70047,0,70047,0,70047,0,70029,0,,
70124,1365488,70123,50,70128,40,70130,33,70133,22,70134,590150,70134,0,70133,1,69832,95,70134,0,70135,0,69832,0,70136,0,70136,0,70138,37,70145,13,70145,1100000,70146,1100000,70146,1100000,70146,1100000,70147,0,70147,0,70147,0,70147,0,70133,0,,
70226,1365984,70224,25,70228,33,70231,30,70234,28,70238,472120,70237,0,70236,1,69930,95,70239,0,70240,0,69930,0,70241,0,70241,0,70244,34,70253,11,70254,1100000,70255,1100000,70255,1100000,70256,1100000,70257,0,70257,0,70258,0,70258,0,70235,0,,
70325,1366588,70324,50,70328,50,70330,28,70333,50,70334,724460,70334,0,70333,1,70032,95,70334,0,70335,0,70032,0,70336,0,70336,0,70338,38,70347,15,70348,1100000,70349,1100000,70349,1100000,70349,1100000,70350,0,70351,0,70352,0,70352,0,70333,0,,
70425,1363008,70424,42,70427,25,70430,63,70432,55,70433,752950,70433,0,70432,1,70134,95,70433,0,70434,0,70134,0,70434,0,70434,0,70436,52,70445,18,70445,1100000,70446,1100000,70446,1100000,70446,1100000,70447,0,70447,0,70448,0,70448,0,70432,0,,
70527,1363132,70525,45,70529,37,70533,55,70544,33,70545,691900,70545,0,70544,1,70239,95,70546,0,70547,0,70239,0,70547,0,70547,0,70549,46,70558,12,70558,1100000,70559,1100000,70559,1100000,70559,1100000,70560,0,70560,0,70561,0,70561,0,70544,0,,
70626,1363132,70625,44,70629,33,70631,33,70633,72,70635,740740,70635,0,70634,1,70335,95,70636,0,70637,0,70335,0,70638,0,70638,0,70640,44,70648,17,70649,1100000,70650,1100000,70650,1100000,70651,1100000,70651,0,70652,0,70652,0,70653,0,70634,0,,
70729,1363504,70727,45,70732,33,70734,45,70737,40,70739,663410,70739,0,70738,1,70433,95,70740,0,70742,0,70433,0,70743,0,70743,0,70746,43,70754,14,70755,900000,70756,900000,70756,900000,70757,900000,70758,0,70759,0,70760,0,70761,0,70738,0,,
70830,1363860,70828,50,70832,45,70834,63,70836,44,70838,599940,70838,0,70836,1,70546,95,70839,0,70840,0,70546,0,70841,0,70841,0,70843,51,70849,16,70850,1100000,70850,1100000,70851,1100000,70851,1100000,70852,0,70852,0,70852,0,70852,0,70836,0,,
70930,1364232,70929,33,70932,60,70934,40,70936,41,70938,708180,70937,0,70937,1,70636,95,70938,0,70939,0,70636,0,70940,0,70941,0,70943,44,70948,15,70949,1100000,70949,1100000,70950,1100000,70950,1100000,70951,0,70951,0,70951,0,70951,0,70936,0,,
71031,1364604,71029,25,71034,40,71037,40,71040,33,71043,561660,71042,0,71041,1,70741,95,71043,0,71044,0,70741,0,71045,0,71045,0,71047,35,71056,12,71057,900000,71058,900000,71059,900000,71059,900000,71060,0,71061,0,71061,0,71061,0,71041,0,,
71132,1364976,71130,33,71134,40,71143,54,71145,54,71146,537570,71146,0,71145,1,70839,95,71147,0,71147,0,70839,0,71148,0,71148,0,71149,46,71158,14,71159,1100000,71160,1100000,71161,1100000,71162,1100000,71162,0,71162,0,71163,0,71163,0,71145,0,,
71231,1365224,71230,50,71233,45,71235,60,71237,44,71239,809930,71238,0,71238,1,70939,95,71239,0,71241,0,70939,0,71241,0,71242,0,71243,47,71251,17,71252,1100000,71253,1100000,71253,1100000,71254,1100000,71255,0,71255,0,71256,0,71256,0,71237,0,,
71332,1365596,71330,44,71333,30,71335,40,71337,60,71339,708180,71339,0,71338,1,71044,95,71339,0,71341,0,71044,0,71342,0,71342,0,71344,43,71352,15,71353,900000,71354,900000,71354,900000,71356,900000,71356,0,71357,0,71358,0,71359,0,71338,0,,
71432,1365844,71431,40,71435,50,71437,40,71440,54,71442,546480,71442,0,71441,1,71147,95,71442,0,71443,0,71147,0,71444,0,71444,0,71446,48,71451,15,71452,1100000,71452,1100000,71453,1100000,71454,1100000,71455,0,71455,0,71456,0,71457,0,71441,0,,
71534,1366248,71533,50,71536,40,71538,40,71541,45,71542,712250,71542,0,71542,1,71240,95,71543,0,71544,0,71240,0,71544,0,71544,0,71546,42,71551,16,71552,1100000,71552,1100000,71552,1100000,71553,1100000,71553,0,71554,0,71554,0,71555,0,71542,0,,
71635,1366620,71634,54,71638,22,71642,30,71645,36,71646,577939,71646,0,71645,1,71340,95,71647,0,71647,0,71340,0,71648,0,71648,0,71650,34,71661,12,71661,900000,71662,900000,71662,900000,71663,900000,71663,0,71664,0,71664,0,71664,0,71645,0,,
71735,1366976,71734,44,71741,55,71744,45,71746,45,71747,561330,71747,0,71746,1,71443,95,71747,0,71748,0,71443,0,71748,0,71748,0,71750,47,71764,16,71764,1100000,71765,1100000,71766,1100000,71767,1100000,71767,0,71768,0,71768,0,71769,0,71746,0,,
71835,1363008,71834,37,71837,63,71839,75,71841,37,71842,862840,71842,0,71841,1,71543,95,71843,0,71843,0,71543,0,71844,0,71844,0,71845,55,71849,24,71850,1500000,71850,1500000,71851,1500000,71851,1500000,71851,0,71851,0,71852,0,71852,0,71841,0,,
71937,1363380,71936,44,71943,46,71946,40,71948,50,71950,1215000,71950,0,71949,1,71647,95,71950,0,71951,0,71647,0,71952,0,71952,0,71954,42,71964,15,71965,900000,71965,900000,71966,900000,71966,900000,71967,0,71967,0,71967,0,71968,0,71949,0,,
72037,1363612,72036,54,72043,60,72046,37,72048,33,72049,546480,72049,0,72048,1,71747,95,72049,0,72050,0,71747,0,72051,0,72051,0,72053,48,72061,13,72062,1100000,72063,1100000,72063,1100000,72063,1100000,72064,0,72064,0,72064,0,72065,0,72048,0,,
72137,1363736,72136,33,72140,40,72142,58,72145,45,72146,716319,72146,0,72145,1,71843,95,72146,0,72147,0,71843,0,72148,0,72148,0,72149,46,72156,16,72157,1100000,72157,1100000,72158,1100000,72159,1100000,72160,0,72160,0,72161,0,72161,0,72145,0,,
72238,1363736,72237,44,72242,25,72244,14,72247,44,72249,516890,72248,0,72248,1,71951,95,72249,0,72250,0,71951,0,72250,0,72251,0,72253,32,72265,11,72265,900000,72266,900000,72266,900000,72267,900000,72267,0,72268,0,72268,0,72268,0,72248,0,,
72339,1364000,72337,22,72342,11,72345,36,72348,50,72350,353430,72350,0,72349,1,72050,95,72351,0,72352,0,72050,0,72352,0,72352,0,72355,34,72368,11,72369,900000,72369,900000,72370,900000,72370,900000,72371,0,72371,0,72373,0,72374,0,72349,0,,
72438,1364248,72437,37,72441,25,72443,25,72446,54,72447,418770,72447,0,72446,1,72147,95,72448,0,72449,0,72147,0,72449,0,72449,0,72451,34,72459,14,72460,1100000,72461,1100000,72461,1100000,72462,1100000,72462,0,72462,0,72463,0,72463,0,72446,0,,
72539,1364728,72537,40,72542,45,72544,50,72546,50,72548,752950,72547,0,72547,1,72249,95,72548,0,72549,0,72249,0,72549,0,72549,0,72550,45,72557,15,72558,1100000,72559,1100000,72560,1100000,72560,1100000,72561,0,72561,0,72562,0,72562,0,72547,0,,
72646,1364852,72643,37,72649,50,72652,33,72656,33,72658,622710,72657,0,72656,1,72351,95,72659,0,72660,0,72351,0,72661,0,72662,0,72664,43,72672,11,72673,900000,72674,900000,72674,900000,72675,900000,72676,0,72677,0,72678,0,72678,0,72656,0,,
72744,1365348,72742,22,72746,45,72748,37,72750,33,72751,406890,72751,0,72750,1,72448,95,72751,0,72752,0,72448,0,72752,0,72752,0,72754,27,72762,9,72763,1100000,72763,1100000,72763,1100000,72764,1100000,72764,0,72764,0,72765,0,72765,0,72750,0,,
72844,1365720,72843,12,72846,25,72848,22,72850,40,72852,402930,72852,0,72851,1,72548,95,72852,0,72853,0,72548,0,72853,0,72853,0,72855,25,72862,9,72863,1100000,72863,1100000,72864,1100000,72864,1100000,72864,0,72865,0,72865,0,72865,0,72850,0,,
72951,1365844,72944,36,72955,25,72959,11,72962,30,72964,415140,72964,0,72963,1,72659,95,72965,0,72966,0,72659,0,72967,0,72967,0,72971,31,72980,8,72981,1100000,72981,1100000,72982,1100000,72982,1100000,72982,0,72983,0,72983,0,72983,0,72963,0,,
73050,1366324,73043,60,73052,30,73054,45,73057,42,73058,720389,73058,0,73058,1,72752,95,73059,0,73060,0,72752,0,73060,0,73061,0,73062,44,73069,14,73070,1100000,73070,1100000,73071,1100000,73071,1100000,73071,0,73072,0,73072,0,73072,0,73057,0,,
73149,1366728,73148,33,73151,36,73153,37,73155,36,73157,577939,73156,0,73156,1,72852,95,73157,0,73159,0,72852,0,73159,0,73159,0,73162,36,73169,13,73170,900000,73171,900000,73171,900000,73172,900000,73172,0,73173,0,73174,0,73174,0,73155,0,,
73251,1367332,73249,44,73255,50,73260,50,73266,40,73268,546480,73268,0,73267,1,72965,95,73268,0,73269,0,72965,0,73270,0,73270,0,73278,50,73287,17,73287,1400000,73288,1400000,73288,1400000,73288,1400000,73289,0,73289,0,73290,0,73291,0,73267,0,,
73349,1364232,73348,50,73351,37,73353,66,73355,44,73360,1185940,73359,0,73355,1,73059,95,73360,0,73362,0,73059,0,73362,0,73363,0,73364,41,73370,20,73370,1100000,73371,1100000,73371,1100000,73372,1100000,73372,0,73372,0,73373,0,73373,0,73355,0,,
73450,1364232,73449,50,73453,41,73455,12,73458,33,73460,553520,73460,0,73458,1,73158,95,73461,0,73462,0,73158,0,73463,0,73463,0,73465,41,73472,14,73472,1100000,73473,1100000,73474,1100000,73475,1100000,73476,0,73477,0,73478,0,73478,0,73458,0,,
73550,1364372,73549,42,73552,44,73555,40,73560,40,73562,675619,73562,0,73561,1,73269,95,73563,0,73564,0,73269,0,73565,0,73565,0,73566,38,73574,15,73575,1100000,73576,1100000,73577,1100000,73578,1100000,73578,0,73579,0,73579,0,73580,0,73561,0,,
73652,1364372,73651,50,73655,30,73658,45,73661,25,73664,610500,73663,0,73663,1,73361,95,73665,0,73666,0,73361,0,73667,0,73667,0,73669,39,73679,13,73680,900000,73682,1200000,73683,1200000,73683,1200000,73684,0,73684,0,73684,0,73684,0,73662,0,,
73751,1364496,73750,63,73753,33,73755,33,73761,36,73762,664470,73762,0,73761,1,73461,95,73762,0,73763,0,73462,0,73764,0,73764,0,73765,37,73770,14,73771,1200000,73771,1200000,73772,1200000,73772,1200000,73772,0,73773,0,73773,0,73774,0,73761,0,,
73852,1364728,73851,40,73854,54,73856,37,73858,33,73860,767520,73860,0,73859,1,73563,95,73861,0,73862,0,73563,0,73863,0,73863,0,73864,45,73870,17,73871,1100000,73871,1100000,73872,1100000,73872,1100000,73872,0,73873,0,73873,0,73874,0,73859,0,,
73953,1365116,73951,33,73954,50,73960,40,73963,33,73964,634920,73964,0,73963,1,73665,95,73965,0,73965,0,73666,0,73966,0,73966,0,73967,37,73973,14,73974,1000000,73975,1000000,73976,1000000,73977,1000000,73978,0,73978,0,73979,0,73979,0,73963,0,,
74053,1365240,74052,45,74055,54,74057,50,74060,45,74062,679000,74061,0,74061,1,73762,95,74062,0,74063,0,73763,0,74064,0,74064,0,74066,51,74074,20,74076,1100000,74076,1100000,74077,1100000,74078,1100000,74078,0,74079,0,74079,0,74080,0,74061,0,,
74153,1365612,74152,50,74155,33,74157,63,74159,45,74161,777370,74161,0,74160,1,73861,95,74162,0,74163,0,73861,0,74163,0,74163,0,74165,48,74171,17,74172,1100000,74172,1100000,74172,1100000,74173,1100000,74173,0,74174,0,74174,0,74175,0,74160,0,,
74255,1365876,74253,33,74260,50,74266,54,74269,54,74270,777370,74270,0,74269,1,73965,95,74271,0,74271,0,73965,0,74272,0,74272,0,74274,45,74286,13,74286,1100000,74287,1100000,74287,1100000,74288,1100000,74288,0,74288,0,74288,0,74289,0,74269,0,,
74354,1366248,74353,44,74356,25,74358,50,74360,44,74362,663410,74362,0,74361,1,74063,95,74362,0,74363,0,74063,0,74364,0,74365,0,74367,43,74372,16,74373,1200000,74373,1200000,74374,1200000,74375,1200000,74376,0,74376,0,74377,0,74378,0,74361,0,,
74455,1366496,74454,60,74456,63,74459,50,74462,50,74464,1043639,74463,0,74463,1,74162,95,74464,0,74465,0,74162,0,74466,0,74466,0,74468,55,74480,20,74482,1300000,74483,1300000,74483,1300000,74483,1300000,74484,0,74484,0,74484,0,74485,0,74462,0,,
74565,1367008,74556,50,74568,50,74572,40,74575,50,74577,1012700,74577,0,74576,1,74271,95,74578,0,74580,0,74271,0,74581,0,74582,0,74584,51,74592,18,74593,900000,74594,900000,74594,900000,74595,900000,74595,0,74596,0,74596,0,74597,0,74576,0,,
74656,1367472,74655,33,74661,37,74663,42,74666,37,74667,442530,74667,0,74666,1,74363,95,74667,0,74668,0,74363,0,74669,0,74669,0,74671,28,74680,11,74681,1100000,74682,1100000,74683,1100000,74683,1100000,74683,0,74684,0,74684,0,74684,0,74666,0,,
74756,1363860,74755,36,74758,50,74760,30,74762,70,74763,757020,74763,0,74762,1,74464,95,74763,0,74764,0,74465,0,74764,0,74764,0,74765,46,74770,20,74772,1100000,74772,1100000,74773,1100000,74773,1100000,74773,0,74774,0,74774,0,74774,0,74762,0,,
74860,1363860,74858,30,74865,18,74869,20,74873,20,74875,358159,74874,0,74874,1,74579,95,74876,0,74877,0,74579,0,74878,0,74878,0,74881,24,74890,7,74891,1100000,74892,1100000,74892,1100000,74893,1100000,74893,0,74894,0,74895,0,74895,0,74873,0,,
74958,1364232,74956,44,74961,33,74963,44,74965,30,74966,614570,74966,0,74966,1,74668,95,74967,0,74967,0,74668,0,74968,0,74968,0,74969,35,74976,10,74976,1100000,74977,1100000,74978,1100000,74978,1100000,74979,0,74979,0,74980,0,74980,0,74965,0,,
75058,1364480,75057,18,75061,11,75063,30,75065,20,75066,321530,75066,0,75066,1,74763,95,75067,0,75067,0,74763,0,75068,0,75068,0,75069,18,75076,6,75077,1100000,75078,1100000,75078,1100000,75079,1100000,75079,0,75080,0,75080,0,75080,0,75066,0,,
75165,1364728,75163,11,75167,18,75170,36,75172,0,75178,264549,75174,0,75173,1,74876,95,75179,0,75181,0,74876,0,75182,0,75182,0,75183,23,75190,5,75191,1100000,75191,1100000,75192,1100000,75193,1100000,75194,0,75194,0,75195,0,75196,0,75173,0,,
75264,1365100,75262,66,75266,50,75268,33,75271,28,75272,720390,75272,0,75271,1,74967,95,75273,0,75274,0,74967,0,75274,0,75274,0,75276,42,75283,16,75284,1100000,75284,1100000,75285,1100000,75285,1100000,75285,0,75286,0,75286,0,75286,0,75271,0,,
75361,1365596,75359,33,75364,37,75367,25,75369,20,75371,468049,75371,0,75370,1,75067,95,75372,0,75373,0,75067,0,75374,0,75374,0,75376,27,75385,9,75386,900000,75387,900000,75387,900000,75387,900000,75388,0,75388,0,75389,0,75389,0,75370,0,,
75464,1364728,75462,28,75468,55,75471,30,75474,45,75476,469260,75475,0,75474,1,75180,95,75476,0,75478,0,75180,0,75479,0,75479,0,75482,39,75492,12,75493,1100000,75493,1100000,75494,1100000,75495,1100000,75495,0,75496,0,75497,0,75498,0,75474,0,,
75563,1365100,75562,40,75566,22,75568,44,75571,25,75572,533170,75572,0,75571,1,75273,95,75572,0,75573,0,75273,0,75574,0,75574,0,75576,36,75585,10,75586,1100000,75586,1100000,75587,1100000,75587,1100000,75588,0,75588,0,75589,0,75589,0,75571,0,,
75612,1365348,75611,50,75615,50,75618,60,75619,25,75620,752950,75620,0,75620,1,75372,95,75621,0,75621,0,75373,0,75622,0,75622,0,75623,45,75633,16,75634,1100000,75634,1100000,75634,1100000,75635,1100000,75635,0,75636,0,75636,0,75636,0,75620,0,,
75716,1365860,75713,44,75720,36,75723,12,75726,33,75730,508750,75729,0,75728,1,75477,95,75731,0,75733,0,75477,0,75736,0,75736,0,75738,34,75747,10,75748,1100000,75749,1100000,75750,1100000,75751,1100000,75752,0,75753,0,75753,0,75754,0,75727,0,,
75814,1366464,75812,72,75816,44,75818,44,75821,44,75822,830280,75822,0,75821,1,75573,95,75822,0,75823,0,75573,0,75823,0,75823,0,75825,47,75834,17,75834,1100000,75835,1100000,75835,1100000,75835,1100000,75836,0,75836,0,75836,0,75837,0,75821,0,,
75914,1366852,75912,50,75916,30,75918,30,75920,30,75921,569800,75921,0,75920,1,75621,95,75921,0,75922,0,75621,0,75922,0,75922,0,75924,35,75933,13,75934,900000,75935,900000,75935,900000,75936,900000,75936,0,75937,0,75937,0,75938,0,75920,0,,
76014,1367456,76013,33,76016,36,76019,44,76021,37,76022,445500,76022,0,76021,1,75732,95,76022,0,76023,0,75732,0,76023,0,76023,0,76025,37,76033,13,76034,1100000,76034,1100000,76035,1100000,76036,1100000,76037,0,76037,0,76037,0,76038,0,76021,0,,
76115,1368076,76113,40,76117,33,76119,37,76121,58,76122,683760,76122,0,76122,1,75822,95,76123,0,76123,0,75822,0,76124,0,76124,0,76126,46,76137,16,76138,1100000,76139,1100000,76139,1100000,76141,1100000,76141,0,76142,0,76142,0,76143,0,76122,0,,
76215,1364108,76214,55,76217,72,76219,50,76220,60,76222,964589,76222,0,76221,1,75921,95,76222,0,76223,0,75922,0,76223,0,76223,0,76225,57,76233,21,76234,1200000,76234,1200000,76235,1200000,76235,1200000,76236,0,76236,0,76236,0,76236,0,76221,0,,
76317,1364356,76316,50,76319,30,76321,36,76323,36,76324,711360,76324,0,76324,1,76022,95,76325,0,76325,0,76022,0,76326,0,76326,0,76328,40,76336,14,76337,1100000,76337,1100000,76338,1100000,76338,1100000,76338,0,76339,0,76339,0,76339,0,76324,0,,
76419,1364604,76418,55,76421,45,76422,45,76424,40,76425,752950,76425,0,76425,1,76123,95,76426,0,76427,0,76123,0,76427,0,76428,0,76429,43,76437,16,76437,1100000,76438,1100000,76438,1100000,76438,1100000,76439,0,76439,0,76439,0,76440,0,76425,0,,
76521,1364744,76519,33,76524,54,76529,22,76534,36,76537,590150,76537,0,76536,1,76222,95,76538,0,76539,0,76223,0,76539,0,76540,0,76542,43,76557,13,76558,900000,76559,900000,76562,900000,76564,900000,76565,0,76565,0,76566,0,76567,0,76535,0,,
76620,1365364,76619,66,76622,50,76624,50,76626,44,76630,623700,76630,0,76626,1,76325,95,76631,0,76632,0,76325,0,76632,0,76632,0,76634,50,76640,15,76640,1100000,76641,1100000,76641,1100000,76641,1100000,76642,0,76642,0,76643,0,76643,0,76626,0,,
76720,1365488,76719,33,76722,66,76724,40,76726,40,76727,728530,76727,0,76726,1,76426,95,76728,0,76729,0,76426,0,76730,0,76731,0,76733,43,76739,16,76739,1100000,76739,1100000,76740,1100000,76740,1100000,76741,0,76741,0,76741,0,76741,0,76726,0,,
76822,1365612,76820,33,76824,58,76826,30,76833,11,76835,537240,76835,0,76834,1,76538,95,76837,0,76838,0,76538,0,76838,0,76838,0,76841,34,76853,11,76854,900000,76854,900000,76854,900000,76855,900000,76855,0,76856,0,76856,0,76856,0,76834,0,,
76922,1365968,76921,50,76923,50,76925,44,76927,77,76929,656370,76929,0,76928,1,76631,95,76930,0,76931,0,76631,0,76932,0,76932,0,76933,58,76942,20,76942,1300000,76943,1300000,76943,1300000,76944,1300000,76944,0,76945,0,76946,0,76946,0,76928,0,,
77022,1366464,77021,22,77024,41,77025,22,77027,36,77028,644930,77028,0,77028,1,76728,95,77029,0,77029,0,76728,0,77029,0,77030,0,77031,27,77037,12,77038,1100000,77038,1100000,77038,1100000,77039,1100000,77039,0,77039,0,77039,0,77040,0,77028,0,,
77124,1366852,77122,20,77126,22,77128,22,77131,36,77132,407000,77132,0,77131,1,76837,95,77133,0,77133,0,76837,0,77134,0,77134,0,77136,26,77143,7,77144,900000,77144,900000,77145,900000,77145,900000,77146,0,77146,0,77147,0,77147,0,77131,0,,
77223,1367084,77222,11,77225,22,77227,25,77229,22,77231,237600,77230,0,77230,1,76917,95,77231,0,77232,0,76917,0,77232,0,77232,0,77234,20,77239,6,77240,1100000,77241,1100000,77241,1100000,77241,1100000,77242,0,77242,0,77242,0,77243,0,77229,0,,
77324,1367472,77322,40,77325,12,77327,20,77331,50,77333,496540,77332,0,77332,1,76930,95,77333,0,77334,0,76930,0,77335,0,77335,0,77336,35,77342,12,77343,1100000,77343,1100000,77344,1100000,77344,1100000,77345,0,77345,0,77346,0,77347,0,77332,0,,
77425,1367596,77423,14,77427,40,77433,55,77435,36,77437,590150,77437,0,77436,1,77029,95,77438,0,77439,0,77029,0,77440,0,77440,0,77442,34,77450,11,77450,1100000,77451,1100000,77452,1100000,77452,1100000,77453,0,77453,0,77453,0,77453,0,77436,0,,
77525,1367844,77523,16,77526,37,77528,40,77531,28,77532,492470,77532,0,77531,1,77133,95,77533,0,77534,0,77133,0,77535,0,77535,0,77536,38,77544,13,77545,1100000,77546,1100000,77546,1100000,77547,1100000,77548,0,77548,0,77549,0,77549,0,77531,0,,
77624,1363860,77624,33,77626,50,77628,44,77629,70,77631,801790,77631,0,77630,1,77231,95,77632,0,77632,0,77231,0,77633,0,77633,0,77634,47,77639,18,77639,1300000,77640,1300000,77640,1300000,77640,1300000,77641,0,77641,0,77641,0,77642,0,77630,0,,
77726,1363984,77725,40,77729,44,77732,33,77736,30,77737,783510,77737,0,77736,1,77333,95,77738,0,77738,0,77334,0,77739,0,77739,0,77741,36,77754,11,77755,1100000,77755,1100000,77756,1100000,77756,1100000,77756,0,77757,0,77757,0,77757,0,77736,0,,
77827,1364232,77825,33,77828,30,77831,28,77833,44,77834,549450,77834,0,77833,1,77439,95,77834,0,77835,0,77439,0,77836,0,77836,0,77838,29,77844,10,77844,1100000,77844,1100000,77845,1100000,77846,1100000,77846,0,77846,0,77847,0,77847,0,77833,0,,
77927,1364496,77926,33,77929,14,77931,0,77933,44,77935,370370,77935,0,77934,1,77533,95,77935,0,77936,0,77533,0,77937,0,77937,0,77938,30,77944,10,77945,1100000,77945,1100000,77946,1100000,77947,1100000,77948,0,77948,0,77949,0,77949,0,77934,0,,
78028,1364496,78027,37,78032,36,78035,33,78037,62,78039,683760,78039,0,78038,1,77632,95,78039,0,78040,0,77632,0,78041,0,78041,0,78043,40,78054,12,78055,1100000,78056,1100000,78056,1100000,78057,1100000,78057,0,78057,0,78058,0,78058,0,78038,0,,
78128,1364744,78127,40,78131,12,78133,33,78135,50,78137,549450,78137,0,78136,1,77738,95,78138,0,78139,0,77738,0,78139,0,78139,0,78141,38,78149,14,78150,1100000,78151,1100000,78151,1100000,78152,1100000,78153,0,78153,0,78153,0,78154,0,78136,0,,
78228,1365256,78227,50,78231,28,78234,33,78236,33,78238,586080,78237,0,78237,1,77834,95,78238,0,78239,0,77834,0,78239,0,78239,0,78241,33,78247,10,78248,1100000,78249,1100000,78250,1100000,78250,1100000,78252,0,78253,0,78254,0,78254,0,78236,0,,
78330,1365504,78328,55,78333,33,78336,37,78339,36,78341,655270,78341,0,78340,1,77936,95,78342,0,78343,0,77936,0,78343,0,78343,0,78345,42,78356,12,78357,1100000,78357,1100000,78357,1100000,78358,1100000,78358,0,78358,0,78359,0,78359,0,78340,0,,
78429,1365752,78428,50,78435,40,78438,33,78440,33,78441,634920,78441,0,78440,1,78039,95,78442,0,78442,0,78040,0,78442,0,78443,0,78444,40,78454,14,78455,1100000,78456,1100000,78456,1100000,78457,1100000,78457,0,78458,0,78458,0,78458,0,78440,0,,
78530,1366232,78528,55,78532,25,78535,30,78537,54,78538,667480,78538,0,78538,1,78138,95,78539,0,78540,0,78138,0,78540,0,78540,0,78543,41,78554,13,78555,900000,78556,900000,78557,900000,78557,900000,78558,0,78558,0,78558,0,78559,0,78538,0,,
78633,1366588,78630,50,78637,30,78640,40,78642,45,78643,490049,78643,0,78643,1,78238,95,78644,0,78644,0,78238,0,78644,0,78644,0,78646,42,78656,16,78657,1100000,78657,1100000,78657,1100000,78658,1100000,78658,0,78658,0,78659,0,78659,0,78642,0,,
78731,1366960,78730,55,78734,45,78736,44,78739,40,78740,748880,78740,0,78739,1,78342,95,78741,0,78742,0,78342,0,78742,0,78743,0,78744,44,78754,16,78754,1100000,78755,1100000,78756,1100000,78757,1100000,78757,0,78758,0,78758,0,78758,0,78739,0,,
78833,1367084,78830,44,78836,25,78840,40,78842,54,78844,663410,78843,0,78843,1,78442,95,78844,0,78845,0,78442,0,78845,0,78845,0,78847,40,78859,14,78860,900000,78861,900000,78861,900000,78862,900000,78862,0,78862,0,78863,0,78864,0,78843,0,,
78933,1367332,78931,72,78937,44,78941,50,78943,50,78945,641520,78944,0,78944,1,78539,95,78945,0,78946,0,78539,0,78946,0,78947,0,78949,56,78959,16,78960,900000,78961,900000,78961,900000,78962,900000,78962,0,78963,0,78963,0,78964,0,78944,0,,
79034,1367720,79033,70,79037,44,79040,50,79042,50,79043,635579,79043,0,79043,1,78644,95,79044,0,79044,0,78644,0,79045,0,79045,0,79047,53,79059,16,79060,1100000,79061,1100000,79062,1100000,79062,1100000,79063,0,79064,0,79066,0,79067,0,79043,0,,
79134,1364356,79133,63,79136,66,79139,55,79141,70,79142,1033780,79142,0,79141,1,78741,95,79142,0,79143,0,78741,0,79143,0,79143,0,79145,60,79153,22,79154,1100000,79154,1100000,79155,1100000,79156,1100000,79156,0,79157,0,79157,0,79157,0,79141,0,,
79236,1364356,79234,40,79239,27,79241,30,79244,54,79246,614569,79246,0,79245,1,78844,95,79246,0,79248,0,78844,0,79249,0,79249,0,79252,43,79262,14,79263,900000,79263,900000,79264,900000,79265,900000,79266,0,79267,0,79268,0,79269,0,79244,0,,
79335,1364604,79334,40,79337,70,79339,40,79341,33,79343,543510,79342,0,79342,1,78945,95,79343,0,79343,0,78945,0,79344,0,79344,0,79345,41,79352,13,79353,1100000,79353,1100000,79354,1100000,79354,1100000,79354,0,79355,0,79355,0,79355,0,79342,0,,
79436,1364960,79435,14,79438,50,79440,11,79442,41,79443,472120,79443,0,79443,1,79044,95,79443,0,79444,0,79044,0,79444,0,79444,0,79446,32,79452,11,79453,1100000,79453,1100000,79454,1100000,79454,1100000,79454,0,79455,0,79455,0,79455,0,79442,0,,
79537,1365084,79536,11,79540,0,79542,27,79545,27,79546,264550,79546,0,79545,1,79142,95,79547,0,79547,0,79142,0,79548,0,79548,0,79550,17,79557,6,79558,900000,79558,900000,79559,900000,79559,900000,79560,0,79560,0,79561,0,79562,0,79545,0,,
79637,1365208,79636,60,79639,41,79642,25,79644,25,79645,448469,79645,0,79644,1,79247,95,79645,0,79646,0,79247,0,79646,0,79646,0,79648,41,79655,9,79656,1100000,79656,1100000,79657,1100000,79657,1100000,79657,0,79658,0,79658,0,79658,0,79644,0,,
79738,1365596,79737,54,79740,22,79742,30,79744,30,79745,553520,79745,0,79744,1,79343,95,79745,0,79746,0,79343,0,79746,0,79746,0,79748,34,79755,13,79756,1100000,79756,1100000,79757,1100000,79757,1100000,79757,0,79758,0,79758,0,79758,0,79744,0,,
79840,1365968,79838,22,79842,37,79845,25,79847,22,79850,431420,79849,0,79848,1,79444,95,79851,0,79853,0,79444,0,79854,0,79854,0,79856,29,79864,10,79865,900000,79866,900000,79867,900000,79868,900000,79869,0,79869,0,79870,0,79870,0,79847,0,,
79939,1366340,79938,33,79941,25,79943,55,79945,37,79946,445500,79946,0,79946,1,79547,95,79947,0,79948,0,79547,0,79948,0,79948,0,79951,31,79958,12,79959,1100000,79959,1100000,79959,1100000,79960,1100000,79960,0,79961,0,79961,0,79961,0,79946,0,,
80039,1366604,80038,40,80041,25,80043,22,80045,44,80046,533170,80046,0,80046,1,79646,95,80047,0,80047,0,79646,0,80047,0,80048,0,80051,36,80058,13,80058,1100000,80059,1100000,80059,1100000,80059,1100000,80060,0,80060,0,80061,0,80061,0,80046,0,,
80141,1366852,80140,50,80144,40,80146,40,80149,36,80153,675620,80152,0,80151,1,79745,95,80154,0,80155,0,79745,0,80156,0,80156,0,80158,46,80166,12,80167,1100000,80168,1100000,80168,1100000,80169,1100000,80170,0,80171,0,80172,0,80172,0,80150,0,,
80241,1367100,80239,55,80243,50,80244,30,80246,28,80247,663410,80247,0,80247,1,79851,95,80248,0,80248,0,79852,0,80249,0,80250,0,80252,42,80259,15,80260,1100000,80260,1100000,80260,1100000,80261,1100000,80261,0,80262,0,80262,0,80262,0,80247,0,,
80341,1367348,80340,33,80343,33,80345,40,80347,33,80348,565730,80348,0,80347,1,79947,95,80349,0,80352,0,79947,0,80352,0,80353,0,80354,32,80360,11,80361,900000,80362,900000,80362,900000,80362,900000,80363,0,80363,0,80364,0,80364,0,80347,0,,
80443,1367720,80441,40,80445,33,80448,44,80450,44,80452,478170,80452,0,80451,1,80047,95,80453,0,80454,0,80047,0,80456,0,80456,0,80458,37,80470,11,80471,900000,80472,900000,80473,900000,80473,900000,80474,0,80475,0,80475,0,80476,0,80451,0,,
80543,1364852,80542,88,80545,58,80546,60,80548,50,80549,760319,80549,0,80549,1,80154,95,80550,0,80551,0,80154,0,80552,0,80552,0,80553,67,80558,22,80559,1400000,80559,1400000,80559,1400000,80559,1400000,80560,0,80560,0,80560,0,80561,0,80548,0,,
80644,1364604,80642,45,80646,33,80650,20,80652,11,80653,656180,80653,0,80652,1,80248,95,80654,0,80654,0,80248,0,80655,0,80655,0,80656,24,80663,8,80663,1100000,80664,1100000,80664,1100000,80664,1100000,80665,0,80665,0,80666,0,80666,0,80652,0,,
80744,1364852,80742,36,80746,30,80748,33,80750,30,80752,525030,80752,0,80751,1,80351,95,80753,0,80753,0,80351,0,80754,0,80754,0,80756,34,80763,12,80763,1100000,80763,1100000,80764,1100000,80764,1100000,80765,0,80765,0,80765,0,80766,0,80751,0,,
80845,1365240,80844,25,80848,22,80851,44,80854,22,80856,459910,80855,0,80854,1,80453,95,80857,0,80858,0,80453,0,80858,0,80858,0,80860,27,80870,10,80871,900000,80872,900000,80873,900000,80873,900000,80874,0,80874,0,80875,0,80875,0,80854,0,,
80945,1365472,80944,45,80947,33,80950,55,80952,44,80954,525690,80954,0,80953,1,80550,95,80955,0,80955,0,80550,0,80956,0,80956,0,80958,44,80964,13,80964,1100000,80965,1100000,80965,1100000,80965,1100000,80966,0,80966,0,80967,0,80967,0,80953,0,,
81046,1365720,81044,40,81048,50,81049,37,81052,25,81053,618640,81053,0,81052,1,80654,95,81054,0,81055,0,80654,0,81055,0,81056,0,81057,37,81064,13,81064,1100000,81064,1100000,81065,1100000,81065,1100000,81066,0,81066,0,81067,0,81067,0,81052,0,,
81147,1366108,81145,33,81149,22,81152,50,81155,30,81158,549450,81157,0,81156,1,80753,95,81158,0,81159,0,80753,0,81159,0,81160,0,81162,35,81173,12,81173,900000,81174,900000,81174,900000,81175,900000,81176,0,81176,0,81176,0,81177,0,81156,0,,
81247,1365116,81246,33,81249,50,81251,50,81253,33,81255,493020,81255,0,81254,1,80857,95,81256,0,81257,0,80857,0,81257,0,81257,0,81259,38,81265,12,81265,1100000,81266,1100000,81266,1100000,81267,1100000,81268,0,81268,0,81269,0,81270,0,81254,0,,
81347,1365504,81346,37,81349,25,81351,50,81353,40,81355,618640,81355,0,81354,1,80955,95,81355,0,81356,0,80955,0,81357,0,81357,0,81358,40,81365,14,81365,1100000,81366,1100000,81366,1100000,81367,1100000,81368,0,81368,0,81369,0,81369,0,81354,0,,
81448,1365628,81447,40,81451,41,81454,54,81457,33,81458,683760,81458,0,81457,1,81054,95,81459,0,81460,0,81054,0,81461,0,81461,0,81463,44,81472,14,81473,1100000,81473,1100000,81474,1100000,81474,1100000,81474,0,81475,0,81475,0,81475,0,81457,0,,
81548,1366108,81547,50,81550,40,81553,55,81556,44,81557,769230,81557,0,81556,1,81158,95,81557,0,81558,0,81159,0,81558,0,81558,0,81560,44,81566,17,81567,1100000,81568,1100000,81568,1100000,81569,1100000,81570,0,81571,0,81571,0,81571,0,81556,0,,
81648,1366588,81648,41,81651,41,81654,50,81656,36,81657,683760,81657,0,81656,1,81256,95,81657,0,81658,0,81256,0,81658,0,81658,0,81660,43,81672,15,81673,900000,81674,900000,81675,900000,81675,900000,81676,0,81676,0,81676,0,81677,0,81656,0,,
81749,1366960,81748,50,81752,41,81754,50,81757,40,81758,537569,81758,0,81757,1,81356,95,81758,0,81759,0,81356,0,81759,0,81759,0,81761,45,81769,15,81770,1100000,81771,1100000,81772,1100000,81772,1100000,81773,0,81773,0,81773,0,81774,0,81757,0,,
81850,1367596,81849,22,81852,33,81854,63,81857,44,81858,659340,81858,0,81857,1,81459,95,81858,0,81859,0,81460,0,81859,0,81859,0,81861,42,81868,14,81868,1100000,81869,1100000,81870,1100000,81870,1100000,81871,0,81871,0,81872,0,81873,0,81857,0,,
81951,1367844,81949,54,81955,22,81958,63,81961,40,81963,728530,81963,0,81962,1,81557,95,81963,0,81964,0,81557,0,81965,0,81965,0,81967,47,81982,14,81983,900000,81984,900000,81984,900000,81986,900000,81987,0,81988,0,81991,0,81992,0,81962,0,,
82051,1364868,82049,60,82053,72,82056,62,82058,50,82059,724680,82059,0,82058,1,81658,95,82059,0,82060,0,81658,0,82061,0,82061,0,82062,60,82069,21,82069,1100000,82070,1100000,82071,1100000,82072,1100000,82072,0,82073,0,82073,0,82073,0,82058,0,,
82151,1364868,82150,41,82153,30,82156,30,82158,50,82159,614569,82159,0,82158,1,81758,95,82159,0,82160,0,81759,0,82161,0,82161,0,82162,38,82168,13,82169,1100000,82169,1100000,82170,1100000,82171,1100000,82172,0,82172,0,82173,0,82173,0,82158,0,,
82252,1364992,82250,30,82254,33,82256,22,82259,60,82260,590150,82260,0,82260,1,81859,95,82261,0,82262,0,81859,0,82262,0,82262,0,82264,36,82272,13,82272,1100000,82273,1100000,82273,1100000,82274,1100000,82274,0,82274,0,82275,0,82275,0,82259,0,,
82352,1365240,82351,50,82355,36,82357,25,82359,44,82361,630850,82361,0,82360,1,81964,95,82361,0,82362,0,81964,0,82362,0,82362,0,82364,36,82371,13,82372,1100000,82373,1100000,82373,1100000,82374,1100000,82374,0,82374,0,82375,0,82375,0,82360,0,,
82454,1365472,82452,25,82458,25,82461,12,82463,54,82464,472120,82464,0,82463,1,82059,95,82464,0,82465,0,82060,0,82465,0,82465,0,82467,30,82475,9,82476,1100000,82476,1100000,82477,1100000,82477,1100000,82477,0,82478,0,82478,0,82478,0,82463,0,,
82553,1365596,82552,37,82556,14,82559,42,82561,50,82562,582010,82562,0,82561,1,82159,95,82562,0,82563,0,82160,0,82563,0,82563,0,82565,36,82573,13,82573,1100000,82574,1100000,82574,1100000,82575,1100000,82576,0,82576,0,82576,0,82576,0,82561,0,,
82655,1365720,82653,44,82658,44,82661,36,82663,36,82665,651200,82664,0,82664,1,82261,95,82665,0,82666,0,82261,0,82666,0,82666,0,82668,41,82679,14,82680,900000,82680,900000,82681,900000,82681,900000,82682,0,82682,0,82682,0,82683,0,82664,0,,
82754,1366076,82753,50,82757,58,82759,50,82761,40,82762,588060,82762,0,82762,1,82361,95,82763,0,82763,0,82361,0,82764,0,82764,0,82765,51,82774,17,82774,1100000,82775,1100000,82775,1100000,82776,1100000,82776,0,82776,0,82777,0,82777,0,82761,0,,
82855,1366604,82854,40,82858,40,82860,28,82862,50,82863,643060,82863,0,82862,1,82464,95,82863,0,82864,0,82464,0,82864,0,82864,0,82866,40,82875,14,82875,1100000,82876,1100000,82876,1100000,82877,1100000,82877,0,82877,0,82878,0,82878,0,82862,0,,
82959,1366976,82957,28,82961,33,82964,50,82966,40,82967,614569,82967,0,82966,1,82562,95,82968,0,82971,0,82562,0,82972,0,82972,0,82974,45,82981,15,82981,1200000,82982,1200000,82982,1200000,82982,1200000,82983,0,82983,0,82983,0,82984,0,82966,0,,
83056,1367100,83055,33,83058,55,83060,33,83062,28,83064,697319,83064,0,83063,1,82665,95,83064,0,83065,0,82665,0,83066,0,83066,0,83067,33,83076,12,83077,1100000,83077,1100000,83078,1100000,83078,1100000,83078,0,83079,0,83079,0,83079,0,83063,0,,
83157,1367472,83155,25,83159,50,83161,33,83164,40,83165,602360,83165,0,83164,1,82763,95,83165,0,83166,0,82763,0,83166,0,83167,0,83169,33,83179,11,83180,900000,83181,900000,83181,900000,83182,900000,83182,0,83183,0,83183,0,83183,0,83164,0,,
83257,1367720,83256,33,83259,44,83262,60,83264,36,83265,513809,83265,0,83265,1,82864,95,83266,0,83266,0,82864,0,83266,0,83267,0,83268,46,83277,16,83277,1100000,83278,1100000,83278,1100000,83279,1100000,83279,0,83280,0,83281,0,83281,0,83264,0,,
83358,1368092,83357,55,83360,46,83362,30,83364,44,83365,712250,83365,0,83365,1,82970,95,83366,0,83366,0,82971,0,83367,0,83367,0,83368,42,83378,15,83378,1100000,83379,1100000,83379,1100000,83379,1100000,83379,0,83380,0,83380,0,83381,0,83364,0,,
83458,1365348,83457,44,83460,77,83463,50,83465,63,83466,952380,83466,0,83465,1,83064,95,83466,0,83467,0,83065,0,83467,0,83467,0,83468,60,83477,21,83478,1200000,83478,1200000,83478,1200000,83479,1200000,83479,0,83480,0,83480,0,83481,0,83465,0,,
83559,1365224,83558,45,83561,40,83563,40,83565,44,83566,790920,83566,0,83566,1,83166,95,83566,0,83567,0,83166,0,83567,0,83568,0,83569,40,83577,15,83578,1100000,83578,1100000,83578,1100000,83579,1100000,83579,0,83579,0,83580,0,83580,0,83565,0,,
83660,1365364,83659,45,83663,11,83665,37,83668,30,83669,500610,83669,0,83668,1,83266,95,83670,0,83672,0,83266,0,83673,0,83673,0,83676,37,83683,12,83684,900000,83685,900000,83685,900000,83686,900000,83686,0,83687,0,83688,0,83689,0,83668,0,,
83760,1365364,83759,40,83763,40,83764,55,83766,44,83768,531630,83767,0,83767,1,83366,95,83768,0,83769,0,83366,0,83769,0,83769,0,83771,37,83779,15,83780,1100000,83781,1100000,83781,1100000,83781,1100000,83782,0,83782,0,83783,0,83783,0,83767,0,,
83861,1365844,83860,45,83863,22,83865,63,83867,58,83868,765160,83867,0,83867,1,83466,95,83868,0,83868,0,83466,0,83869,0,83869,0,83871,51,83879,18,83879,1200000,83880,1200000,83880,1200000,83880,1200000,83881,0,83881,0,83881,0,83882,0,83867,0,,
83962,1365968,83961,30,83965,33,83967,33,83969,50,83971,683280,83971,0,83970,1,83567,95,83972,0,83974,0,83567,0,83976,0,83977,0,83978,38,83985,12,83985,1100000,83986,1100000,83986,1100000,83987,1100000,83987,0,83988,0,83989,0,83989,0,83969,0,,
84062,1365968,84061,44,84064,40,84066,22,84068,63,84070,687830,84069,0,84069,1,83670,95,84070,0,84072,0,83671,0,84072,0,84073,0,84075,50,84081,17,84082,1100000,84082,1100000,84082,1100000,84083,1100000,84083,0,84084,0,84084,0,84084,0,84069,0,,
84162,1366232,84161,45,84164,40,84166,25,84168,45,84169,630850,84169,0,84168,1,83768,95,84169,0,84170,0,83768,0,84172,0,84172,0,84175,39,84183,14,84184,900000,84185,900000,84185,900000,84185,900000,84186,0,84186,0,84187,0,84188,0,84168,0,,
84263,1366356,84262,63,84265,45,84266,41,84268,33,84269,540540,84269,0,84269,1,83868,95,84269,0,84271,0,83868,0,84272,0,84272,0,84275,46,84283,16,84284,1100000,84285,1100000,84285,1100000,84286,1100000,84286,0,84287,0,84287,0,84288,0,84268,0,,
84363,1366696,84362,58,84365,45,84367,50,84369,50,84370,826210,84370,0,84369,1,83973,95,84370,0,84371,0,83973,0,84372,0,84372,0,84374,48,84382,17,84382,1100000,84383,1100000,84383,1100000,84383,1100000,84384,0,84384,0,84384,0,84385,0,84369,0,,
84465,1366820,84463,45,84468,55,84470,50,84472,12,84474,659340,84473,0,84473,1,84071,95,84475,0,84476,0,84071,0,84477,0,84477,0,84478,42,84485,12,84486,1100000,84486,1100000,84486,1100000,84487,1100000,84487,0,84488,0,84488,0,84489,0,84472,0,,
84565,1367192,84563,50,84567,41,84568,55,84570,44,84572,773300,84571,0,84571,1,84169,95,84572,0,84573,0,84169,0,84574,0,84574,0,84576,47,84584,17,84584,1100000,84584,1100000,84585,1100000,84585,1100000,84586,0,84586,0,84586,0,84586,0,84571,0,,
84666,1367364,84664,50,84669,30,84672,41,84675,54,84677,712250,84676,0,84676,1,84270,95,84678,0,84679,0,84270,0,84679,0,84680,0,84682,45,84693,15,84694,900000,84694,900000,84695,900000,84696,900000,84697,0,84697,0,84698,0,84698,0,84676,0,,
84766,1367736,84764,50,84767,45,84769,50,84772,25,84773,504900,84773,0,84772,1,84370,95,84774,0,84775,0,84371,0,84776,0,84776,0,84778,43,84784,15,84784,1100000,84785,1100000,84785,1100000,84786,1100000,84786,0,84786,0,84787,0,84787,0,84772,0,,
84867,1368324,84865,30,84869,45,84872,66,84875,54,84876,793650,84876,0,84875,1,84475,95,84877,0,84878,0,84475,0,84879,0,84879,0,84882,47,84890,17,84892,1100000,84892,1100000,84893,1100000,84894,1100000,84895,0,84895,0,84896,0,84896,0,84875,0,,
84966,1364728,84965,37,84969,50,84970,37,84973,44,84974,683760,84974,0,84973,1,84573,95,84976,0,84977,0,84573,0,84978,0,84978,0,84980,39,84985,13,84986,1100000,84987,1100000,84987,1100000,84987,1100000,84988,0,84989,0,84989,0,84990,0,84973,0,,
85067,1364852,85066,37,85069,25,85071,30,85073,50,85075,577940,85075,0,85074,1,84678,95,85076,0,85077,0,84678,0,85078,0,85078,0,85079,34,85085,11,85086,1100000,85086,1100000,85087,1100000,85087,1100000,85087,0,85088,0,85088,0,85088,0,85074,0,,
85168,1364976,85167,27,85171,12,85173,22,85177,33,85180,382580,85179,0,85179,1,84774,95,85181,0,85181,0,84774,0,85182,0,85182,0,85183,25,85190,9,85191,1100000,85191,1100000,85192,1100000,85192,1100000,85192,0,85193,0,85193,0,85193,0,85178,0,,
85268,1365132,85267,12,85270,30,85273,11,85275,50,85277,419210,85276,0,85276,1,84877,95,85278,0,85278,0,84877,0,85279,0,85279,0,85281,29,85287,11,85288,1100000,85289,1100000,85289,1100000,85290,1100000,85291,0,85292,0,85293,0,85293,0,85276,0,,
85368,1365396,85367,44,85370,40,85374,33,85377,50,85379,679690,85379,0,85378,1,84977,95,85380,0,85381,0,84977,0,85382,0,85382,0,85384,40,85394,13,85395,900000,85396,900000,85397,900000,85397,900000,85398,0,85398,0,85399,0,85399,0,85378,0,,
85470,1365520,85468,42,85472,40,85474,28,85477,42,85479,451440,85479,0,85478,1,85076,95,85479,0,85480,0,85076,0,85482,0,85482,0,85484,42,85490,14,85491,1200000,85492,1200000,85492,1200000,85493,1200000,85493,0,85494,0,85494,0,85494,0,85477,0,,
85569,1365984,85568,60,85571,37,85574,40,85577,25,85579,758160,85578,0,85578,1,85181,95,85579,0,85580,0,85181,0,85581,0,85581,0,85583,40,85588,14,85589,1200000,85589,1200000,85590,1200000,85591,1200000,85592,0,85592,0,85593,0,85593,0,85577,0,,
85671,1366232,85669,63,85674,33,85679,25,85682,41,85684,758160,85684,0,85683,1,85278,95,85685,0,85685,0,85278,0,85686,0,85686,0,85688,42,85699,14,85700,900000,85701,900000,85701,900000,85702,900000,85702,0,85703,0,85703,0,85703,0,85683,0,,
85770,1366464,85769,50,85773,44,85775,62,85777,37,85779,573210,85778,0,85778,1,85380,95,85779,0,85780,0,85381,0,85781,0,85781,0,85783,48,85789,17,85789,1100000,85790,1100000,85791,1100000,85792,1100000,85793,0,85793,0,85794,0,85794,0,85778,0,,
85871,1366588,85870,36,85873,40,85876,50,85879,40,85880,675619,85880,0,85879,1,85480,95,85881,0,85882,0,85480,0,85882,0,85883,0,85884,42,85891,15,85892,1100000,85893,1100000,85894,1100000,85894,1100000,85894,0,85895,0,85896,0,85896,0,85879,0,,
85973,1367084,85971,55,85977,50,85980,66,85982,54,85984,915750,85984,0,85983,1,85579,95,85985,0,85985,0,85580,0,85986,0,85986,0,85988,54,85999,16,86000,900000,86000,900000,86001,900000,86001,900000,86001,0,86002,0,86002,0,86002,0,85983,0,,
86073,1367348,86071,33,86076,63,86080,33,86082,50,86084,531630,86084,0,86083,1,85685,95,86084,0,86085,0,85685,0,86085,0,86085,0,86087,48,86098,13,86098,900000,86099,900000,86099,900000,86099,900000,86100,0,86100,0,86101,0,86101,0,86083,0,,
86176,1367596,86172,54,86180,66,86183,44,86185,45,86187,620730,86186,0,86186,1,85779,95,86187,0,86188,0,85779,0,86188,0,86188,0,86191,52,86202,13,86202,1100000,86203,1100000,86203,1100000,86203,1100000,86204,0,86204,0,86204,0,86205,0,86186,0,,
86274,1367720,86272,44,86276,33,86279,37,86282,60,86284,708180,86283,0,86283,1,85881,95,86284,0,86285,0,85881,0,86286,0,86286,0,86288,44,86298,14,86298,1100000,86299,1100000,86299,1100000,86300,1100000,86301,0,86301,0,86301,0,86302,0,86282,0,,
86377,1364496,86372,44,86379,66,86381,44,86383,50,86384,830280,86384,0,86384,1,85985,95,86385,0,86385,0,85985,0,86386,0,86386,0,86387,47,86397,19,86397,900000,86398,900000,86398,900000,86399,900000,86399,0,86400,0,86400,0,86401,0,86384,0,,
86475,1364620,86473,40,86478,30,86480,40,86483,55,86484,490050,86484,0,86484,1,86084,95,86485,0,86486,0,86084,0,86486,0,86486,0,86488,41,86496,12,86497,1100000,86497,1100000,86498,1100000,86498,1100000,86499,0,86499,0,86499,0,86499,0,86483,0,,
86574,1364744,86573,27,86577,36,86579,30,86581,25,86582,480260,86582,0,86581,1,86187,95,86582,0,86583,0,86187,0,86583,0,86583,0,86585,31,86593,11,86594,1100000,86594,1100000,86595,1100000,86596,1100000,86596,0,86597,0,86597,0,86597,0,86581,0,,
86675,1364868,86674,22,86677,22,86679,22,86681,40,86682,431420,86682,0,86682,1,86284,95,86683,0,86683,0,86285,0,86684,0,86684,0,86685,25,86692,8,86692,900000,86693,900000,86693,900000,86694,900000,86694,0,86695,0,86695,0,86696,0,86682,0,,
86777,1364884,86775,20,86780,30,86783,20,86786,33,86787,305910,86787,0,86786,1,86385,95,86787,0,86788,0,86385,0,86788,0,86789,0,86791,30,86799,8,86800,900000,86801,900000,86801,900000,86802,900000,86802,0,86803,0,86803,0,86803,0,86786,0,,
86876,1365348,86875,36,86878,36,86881,33,86883,37,86884,421740,86884,0,86883,1,86485,95,86884,0,86885,0,86485,0,86885,0,86885,0,86887,31,86893,9,86894,1100000,86894,1100000,86894,1100000,86895,1100000,86895,0,86896,0,86896,0,86896,0,86883,0,,
86976,1365736,86975,30,86979,45,86981,20,86983,44,86984,565730,86984,0,86984,1,86582,95,86985,0,86985,0,86583,0,86986,0,86986,0,86987,35,86996,12,86996,1100000,86997,1100000,86997,1100000,86997,1100000,86998,0,86998,0,86998,0,86999,0,86984,0,,
87078,1364620,87077,37,87081,45,87083,30,87085,28,87086,569800,87086,0,87085,1,86683,95,87086,0,87087,0,86683,0,87087,0,87087,0,87089,40,87099,12,87099,1100000,87100,1100000,87100,1100000,87101,1100000,87101,0,87101,0,87102,0,87102,0,87085,0,,
87178,1364852,87176,16,87180,60,87182,33,87184,33,87186,577940,87185,0,87185,1,86787,95,87186,0,87186,0,86788,0,87187,0,87187,0,87189,37,87197,13,87198,1100000,87198,1100000,87199,1100000,87199,1100000,87200,0,87200,0,87200,0,87201,0,87185,0,,
87279,1365348,87277,22,87283,40,87286,60,87288,25,87290,598290,87290,0,87289,1,86884,95,87291,0,87292,0,86884,0,87293,0,87293,0,87296,35,87305,12,87305,900000,87306,900000,87306,900000,87307,900000,87307,0,87308,0,87309,0,87309,0,87289,0,,
87379,1365596,87378,25,87382,45,87384,54,87386,33,87387,466290,87387,0,87387,1,86985,95,87388,0,87388,0,86985,0,87388,0,87388,0,87390,41,87399,17,87399,1100000,87400,1100000,87400,1100000,87401,1100000,87401,0,87402,0,87402,0,87402,0,87386,0,,
87480,1366092,87478,50,87482,33,87485,33,87487,54,87488,691900,87488,0,87488,1,87086,95,87489,0,87489,0,87086,0,87490,0,87490,0,87492,47,87501,15,87501,1100000,87502,1100000,87502,1100000,87503,1100000,87503,0,87503,0,87504,0,87504,0,87487,0,,
87582,1366620,87579,40,87585,40,87588,45,87591,30,87593,630850,87592,0,87591,1,87186,95,87594,0,87595,0,87186,0,87596,0,87597,0,87599,38,87607,14,87608,900000,87609,900000,87610,900000,87611,900000,87612,0,87613,0,87614,0,87614,0,87591,0,,
87680,1367240,87679,33,87683,37,87686,62,87688,42,87689,516780,87689,0,87689,1,87291,95,87690,0,87691,0,87291,0,87691,0,87692,0,87693,45,87702,12,87702,1100000,87703,1100000,87703,1100000,87704,1100000,87704,0,87705,0,87705,0,87705,0,87688,0,,
87784,1364264,87783,50,87786,63,87788,70,87789,50,87790,948310,87790,0,87790,1,87388,95,87791,0,87792,0,87388,0,87793,0,87793,0,87795,57,87802,21,87802,1100000,87803,1100000,87803,1100000,87803,1100000,87804,0,87804,0,87804,0,87805,0,87789,0,,
87886,1364728,87885,33,87889,45,87893,40,87896,33,87898,614570,87898,0,87897,1,87489,95,87899,0,87901,0,87489,0,87902,0,87902,0,87904,40,87913,13,87914,1200000,87914,1200000,87915,1200000,87916,1200000,87916,0,87916,0,87917,0,87917,0,87897,0,,
87985,1364852,87984,60,87988,40,87990,40,87992,60,87994,936000,87993,0,87993,1,87594,95,87995,0,87996,0,87594,0,87997,0,87997,0,87999,47,88005,19,88005,1100000,88006,1100000,88006,1100000,88007,1100000,88007,0,88008,0,88008,0,88008,0,87992,0,,
88085,1365224,88084,25,88087,37,88089,37,88091,40,88096,565730,88096,0,88096,1,87690,95,88097,0,88097,0,87690,0,88098,0,88098,0,88099,34,88105,13,88106,1100000,88106,1100000,88107,1100000,88107,1100000,88107,0,88108,0,88108,0,88112,0,88091,0,,
88187,1365364,88186,22,88190,30,88192,45,88195,30,88198,516890,88197,0,88196,1,87791,95,88198,0,88199,0,87791,0,88199,0,88200,0,88202,35,88210,13,88211,900000,88212,900000,88213,900000,88214,900000,88214,0,88215,0,88217,0,88217,0,88196,0,,
88286,1365736,88285,45,88289,25,88291,12,88293,33,88294,341550,88294,0,88293,1,87900,95,88295,0,88296,0,87900,0,88296,0,88297,0,88298,32,88306,11,88307,1100000,88307,1100000,88308,1100000,88308,1100000,88309,0,88309,0,88310,0,88310,0,88293,0,,
88387,1366232,88386,40,88389,50,88390,22,88392,36,88394,602360,88394,0,88393,1,87995,95,88395,0,88396,0,87995,0,88397,0,88397,0,88399,36,88405,13,88405,1100000,88406,1100000,88406,1100000,88406,1100000,88407,0,88407,0,88407,0,88408,0,88393,0,,
88488,1366356,88486,37,88490,60,88492,25,88494,50,88496,700040,88496,0,88495,1,88097,95,88497,0,88498,0,88097,0,88499,0,88499,0,88501,43,88506,13,88507,1100000,88507,1100000,88507,1100000,88508,1100000,88508,0,88508,0,88509,0,88509,0,88495,0,,
88588,1366744,88587,33,88590,66,88592,40,88594,22,88596,655270,88596,0,88595,1,88199,95,88597,0,88598,0,88199,0,88599,0,88599,0,88601,40,88606,14,88607,1100000,88607,1100000,88608,1100000,88608,1100000,88608,0,88609,0,88609,0,88610,0,88594,0,,
88691,1366868,88688,12,88693,36,88695,50,88698,50,88700,602360,88699,0,88699,1,88295,95,88701,0,88702,0,88295,0,88702,0,88702,0,88704,43,88710,14,88711,1100000,88712,1100000,88713,1100000,88714,1100000,88714,0,88714,0,88715,0,88715,0,88699,0,,
88789,1367084,88788,33,88791,45,88793,12,88795,50,88797,569800,88796,0,88796,1,88395,95,88797,0,88798,0,88395,0,88799,0,88799,0,88801,31,88809,12,88810,1100000,88810,1100000,88811,1100000,88812,1100000,88812,0,88812,0,88813,0,88813,0,88796,0,,
88890,1367332,88889,54,88893,37,88896,14,88899,50,88901,630850,88901,0,88900,1,88497,95,88902,0,88903,0,88497,0,88903,0,88903,0,88905,43,88916,12,88917,900000,88918,900000,88918,900000,88919,900000,88919,0,88920,0,88920,0,88921,0,88900,0,,
88990,1367688,88989,16,88992,54,88995,33,88997,66,88998,501930,88998,0,88997,1,88598,95,88999,0,89000,0,88598,0,89001,0,89001,0,89003,46,89008,14,89009,1100000,89009,1100000,89010,1100000,89011,1100000,89012,0,89013,0,89013,0,89014,0,88997,0,,
89091,1367936,89089,12,89092,36,89095,36,89097,44,89098,520960,89098,0,89098,1,88701,95,89099,0,89099,0,88701,0,89099,0,89100,0,89101,33,89108,11,89108,1100000,89109,1100000,89109,1100000,89109,1100000,89110,0,89111,0,89112,0,89113,0,89098,0,,
89191,1364588,89190,44,89193,40,89198,81,89200,60,89201,915750,89201,0,89200,1,88798,95,89201,0,89202,0,88798,0,89202,0,89202,0,89203,58,89208,21,89208,1300000,89209,1300000,89209,1300000,89210,1300000,89211,0,89211,0,89212,0,89212,0,89200,0,,
89292,1364852,89291,45,89294,30,89297,12,89299,45,89301,703560,89300,0,89300,1,88902,95,89301,0,89302,0,88902,0,89302,0,89302,0,89304,33,89309,15,89309,1100000,89310,1100000,89311,1100000,89312,1100000,89313,0,89314,0,89314,0,89315,0,89300,0,,
89394,1365100,89393,30,89397,50,89399,40,89401,33,89403,622710,89402,0,89402,1,88999,95,89403,0,89403,0,88999,0,89404,0,89404,0,89405,36,89412,12,89413,1100000,89413,1100000,89413,1100000,89414,1100000,89414,0,89414,0,89415,0,89415,0,89402,0,,
89493,1365100,89492,50,89496,12,89498,20,89501,22,89503,423280,89503,0,89502,1,89099,95,89504,0,89504,0,89099,0,89505,0,89505,0,89507,29,89515,11,89516,1100000,89517,1100000,89518,1100000,89518,1100000,89519,0,89519,0,89519,0,89520,0,89502,0,,
89596,1365364,89593,54,89601,41,89604,33,89607,41,89609,687830,89608,0,89608,1,89201,95,89609,0,89610,0,89201,0,89611,0,89612,0,89616,50,89624,17,89625,900000,89626,900000,89626,900000,89627,900000,89628,0,89629,0,89629,0,89630,0,89608,0,,
89695,1365612,89693,40,89698,54,89701,37,89704,54,89705,549450,89705,0,89704,1,89301,95,89705,0,89706,0,89301,0,89706,0,89706,0,89708,39,89718,14,89718,1100000,89719,1100000,89720,1100000,89720,1100000,89721,0,89721,0,89722,0,89722,0,89704,0,,
89795,1365876,89793,55,89798,41,89802,44,89804,40,89805,732600,89805,0,89805,1,89403,95,89806,0,89806,0,89403,0,89807,0,89807,0,89808,46,89817,17,89818,1100000,89818,1100000,89819,1100000,89819,1100000,89820,0,89820,0,89820,0,89821,0,89804,0,,
89895,1366232,89893,58,89898,40,89900,45,89903,50,89904,785510,89904,0,89903,1,89504,95,89904,0,89906,0,89504,0,89906,0,89906,0,89908,48,89916,16,89917,1100000,89917,1100000,89918,1100000,89918,1100000,89919,0,89919,0,89919,0,89920,0,89903,0,,
90000,1366372,89995,54,90003,45,90005,53,90007,54,90008,838420,90008,0,90007,1,89609,95,90008,0,90009,0,89609,0,90009,0,90009,0,90011,50,90020,18,90021,1300000,90022,1300000,90022,1300000,90022,1300000,90023,0,90023,0,90023,0,90024,0,90007,0,,
90097,1366496,90095,44,90102,40,90105,40,90107,22,90108,778180,90107,0,90107,1,89705,95,90108,0,90109,0,89706,0,90109,0,90109,0,90111,36,90120,14,90121,1100000,90121,1100000,90122,1100000,90122,1100000,90122,0,90123,0,90123,0,90123,0,90107,0,,
90201,1367084,90197,44,90204,25,90206,30,90207,54,90208,622710,90208,0,90208,1,89806,95,90209,0,90209,0,89806,0,90209,0,90210,0,90211,39,90220,14,90220,1100000,90222,1300000,90222,1300000,90222,1300000,90223,0,90223,0,90223,0,90223,0,90208,0,,
90300,1367084,90298,44,90303,22,90306,33,90308,22,90310,589490,90310,0,90309,1,89905,95,90311,0,90312,0,89905,0,90313,0,90314,0,90318,35,90326,12,90326,1100000,90327,1100000,90327,1100000,90328,1100000,90328,0,90329,0,90330,0,90331,0,90309,0,,
90399,1367332,90397,54,90402,40,90404,66,90406,40,90407,814000,90407,0,90406,1,90008,95,90408,0,90409,0,90008,0,90409,0,90409,0,90411,48,90419,19,90420,1100000,90420,1100000,90421,1100000,90421,1100000,90421,0,90422,0,90422,0,90422,0,90406,0,,
90498,1367704,90497,33,90500,25,90503,54,90504,30,90506,577940,90506,0,90505,1,90108,95,90506,0,90507,0,90108,0,90508,0,90508,0,90509,35,90520,12,90521,900000,90521,900000,90522,900000,90522,900000,90523,0,90523,0,90524,0,90524,0,90505,0,,
90598,1368200,90597,22,90601,12,90605,40,90608,33,90611,317790,90611,0,90610,1,90209,95,90612,0,90613,0,90209,0,90614,0,90615,0,90617,32,90634,11,90635,1300000,90635,1300000,90636,1300000,90636,1300000,90636,0,90637,0,90637,0,90637,0,90610,0,,
90699,1364976,90698,44,90701,70,90704,40,90706,40,90707,1034020,90707,0,90706,1,90311,95,90708,0,90708,0,90311,0,90708,0,90709,0,90710,42,90719,18,90720,1100000,90720,1100000,90721,1100000,90721,1100000,90722,0,90722,0,90722,0,90723,0,90706,0,,
90803,1365100,90799,22,90806,30,90809,50,90811,40,90813,577940,90813,0,90812,1,90408,95,90814,0,90815,0,90408,0,90816,0,90816,0,90819,41,90827,15,90828,1100000,90828,1100000,90828,1100000,90829,1100000,90830,0,90830,0,90831,0,90832,0,90812,0,,
90901,1365472,90900,58,90903,45,90906,44,90908,55,90909,822140,90909,0,90908,1,90507,95,90909,0,90910,0,90507,0,90912,0,90912,0,90916,51,90925,16,90926,1100000,90927,1100000,90927,1100000,90927,1100000,90928,0,90928,0,90929,0,90930,0,90908,0,,
91003,1365860,91000,50,91006,40,91008,30,91010,40,91018,651200,91013,0,91011,1,90612,95,91018,0,91020,0,90612,0,91021,0,91021,0,91023,38,91032,14,91033,900000,91034,900000,91035,900000,91036,900000,91037,0,91037,0,91038,0,91038,0,91011,0,,
91103,1365984,91101,37,91105,37,91107,44,91109,50,91110,498960,91110,0,91109,1,90708,95,91110,0,91112,0,90708,0,91112,0,91113,0,91115,41,91124,15,91125,1100000,91125,1100000,91126,1100000,91126,1100000,91127,0,91127,0,91128,0,91128,0,91109,0,,
91203,1366108,91202,63,91205,33,91207,28,91210,37,91211,655270,91211,0,91210,1,90814,95,91211,0,91212,0,90814,0,91212,0,91213,0,91214,41,91222,14,91222,1100000,91223,1100000,91223,1100000,91224,1100000,91224,0,91225,0,91225,0,91226,0,91210,0,,
91304,1366480,91303,33,91307,33,91309,40,91311,54,91313,651200,91313,0,91312,1,90910,95,91314,0,91315,0,90910,0,91315,0,91316,0,91317,42,91326,13,91326,1100000,91327,1100000,91327,1100000,91327,1100000,91328,0,91328,0,91328,0,91328,0,91312,0,,
91403,1366480,91402,50,91405,44,91407,42,91409,45,91410,736670,91410,0,91409,1,91019,95,91410,0,91412,0,91019,0,91412,0,91413,0,91415,43,91424,15,91425,1100000,91425,1100000,91426,1100000,91426,1100000,91426,0,91427,0,91427,0,91427,0,91409,0,,
91506,1366744,91504,37,91509,22,91512,50,91517,22,91519,533170,91518,0,91517,1,91111,95,91520,0,91521,0,91111,0,91522,0,91522,0,91524,38,91534,12,91535,1100000,91535,1100000,91536,1100000,91537,1100000,91538,0,91538,0,91538,0,91539,0,91517,0,,
91606,1366868,91604,55,91608,40,91609,33,91611,50,91613,724460,91612,0,91612,1,91212,95,91615,0,91616,0,91212,0,91617,0,91617,0,91619,39,91627,14,91628,1100000,91628,1100000,91629,1100000,91629,1100000,91630,0,91631,0,91631,0,91632,0,91612,0,,
91705,1367596,91704,22,91707,45,91710,33,91712,63,91713,663410,91713,0,91712,1,91314,95,91714,0,91715,0,91314,0,91716,0,91716,0,91717,44,91725,15,91726,1100000,91727,1100000,91727,1100000,91727,1100000,91728,0,91728,0,91728,0,91728,0,91712,0,,
91806,1367704,91805,33,91809,22,91811,33,91813,58,91815,594220,91815,0,91814,1,91411,95,91816,0,91817,0,91411,0,91817,0,91818,0,91819,37,91828,14,91828,1100000,91829,1100000,91829,1100000,91829,1100000,91830,0,91830,0,91831,0,91832,0,91813,0,,
91906,1367952,91905,42,91908,54,91909,53,91912,33,91913,740740,91913,0,91912,1,91520,95,91914,0,91915,0,91520,0,91916,0,91916,0,91919,48,91927,17,91928,1300000,91928,1300000,91928,1300000,91929,1300000,91929,0,91929,0,91929,0,91930,0,91912,0,,
92008,1368076,92006,44,92011,36,92013,40,92025,36,92026,831480,92026,0,92025,1,91615,95,92026,0,92027,0,91616,0,92028,0,92028,0,92029,43,92042,17,92043,1300000,92044,1300000,92044,1300000,92044,1300000,92045,0,92045,0,92045,0,92045,0,92025,0,,
92107,1364992,92106,70,92110,54,92112,80,92117,42,92119,1311179,92119,0,92118,1,91714,95,92119,0,92120,0,91714,0,92121,0,92121,0,92123,58,92130,24,92131,1100000,92131,1100000,92134,1100000,92135,1100000,92135,0,92136,0,92136,0,92136,0,92117,0,,
92209,1365116,92208,54,92212,40,92216,33,92219,33,92221,651200,92220,0,92219,1,91816,95,92221,0,92223,0,91816,0,92224,0,92224,0,92226,43,92238,15,92239,900000,92240,900000,92242,1100000,92242,1100000,92243,0,92244,0,92244,0,92244,0,92219,0,,
92308,1365364,92307,54,92310,40,92313,50,92315,60,92317,726880,92317,0,92316,1,91915,95,92318,0,92319,0,91915,0,92320,0,92320,0,92327,51,92336,19,92337,1100000,92338,1100000,92338,1100000,92339,1100000,92340,0,92340,0,92341,0,92341,0,92316,0,,
92409,1365736,92408,44,92412,45,92417,33,92420,37,92421,647130,92421,0,92420,1,92027,95,92422,0,92423,0,92027,0,92423,0,92424,0,92425,39,92431,14,92432,1100000,92433,1100000,92433,1100000,92435,1100000,92436,0,92437,0,92437,0,92437,0,92420,0,,
92510,1365984,92508,45,92512,30,92516,44,92519,50,92521,687830,92521,0,92519,1,92120,95,92522,0,92523,0,92120,0,92524,0,92524,0,92526,40,92534,13,92536,1100000,92537,1100000,92538,1100000,92538,1100000,92539,0,92539,0,92539,0,92540,0,92519,0,,
92610,1366248,92608,40,92612,14,92615,50,92617,50,92619,626780,92618,0,92618,1,92222,95,92619,0,92621,0,92222,0,92621,0,92622,0,92624,42,92630,15,92631,1100000,92631,1100000,92632,1100000,92633,1100000,92633,0,92634,0,92634,0,92635,0,92618,0,,
92714,1366588,92712,40,92719,11,92724,20,92727,18,92729,362230,92729,0,92728,1,92318,95,92731,0,92732,0,92318,0,92733,0,92734,0,92736,26,92745,8,92745,1100000,92746,1100000,92746,1100000,92746,1100000,92747,0,92747,0,92748,0,92748,0,92727,0,,
92812,1364356,92810,54,92815,40,92818,33,92822,33,92823,651200,92823,0,92822,1,92422,95,92824,0,92826,0,92423,0,92826,0,92826,0,92829,41,92843,15,92843,1100000,92844,1100000,92846,1100000,92846,1100000,92848,0,92848,0,92849,0,92850,0,92822,0,,
92862,1351708,92861,100,92865,100,92867,100,92869,100,92871,1628000,92870,0,92870,1,92522,95,92871,0,92872,0,92523,0,92872,0,92873,0,92874,100,92882,38,92882,1400000,92883,1400000,92883,1400000,92884,1400000,92885,0,92885,0,92886,0,92886,0,92870,0,,
92963,1340032,92961,25,92967,33,92969,25,92972,40,92974,740460,92973,0,92973,1,92619,95,92974,0,92975,0,92620,0,92975,0,92976,0,92978,27,92985,11,92986,1100000,92986,1100000,92987,1100000,92987,1100000,92987,0,92988,0,92988,0,92988,0,92973,0,,
93062,1340040,93061,40,93065,33,93067,22,93069,44,93071,565730,93070,0,93070,1,92731,95,93071,0,93072,0,92731,0,93072,0,93072,0,93074,36,93080,13,93081,1100000,93081,1100000,93082,1100000,93082,1100000,93083,0,93084,0,93084,0,93085,0,93070,0,,
93163,1340392,93161,50,93164,20,93167,22,93169,54,93171,594220,93171,0,93170,1,92824,95,93172,0,93172,0,92825,0,93172,0,93173,0,93174,40,93180,14,93181,900000,93182,900000,93182,900000,93183,900000,93184,0,93185,0,93186,0,93187,0,93170,0,,
93263,1340748,93262,40,93268,44,93270,44,93273,54,93274,540540,93273,0,93273,1,92871,95,93274,0,93274,0,92872,0,93275,0,93275,0,93277,41,93284,13,93285,1100000,93286,1100000,93286,1100000,93287,1100000,93287,0,93288,0,93288,0,93289,0,93273,0,,
93363,1341120,93362,22,93368,41,93371,33,93373,50,93374,594220,93374,0,93373,1,92974,95,93374,0,93375,0,92975,0,93375,0,93375,0,93377,36,93384,14,93385,1100000,93386,1100000,93387,1100000,93387,1100000,93387,0,93388,0,93388,0,93388,0,93373,0,,
93465,1341972,93464,33,93468,40,93470,25,93473,44,93474,577940,93474,0,93474,1,93071,95,93475,0,93476,0,93071,0,93476,0,93476,0,93478,42,93489,14,93490,1100000,93491,1100000,93492,1300000,93492,1300000,93493,0,93493,0,93494,0,93494,0,93473,0,,
93564,1338748,93563,54,93566,33,93568,60,93569,62,93571,1004350,93571,0,93570,1,93172,95,93571,0,93573,0,93172,0,93573,0,93573,0,93575,51,93581,24,93581,1100000,93582,1100000,93582,1100000,93583,1100000,93584,0,93584,0,93585,0,93586,0,93570,0,,
93666,1338872,93664,33,93669,25,93672,33,93675,54,93677,590150,93676,0,93676,1,93274,95,93677,0,93678,0,93274,0,93678,0,93678,0,93680,35,93692,12,93692,900000,93693,900000,93693,900000,93694,900000,93694,0,93695,0,93695,0,93696,0,93676,0,,
93765,1338872,93764,44,93768,33,93770,37,93773,55,93774,501930,93774,0,93773,1,93374,95,93774,0,93775,0,93374,0,93776,0,93776,0,93778,41,93785,13,93786,1100000,93787,1100000,93787,1100000,93788,1100000,93789,0,93789,0,93789,0,93790,0,93773,0,,
93865,1339244,93864,50,93868,33,93870,30,93873,50,93875,663410,93874,0,93873,1,93475,95,93875,0,93876,0,93475,0,93876,0,93876,0,93878,43,93886,15,93886,1100000,93887,1100000,93888,1100000,93889,1100000,93889,0,93890,0,93890,0,93891,0,93873,0,,
93966,1339368,93965,66,93969,30,93972,25,93975,50,93976,695970,93976,0,93975,1,93572,95,93977,0,93977,0,93572,0,93977,0,93978,0,93979,44,93988,15,93989,1100000,93989,1100000,93989,1100000,93990,1100000,93991,0,93991,0,93992,0,93992,0,93975,0,,
94066,1339492,94065,55,94068,50,94071,44,94074,40,94075,769230,94075,0,94074,1,93677,95,94075,0,94076,0,93677,0,94076,0,94076,0,94078,47,94085,17,94086,1300000,94086,1300000,94087,1300000,94088,1300000,94088,0,94088,0,94089,0,94089,0,94074,0,,
94170,1339632,94168,50,94174,33,94178,11,94181,27,94183,644930,94182,0,94181,1,93774,95,94184,0,94187,0,93775,0,94189,0,94189,0,94193,38,94199,12,94199,1100000,94200,1100000,94201,1100000,94202,1100000,94203,0,94204,0,94204,0,94205,0,94181,0,,
94269,1339756,94267,55,94271,50,94273,58,94276,40,94277,826210,94277,0,94276,1,93875,95,94278,0,94278,0,93876,0,94279,0,94279,0,94281,45,94290,17,94291,1100000,94291,1100000,94292,1100000,94292,1100000,94293,0,94293,0,94293,0,94294,0,94276,0,,
94368,1340128,94367,45,94371,44,94373,25,94375,58,94376,700040,94376,0,94376,1,93977,95,94377,0,94377,0,93977,0,94378,0,94378,0,94379,43,94388,13,94388,1100000,94389,1100000,94389,1100000,94389,1100000,94390,0,94390,0,94390,0,94391,0,94376,0,,
94469,1340376,94467,40,94471,36,94473,60,94475,30,94477,675620,94476,0,94476,1,94075,95,94477,0,94478,0,94075,0,94478,0,94478,0,94479,43,94488,14,94488,1100000,94489,1100000,94489,1100000,94490,1100000,94490,0,94490,0,94491,0,94491,0,94476,0,,
94569,1340500,94568,28,94571,37,94573,66,94576,45,94577,716320,94577,0,94576,1,94185,95,94577,0,94578,0,94186,0,94578,0,94578,0,94580,43,94588,15,94589,1100000,94590,1100000,94590,1100000,94591,1100000,94591,0,94591,0,94592,0,94592,0,94576,0,,
94671,1340856,94669,33,94674,30,94677,50,94680,41,94681,626780,94681,0,94681,1,94278,95,94682,0,94683,0,94278,0,94683,0,94684,0,94686,43,94697,15,94697,900000,94698,900000,94698,900000,94699,900000,94699,0,94700,0,94700,0,94701,0,94680,0,,
94771,1341088,94769,40,94773,50,94775,60,94777,50,94779,594000,94778,0,94778,1,94377,95,94779,0,94780,0,94377,0,94780,0,94780,0,94782,47,94790,16,94791,1100000,94791,1100000,94792,1100000,94792,1100000,94792,0,94793,0,94793,0,94793,0,94778,0,,
94871,1341352,94869,25,94873,61,94875,50,94877,41,94878,720390,94878,0,94877,1,94477,95,94878,0,94879,0,94477,0,94879,0,94879,0,94882,46,94891,17,94891,1100000,94892,1100000,94892,1100000,94893,1100000,94893,0,94893,0,94894,0,94894,0,94877,0,,
94971,1337880,94970,44,94973,63,94975,80,94978,50,94979,964590,94978,0,94978,1,94577,95,94979,0,94980,0,94578,0,94980,0,94980,0,94982,60,94991,24,94991,1100000,94992,1100000,94992,1100000,94993,1100000,94993,0,94993,0,94994,0,94994,0,94978,0,,
95072,1338128,95071,44,95074,45,95077,53,95079,40,95080,740740,95079,0,95079,1,94682,95,95080,0,95081,0,94682,0,95081,0,95081,0,95083,46,95091,17,95092,1100000,95092,1100000,95092,1100000,95093,1100000,95093,0,95093,0,95094,0,95094,0,95079,0,,
95172,1338252,95171,45,95175,12,95177,0,95180,50,95181,435490,95181,0,95180,1,94779,95,95182,0,95182,0,94779,0,95183,0,95183,0,95185,28,95193,7,95193,900000,95194,900000,95194,900000,95195,900000,95195,0,95196,0,95196,0,95197,0,95180,0,,
95272,1338376,95271,0,95274,22,95277,22,95279,37,95280,240570,95280,0,95279,1,94878,95,95281,0,95282,0,94879,0,95282,0,95282,0,95283,23,95292,8,95292,1100000,95293,1100000,95293,1100000,95294,1100000,95294,0,95295,0,95295,0,95296,0,95279,0,,
95373,1338624,95372,36,95376,36,95378,25,95379,50,95381,598290,95381,0,95380,1,94979,95,95381,0,95382,0,94979,0,95382,0,95382,0,95384,36,95393,12,95394,900000,95394,900000,95395,900000,95395,900000,95396,0,95396,0,95397,0,95397,0,95380,0,,
95474,1338764,95473,54,95476,45,95478,45,95480,60,95482,605880,95481,0,95481,1,95080,95,95482,0,95483,0,95080,0,95483,0,95483,0,95485,52,95493,16,95493,1100000,95494,1100000,95494,1100000,95494,1100000,95495,0,95495,0,95496,0,95496,0,95481,0,,
95574,1339120,95573,50,95576,40,95578,37,95580,40,95582,679690,95582,0,95581,1,95182,95,95582,0,95583,0,95182,0,95583,0,95583,0,95585,40,95594,14,95594,1100000,95595,1100000,95595,1100000,95596,1100000,95596,0,95596,0,95597,0,95597,0,95580,0,,
95676,1339524,95674,44,95679,36,95682,22,95685,40,95687,577940,95687,0,95686,1,95281,95,95688,0,95690,0,95281,0,95691,0,95691,0,95694,40,95702,13,95703,900000,95704,900000,95705,900000,95706,900000,95707,0,95707,0,95708,0,95708,0,95686,0,,
95775,1339772,95774,33,95777,33,95779,40,95781,66,95782,510840,95782,0,95782,1,95381,95,95783,0,95784,0,95381,0,95784,0,95785,0,95787,38,95795,13,95796,1100000,95797,1100000,95797,1100000,95798,1100000,95798,0,95799,0,95799,0,95799,0,95781,0,,
95876,1339880,95875,45,95878,44,95879,25,95882,44,95883,643060,95883,0,95882,1,95482,95,95883,0,95884,0,95482,0,95884,0,95884,0,95887,38,95894,13,95895,1100000,95895,1100000,95896,1100000,95896,1100000,95896,0,95897,0,95897,0,95897,0,95882,0,,
95976,1340252,95975,14,95978,33,95980,40,95982,33,95984,488400,95983,0,95983,1,95583,95,95984,0,95984,0,95583,0,95985,0,95985,0,95987,35,95995,11,95996,1100000,95996,1100000,95996,1100000,95997,1100000,95997,0,95997,0,95998,0,95998,0,95983,0,,
96077,1340376,96076,55,96079,30,96080,37,96083,40,96084,659340,96083,0,96083,1,95689,95,96084,0,96084,0,95689,0,96085,0,96085,0,96087,39,96094,14,96095,1100000,96096,1100000,96096,1100000,96096,1100000,96097,0,96097,0,96097,0,96098,0,96083,0,,
96178,1340748,96177,60,96180,33,96182,30,96185,20,96193,582010,96192,0,96185,1,95783,95,96193,0,96194,0,95783,0,96194,0,96194,0,96196,40,96202,13,96203,1100000,96204,1100000,96204,1100000,96205,1100000,96205,0,96206,0,96207,0,96207,0,96185,0,,
96278,1341120,96277,37,96280,50,96282,40,96284,50,96286,720390,96286,0,96285,1,95883,95,96287,0,96288,0,95883,0,96289,0,96289,0,96291,41,96298,16,96299,1100000,96299,1100000,96299,1100000,96300,1100000,96300,0,96301,0,96301,0,96301,0,96285,0,,
96379,1341476,96378,33,96382,60,96384,50,96398,40,96400,744810,96400,0,96399,1,95984,95,96401,0,96401,0,95984,0,96402,0,96402,0,96411,48,96417,16,96417,1200000,96418,1200000,96418,1200000,96418,1200000,96419,0,96421,0,96422,0,96423,0,96399,0,,
96479,1338004,96478,44,96481,63,96483,44,96485,50,96487,940680,96487,0,96486,1,96084,95,96488,0,96490,0,96084,0,96491,0,96491,0,96493,48,96499,18,96500,1100000,96500,1100000,96501,1100000,96501,1100000,96501,0,96502,0,96502,0,96503,0,96486,0,,
96580,1338408,96579,63,96582,30,96584,12,96585,50,96587,630849,96586,0,96586,1,96193,95,96588,0,96589,0,96194,0,96590,0,96591,0,96592,44,96598,14,96599,1100000,96599,1100000,96600,1100000,96600,1100000,96601,0,96601,0,96601,0,96602,0,96586,0,,
96681,1338624,96680,60,96684,45,96686,33,96689,25,96692,663410,96691,0,96690,1,96287,95,96693,0,96694,0,96288,0,96694,0,96694,0,96696,43,96707,13,96707,1200000,96708,1200000,96708,1200000,96709,1200000,96710,0,96710,0,96711,0,96711,0,96690,0,,
96781,1338624,96780,55,96783,36,96786,54,96791,25,96793,795600,96792,0,96791,1,96401,95,96793,0,96794,0,96401,0,96795,0,96795,0,96797,39,96805,15,96807,1100000,96807,1100000,96808,1100000,96808,1100000,96809,0,96810,0,96811,0,96811,0,96791,0,,
96881,1338888,96880,58,96883,12,96885,33,96887,33,96889,553520,96888,0,96888,1,96489,95,96889,0,96891,0,96489,0,96891,0,96891,0,96894,36,96899,12,96900,1100000,96901,900000,96902,900000,96903,900000,96903,0,96904,0,96905,0,96906,0,96887,0,,
96982,1339244,96981,50,96984,40,96986,40,96988,45,96990,574750,96989,0,96989,1,96588,95,96991,0,96992,0,96588,0,96993,0,96993,0,96995,46,97003,16,97003,1100000,97004,1100000,97005,1100000,97006,1100000,97007,0,97007,0,97008,0,97008,0,96989,0,,
97082,1339492,97081,33,97084,44,97086,44,97091,45,97092,675620,97092,0,97091,1,96693,95,97093,0,97093,0,96693,0,97094,0,97094,0,97096,36,97102,13,97102,1100000,97103,1100000,97103,1100000,97104,1100000,97104,0,97105,0,97105,0,97106,0,97091,0,,
97183,1339632,97182,44,97185,55,97190,33,97192,45,97194,720390,97194,0,97193,1,96794,95,97195,0,97195,0,96794,0,97196,0,97196,0,97197,47,97203,14,97204,1100000,97205,1100000,97205,1100000,97206,1100000,97207,0,97208,0,97208,0,97209,0,97192,0,,
97283,1339880,97282,50,97285,55,97287,30,97289,40,97291,712250,97291,0,97290,1,96890,95,97291,0,97292,0,96890,0,97293,0,97293,0,97295,46,97301,19,97301,1100000,97302,1100000,97302,1100000,97302,1100000,97303,0,97303,0,97303,0,97304,0,97290,0,,
97384,1340268,97383,36,97386,54,97389,50,97395,22,97396,659339,97396,0,97395,1,96991,95,97396,0,97397,0,96992,0,97397,0,97398,0,97399,38,97406,12,97407,1100000,97407,1100000,97408,1100000,97409,1100000,97410,0,97410,0,97411,0,97411,0,97395,0,,
97484,1340516,97483,37,97487,60,97490,50,97492,50,97494,801790,97493,0,97493,1,97093,95,97494,0,97496,0,97093,0,97496,0,97496,0,97498,51,97504,18,97504,1100000,97505,1100000,97506,1100000,97506,1100000,97507,0,97508,0,97508,0,97508,0,97493,0,,
97585,1340764,97584,50,97586,33,97589,36,97592,54,97594,704110,97594,0,97593,1,97195,95,97594,0,97596,0,97195,0,97597,0,97597,0,97599,42,97609,16,97610,900000,97611,900000,97612,900000,97613,900000,97614,0,97614,0,97615,0,97615,0,97593,0,,
97685,1341152,97684,66,97687,50,97690,33,97693,46,97694,579150,97694,0,97693,1,97292,95,97695,0,97695,0,97292,0,97696,0,97696,0,97698,51,97704,17,97705,1100000,97706,1100000,97707,1100000,97708,1100000,97708,0,97709,0,97709,0,97710,0,97693,0,,
97786,1341368,97784,55,97788,30,97791,14,97794,50,97795,606430,97795,0,97794,1,97397,95,97796,0,97796,0,97397,0,97797,0,97797,0,97798,37,97806,12,97808,1100000,97809,1100000,97809,1100000,97810,1100000,97811,0,97812,0,97812,0,97812,0,97794,0,,
97886,1338516,97885,55,97888,77,97890,25,97893,16,97894,704110,97894,0,97893,1,97495,95,97895,0,97896,0,97495,0,97896,0,97896,0,97897,47,97903,16,97903,1200000,97903,1200000,97904,1200000,97905,1200000,97906,0,97907,0,97908,0,97909,0,97893,0,,
97987,1338640,97986,44,97989,37,97992,30,97994,45,97995,730080,97995,0,97994,1,97595,95,97996,0,97997,0,97595,0,97997,0,97997,0,97999,38,98006,14,98007,1100000,98008,1100000,98008,1100000,98009,1100000,98010,0,98010,0,98011,0,98011,0,97994,0,,
98087,1338872,98086,40,98089,40,98091,30,98093,22,98094,537240,98093,0,98093,1,97695,95,98094,0,98095,0,97695,0,98095,0,98095,0,98097,31,98103,11,98104,900000,98104,900000,98105,900000,98105,900000,98106,0,98106,0,98106,0,98107,0,98093,0,,
98188,1338872,98187,0,98192,30,98194,22,98196,30,98198,243540,98197,0,98197,1,97796,95,98198,0,98199,0,97796,0,98199,0,98200,0,98201,21,98208,6,98208,1100000,98209,1100000,98209,1100000,98210,1100000,98210,0,98210,0,98211,0,98211,0,98197,0,,
98288,1339152,98287,33,98290,12,98292,33,98295,20,98296,398860,98296,0,98295,1,97895,95,98297,0,98298,0,97895,0,98298,0,98299,0,98300,27,98307,10,98308,1100000,98309,1100000,98309,1100000,98309,1100000,98310,0,98310,0,98311,0,98311,0,98295,0,,
98389,1339384,98388,11,98391,10,98393,50,98396,0,98397,288970,98397,0,98397,1,97996,95,98398,0,98399,0,97996,0,98399,0,98399,0,98401,14,98408,4,98409,900000,98410,900000,98410,900000,98411,900000,98411,0,98412,0,98412,0,98412,0,98396,0,,
98489,1339740,98488,11,98492,27,98494,37,98496,12,98497,258390,98497,0,98497,1,98094,95,98498,0,98498,0,98094,0,98499,0,98499,0,98500,23,98507,7,98508,1100000,98508,1100000,98509,1100000,98509,1100000,98509,0,98510,0,98510,0,98510,0,98497,0,,
98590,1338872,98589,33,98592,12,98594,40,98596,30,98597,468050,98597,0,98596,1,98198,95,98598,0,98598,0,98198,0,98599,0,98599,0,98600,27,98606,10,98607,1100000,98607,1100000,98608,1100000,98608,1100000,98609,0,98609,0,98609,0,98609,0,98596,0,,
98696,1339260,98693,22,98700,22,98704,33,98708,27,98711,423280,98710,0,98709,1,98297,95,98711,0,98713,0,98297,0,98713,0,98713,0,98715,36,98722,9,98723,1100000,98723,1100000,98724,1100000,98724,1100000,98724,0,98725,0,98725,0,98725,0,98709,0,,
98792,1339740,98790,22,98794,40,98796,55,98798,25,98799,577940,98799,0,98798,1,98398,95,98799,0,98800,0,98398,0,98800,0,98800,0,98802,27,98810,9,98811,1100000,98811,1100000,98812,1100000,98812,1100000,98813,0,98813,0,98814,0,98814,0,98798,0,,
98893,1339988,98891,57,98895,36,98897,45,98899,33,98901,695970,98900,0,98900,1,98498,95,98901,0,98902,0,98498,0,98902,0,98902,0,98904,45,98913,16,98913,1100000,98914,1100000,98914,1100000,98914,1100000,98915,0,98915,0,98916,0,98916,0,98899,0,,
98995,1340360,98993,50,98998,45,99001,62,99003,33,99005,773300,99005,0,99004,1,98598,95,99005,0,99006,0,98598,0,99007,0,99008,0,99010,47,99019,15,99019,900000,99020,900000,99020,900000,99021,900000,99021,0,99022,0,99022,0,99023,0,99004,0,,
99095,1340732,99093,36,99098,40,99101,66,99103,55,99105,585090,99104,0,99104,1,98712,95,99105,0,99106,0,98712,0,99107,0,99107,0,99110,47,99119,14,99119,900000,99120,900000,99121,900000,99121,900000,99122,0,99122,0,99122,0,99123,0,99104,0,,
99198,1340980,99196,54,99199,30,99201,45,99204,54,99205,543510,99205,0,99204,1,98799,95,99205,0,99206,0,98800,0,99206,0,99207,0,99209,46,99217,14,99217,1100000,99218,1100000,99218,1100000,99218,1100000,99219,0,99219,0,99219,0,99219,0,99204,0,,
99299,1341740,99297,44,99301,55,99304,36,99316,63,99317,805860,99317,0,99317,1,98901,95,99318,0,99318,0,98901,0,99318,0,99319,0,99320,52,99329,19,99330,1300000,99330,1300000,99331,1300000,99331,1300000,99331,0,99331,0,99332,0,99332,0,99317,0,,
99400,1338764,99398,25,99402,50,99404,30,99406,40,99408,772850,99408,0,99407,1,99005,95,99408,0,99409,0,99006,0,99409,0,99409,0,99411,33,99418,11,99419,900000,99420,900000,99420,900000,99420,900000,99421,0,99421,0,99422,0,99422,0,99407,0,,
99499,1338996,99498,33,99501,40,99503,12,99505,22,99507,317789,99506,0,99505,1,99105,95,99507,0,99508,0,99106,0,99508,0,99508,0,99510,28,99516,8,99517,1100000,99517,1100000,99518,1100000,99518,1100000,99518,0,99519,0,99519,0,99519,0,99505,0,,
99600,1339120,99599,40,99602,11,99604,30,99606,27,99607,439560,99607,0,99606,1,99205,95,99607,0,99608,0,99206,0,99608,0,99608,0,99610,28,99616,10,99616,1100000,99617,1100000,99617,1100000,99618,1100000,99618,0,99618,0,99619,0,99619,0,99606,0,,
99701,1339120,99700,45,99704,0,99706,25,99708,10,99710,325599,99710,0,99709,1,99318,95,99710,0,99711,0,99318,0,99712,0,99712,0,99714,27,99722,8,99722,900000,99723,900000,99723,900000,99724,900000,99724,0,99725,0,99725,0,99726,0,99709,0,,
99804,1339260,99802,50,99808,41,99812,50,99814,41,99816,540540,99816,0,99815,1,99408,95,99817,0,99817,0,99409,0,99818,0,99818,0,99820,42,99826,9,99827,1100000,99827,1100000,99828,1100000,99828,1100000,99829,0,99829,0,99829,0,99830,0,99815,0,,
99902,1339368,99901,30,99904,30,99906,33,99909,12,99910,427349,99910,0,99909,1,99507,95,99911,0,99912,0,99507,0,99912,0,99913,0,99914,29,99923,9,99923,1100000,99924,1100000,99924,1100000,99925,1100000,99926,0,99926,0,99927,0,99927,0,99909,0,,
100003,1339368,100001,45,100004,50,100006,60,100012,30,100013,752949,100013,0,100012,1,99607,95,100014,0,100015,0,99607,0,100016,0,100016,0,100018,45,100026,15,100027,900000,100028,900000,100029,900000,100030,900000,100031,0,100032,0,100033,0,100033,0,100012,0,,
100104,1339864,100103,36,100106,54,100109,60,100113,50,100115,594000,100114,0,100113,1,99711,95,100115,0,100116,0,99711,0,100117,0,100117,0,100119,51,100129,15,100130,900000,100131,900000,100131,900000,100132,900000,100133,0,100133,0,100133,0,100134,0,100113,0,,
100204,1340236,100203,50,100206,45,100208,60,100211,44,100212,591030,100212,0,100211,1,99817,95,100213,0,100213,0,99817,0,100214,0,100214,0,100215,48,100222,17,100222,1100000,100223,1100000,100223,1100000,100223,1100000,100224,0,100224,0,100225,0,100226,0,100211,0,,
100304,1340360,100303,50,100306,30,100309,45,100312,22,100313,598290,100313,0,100312,1,99911,95,100313,0,100314,0,99911,0,100314,0,100314,0,100316,39,100322,13,100322,1100000,100323,1100000,100323,1100000,100324,1100000,100324,0,100324,0,100325,0,100326,0,100312,0,,
100406,1340500,100404,50,100408,33,100412,60,100415,40,100417,744810,100416,0,100416,1,100014,95,100417,0,100418,0,100014,0,100418,0,100418,0,100420,42,100432,12,100433,900000,100434,900000,100435,900000,100435,900000,100436,0,100436,0,100437,0,100437,0,100416,0,,
100506,1340748,100504,33,100507,50,100509,50,100512,25,100513,469260,100513,0,100512,1,100116,95,100513,0,100514,0,100116,0,100514,0,100514,0,100516,40,100522,12,100522,1100000,100523,1100000,100523,1100000,100523,1100000,100524,0,100524,0,100524,0,100525,0,100512,0,,
100606,1340996,100605,27,100608,12,100610,40,100612,0,100613,321530,100613,0,100612,1,100213,95,100613,0,100614,0,100213,0,100614,0,100614,0,100616,21,100622,7,100623,1100000,100623,1100000,100623,1100000,100624,1100000,100624,0,100625,0,100625,0,100625,0,100612,0,,
100713,1341384,100707,11,100720,20,100723,54,100726,30,100727,468050,100727,0,100726,1,100313,95,100728,0,100729,0,100313,0,100730,0,100730,0,100732,38,100740,8,100741,1100000,100741,1100000,100742,1100000,100742,1100000,100743,0,100743,0,100743,0,100744,0,100726,0,,
100807,1338376,100806,44,100808,33,100810,77,100812,50,100813,830280,100813,0,100812,1,100417,95,100813,0,100814,0,100418,0,100814,0,100814,0,100816,45,100820,19,100820,1500000,100821,1100000,100822,1100000,100822,1100000,100822,0,100823,0,100823,0,100823,0,100812,0,,
100908,1338500,100907,30,100910,20,100913,27,100916,18,100918,467049,100918,0,100917,1,100513,95,100918,0,100919,0,100513,0,100919,0,100919,0,100921,23,100929,9,100930,900000,100930,900000,100931,900000,100932,900000,100932,0,100933,0,100933,0,100933,0,100917,0,,
101011,1338872,101007,44,101014,30,101017,30,101018,25,101019,383130,101019,0,101019,1,100613,95,101020,0,101021,0,100614,0,101021,0,101021,0,101023,31,101031,7,101031,1100000,101032,1100000,101032,1100000,101033,1100000,101033,0,101033,0,101034,0,101034,0,101019,0,,
101109,1339120,101108,20,101111,27,101114,30,101116,40,101117,476190,101117,0,101117,1,100728,95,101118,0,101119,0,100729,0,101119,0,101119,0,101121,29,101129,12,101131,1100000,101131,1100000,101132,1100000,101132,1100000,101133,0,101133,0,101134,0,101134,0,101116,0,,
101212,1339368,101210,37,101215,40,101218,33,101221,44,101222,626780,101222,0,101221,1,100813,95,101223,0,101223,0,100813,0,101224,0,101224,0,101226,35,101237,11,101238,900000,101238,900000,101239,900000,101239,900000,101240,0,101240,0,101241,0,101241,0,101221,0,,
101312,1339368,101310,40,101315,37,101317,44,101320,63,101322,546480,101322,0,101320,1,100918,95,101323,0,101324,0,100918,0,101325,0,101326,0,101328,51,101337,14,101337,1100000,101338,1100000,101338,1100000,101339,1100000,101339,0,101339,0,101339,0,101340,0,101320,0,,
101411,1339616,101409,60,101414,50,101416,25,101418,40,101420,712250,101419,0,101419,1,101020,95,101420,0,101421,0,101020,0,101422,0,101422,0,101424,48,101433,17,101434,1100000,101435,1100000,101435,1100000,101435,1100000,101436,0,101436,0,101436,0,101437,0,101419,0,,
101511,1339880,101510,44,101514,45,101517,40,101519,33,101520,659339,101520,0,101520,1,101118,95,101521,0,101522,0,101118,0,101523,0,101523,0,101525,34,101535,13,101536,1000000,101536,1000000,101537,1000000,101537,1000000,101538,0,101538,0,101538,0,101538,0,101519,0,,
101612,1339880,101611,50,101614,40,101617,40,101619,45,101620,612500,101620,0,101619,1,101223,95,101620,0,101621,0,101223,0,101621,0,101622,0,101623,45,101632,14,101632,1100000,101633,1100000,101633,1100000,101634,1100000,101634,0,101634,0,101635,0,101635,0,101619,0,,
101713,1340376,101711,45,101715,37,101717,36,101719,63,101720,736670,101720,0,101719,1,101323,95,101720,0,101722,0,101323,0,101722,0,101722,0,101724,46,101733,17,101733,1100000,101734,1100000,101734,1100000,101735,1100000,101735,0,101735,0,101736,0,101736,0,101719,0,,
101814,1340732,101812,60,101816,33,101819,40,101822,40,101824,704109,101824,0,101823,1,101420,95,101824,0,101825,0,101421,0,101826,0,101827,0,101829,42,101839,15,101840,900000,101841,900000,101841,900000,101842,900000,101842,0,101842,0,101843,0,101843,0,101823,0,,
101914,1341104,101912,72,101916,40,101918,50,101921,33,101922,579150,101922,0,101922,1,101522,95,101923,0,101923,0,101522,0,101924,0,101924,0,101925,52,101934,16,101935,1100000,101936,1100000,101937,1100000,101937,1100000,101938,0,101938,0,101938,0,101939,0,101921,0,,
102013,1341616,102012,72,102015,80,102016,37,102018,53,102019,984940,102019,0,102018,1,101621,95,102019,0,102020,0,101621,0,102020,0,102020,0,102024,61,102033,26,102034,1500000,102034,1500000,102034,1500000,102035,1500000,102035,0,102035,0,102036,0,102036,0,102018,0,,
102114,1341616,102113,66,102116,66,102118,44,102119,62,102120,1606500,102120,0,102120,1,101721,95,102120,0,102121,0,101721,0,102121,0,102121,0,102123,61,102127,29,102128,1500000,102129,1500000,102129,1500000,102129,1500000,102130,0,102130,0,102131,0,102131,0,102119,0,,
102221,1337896,102213,33,102223,50,102225,54,102226,63,102228,1350000,102227,0,102227,1,101825,95,102229,0,102230,0,101825,0,102231,0,102231,0,102232,50,102237,24,102237,1500000,102238,1500000,102238,1500000,102238,1500000,102238,0,102239,0,102239,0,102239,0,102227,0,,
102315,1337524,102314,40,102317,25,102319,33,102321,50,102323,999000,102322,0,102322,1,101923,95,102323,0,102323,0,101923,0,102324,0,102324,0,102325,32,102334,14,102335,1100000,102335,1100000,102336,1100000,102336,1100000,102336,0,102337,0,102337,0,102337,0,102322,0,,
102416,1337524,102414,25,102418,45,102420,12,102422,44,102423,512819,102423,0,102422,1,102019,95,102423,0,102424,0,102019,0,102424,0,102424,0,102426,36,102434,11,102435,1100000,102435,1100000,102435,1100000,102436,1100000,102436,0,102436,0,102437,0,102437,0,102422,0,,
102516,1337788,102515,25,102518,40,102520,12,102522,30,102523,435490,102523,0,102522,1,102120,95,102523,0,102524,0,102121,0,102524,0,102524,0,102526,27,102532,9,102533,1100000,102533,1100000,102533,1100000,102534,1100000,102534,0,102534,0,102535,0,102535,0,102522,0,,
102618,1337788,102616,20,102620,27,102623,33,102625,0,102626,325600,102626,0,102626,1,102229,95,102627,0,102627,0,102229,0,102628,0,102628,0,102629,18,102636,5,102637,1100000,102637,1100000,102638,1100000,102638,1100000,102638,0,102639,0,102639,0,102639,0,102626,0,,
102718,1337788,102716,27,102720,30,102722,30,102724,33,102726,488400,102725,0,102724,1,102323,95,102726,0,102727,0,102323,0,102728,0,102728,0,102730,30,102738,13,102739,1100000,102740,1100000,102741,1100000,102741,1100000,102742,0,102742,0,102743,0,102743,0,102724,0,,
102819,1338144,102818,50,102821,40,102824,45,102826,58,102827,785510,102827,0,102826,1,102424,95,102828,0,102830,0,102424,0,102831,0,102831,0,102833,55,102842,17,102843,900000,102844,900000,102845,900000,102846,900000,102846,0,102847,0,102848,0,102849,0,102826,0,,
102920,1338392,102918,37,102923,63,102926,33,102929,44,102931,525690,102930,0,102929,1,102524,95,102931,0,102933,0,102524,0,102933,0,102934,0,102936,42,102943,12,102944,900000,102945,900000,102946,900000,102947,900000,102948,0,102949,0,102949,0,102950,0,102929,0,,
103019,1338764,103018,40,103021,50,103024,14,103026,33,103027,406890,103027,0,103026,1,102627,95,103027,0,103028,0,102627,0,103029,0,103029,0,103032,38,103039,14,103039,1100000,103040,1100000,103040,1100000,103041,1100000,103041,0,103041,0,103042,0,103042,0,103026,0,,
103120,1339012,103118,44,103122,54,103125,22,103127,54,103128,708180,103128,0,103127,1,102726,95,103131,0,103132,0,102726,0,103133,0,103133,0,103135,42,103142,14,103142,1100000,103143,1100000,103143,1100000,103143,1100000,103144,0,103144,0,103144,0,103145,0,103127,0,,
103222,1339244,103219,50,103225,22,103228,55,103232,25,103234,618640,103234,0,103233,1,102829,95,103235,0,103236,0,102829,0,103237,0,103237,0,103239,39,103247,13,103248,1200000,103249,1200000,103249,1200000,103250,1200000,103250,0,103251,0,103251,0,103251,0,103233,0,,
103321,1339616,103319,55,103323,37,103325,25,103327,36,103328,716040,103328,0,103327,1,102932,95,103329,0,103331,0,102932,0,103331,0,103332,0,103333,38,103339,15,103340,1100000,103341,1100000,103341,1100000,103342,1100000,103342,0,103343,0,103343,0,103344,0,103327,0,,
103422,1340236,103420,50,103424,54,103427,55,103429,50,103433,850630,103433,0,103430,1,103027,95,103434,0,103435,0,103027,0,103436,0,103436,0,103439,52,103450,19,103451,1100000,103452,1100000,103453,1100000,103453,1100000,103454,0,103454,0,103455,0,103456,0,103430,0,,
103524,1340872,103522,66,103528,44,103532,44,103535,45,103537,809930,103537,0,103536,1,103132,95,103538,0,103538,0,103132,0,103539,0,103539,0,103541,51,103554,17,103554,900000,103555,900000,103555,900000,103556,900000,103556,0,103557,0,103557,0,103558,0,103536,0,,
103623,1341120,103622,55,103625,45,103627,44,103629,37,103631,537570,103631,0,103630,1,103236,95,103631,0,103632,0,103236,0,103633,0,103633,0,103634,47,103642,16,103643,1100000,103643,1100000,103644,1100000,103644,1100000,103644,0,103645,0,103646,0,103647,0,103630,0,,
103722,1337152,103721,25,103724,66,103725,30,103727,40,103727,655270,103727,0,103727,1,103329,95,103728,0,103728,0,103330,0,103728,0,103729,0,103730,36,103736,19,103737,1100000,103738,1100000,103738,1100000,103739,1100000,103739,0,103739,0,103740,0,103740,0,103727,0,,
103826,1337384,103824,40,103831,30,103835,30,103839,30,103841,529100,103841,0,103840,1,103434,95,103842,0,103844,0,103434,0,103845,0,103845,0,103848,35,103857,7,103858,900000,103858,900000,103859,900000,103859,900000,103860,0,103860,0,103860,0,103861,0,103839,0,,
103929,1337508,103925,45,103935,58,103940,50,103944,27,103946,534600,103946,0,103945,1,103538,95,103947,0,103948,0,103538,0,103949,0,103949,0,103951,44,103959,10,103960,900000,103961,900000,103961,900000,103962,900000,103962,0,103963,0,103963,0,103963,0,103944,0,,
104026,1337756,104024,50,104028,14,104030,11,104034,40,104036,341550,104035,0,104035,1,103631,95,104036,0,104037,0,103632,0,104038,0,104038,0,104039,27,104045,6,104046,1100000,104046,1100000,104047,1100000,104047,1100000,104048,0,104048,0,104048,0,104049,0,104034,0,,
104126,1338128,104125,40,104128,44,104131,45,104133,40,104135,687829,104135,0,104134,1,103728,95,104136,0,104137,0,103728,0,104138,0,104138,0,104141,46,104148,19,104149,1100000,104150,1100000,104151,1100000,104151,1100000,104152,0,104152,0,104152,0,104153,0,104133,0,,
104226,1338516,104225,50,104228,30,104230,14,104233,30,104236,504680,104235,0,104234,1,103843,95,104236,0,104237,0,103843,0,104238,0,104238,0,104240,30,104250,10,104251,900000,104252,900000,104252,900000,104253,900000,104253,0,104254,0,104254,0,104254,0,104234,0,,
104328,1337400,104326,61,104331,36,104334,50,104337,45,104338,570240,104338,0,104337,1,103947,95,104339,0,104339,0,103947,0,104339,0,104340,0,104342,48,104349,14,104350,1100000,104351,1100000,104352,1100000,104352,1100000,104353,0,104353,0,104353,0,104354,0,104337,0,,
104427,1337896,104426,44,104429,22,104431,22,104433,30,104435,480260,104434,0,104434,1,104037,95,104435,0,104436,0,104037,0,104436,0,104436,0,104438,27,104446,10,104447,1100000,104447,1100000,104448,1100000,104448,1100000,104449,0,104449,0,104450,0,104450,0,104434,0,,
104528,1338284,104527,33,104536,44,104538,30,104541,41,104542,602360,104542,0,104542,1,104136,95,104543,0,104544,0,104136,0,104544,0,104544,0,104546,39,104556,13,104557,1200000,104557,1200000,104557,1200000,104558,1200000,104558,0,104558,0,104558,0,104559,0,104541,0,,
104628,1338640,104627,46,104630,50,104633,36,104635,25,104636,734760,104636,0,104635,1,104237,95,104637,0,104638,0,104237,0,104638,0,104639,0,104640,40,104646,16,104647,1100000,104648,1100000,104649,1100000,104650,1100000,104650,0,104651,0,104652,0,104652,0,104635,0,,
104728,1339136,104727,40,104730,60,104733,33,104735,40,104736,704109,104736,0,104736,1,104339,95,104737,0,104737,0,104339,0,104738,0,104738,0,104739,42,104745,14,104746,1100000,104746,1100000,104746,1100000,104747,1100000,104748,0,104748,0,104749,0,104749,0,104736,0,,
104829,1339616,104828,33,104833,50,104836,30,104838,45,104840,643060,104840,0,104839,1,104435,95,104840,0,104841,0,104435,0,104842,0,104842,0,104844,38,104855,14,104855,900000,104856,900000,104856,900000,104857,900000,104857,0,104858,0,104858,0,104858,0,104839,0,,
104929,1340236,104928,33,104931,55,104934,40,104936,25,104937,454410,104937,0,104937,1,104543,95,104938,0,104938,0,104543,0,104939,0,104939,0,104941,38,104950,13,104951,1100000,104951,1300000,104952,1300000,104952,1300000,104953,0,104953,0,104954,0,104954,0,104937,0,,
105030,1340732,105029,41,105033,54,105036,45,105039,30,105040,854439,105040,0,105039,1,104637,95,105041,0,105042,0,104637,0,105042,0,105042,0,105044,43,105052,16,105053,1100000,105053,1100000,105054,1100000,105054,1100000,105054,0,105055,0,105055,0,105055,0,105039,0,,
105131,1337384,105129,44,105135,33,105137,60,105139,80,105141,883189,105141,0,105140,1,104737,95,105142,0,105142,0,104737,0,105143,0,105143,0,105144,60,105152,20,105153,1200000,105153,1200000,105154,1200000,105154,1200000,105154,0,105155,0,105155,0,105156,0,105140,0,,
105232,1337632,105230,53,105236,44,105239,44,105241,45,105243,870480,105243,0,105242,1,104841,95,105243,0,105244,0,104841,0,105244,0,105244,0,105246,45,105257,17,105258,1100000,105258,1100000,105258,1100000,105259,1100000,105259,0,105259,0,105260,0,105260,0,105242,0,,
105339,1337772,105337,50,105342,36,105345,30,105348,36,105353,618640,105352,0,105349,1,104938,95,105354,0,105355,0,104938,0,105355,0,105355,0,105357,41,105363,16,105364,1100000,105365,1100000,105366,1100000,105366,1100000,105367,0,105368,0,105369,0,105370,0,105349,0,,
105434,1338020,105431,55,105438,28,105441,33,105443,37,105444,622710,105444,0,105444,1,105041,95,105445,0,105446,0,105041,0,105446,0,105447,0,105449,31,105459,11,105459,1100000,105460,1100000,105461,1100000,105461,1100000,105462,0,105462,0,105462,0,105463,0,105444,0,,
105534,1338144,105532,60,105536,33,105538,33,105540,40,105543,675619,105543,0,105540,1,105142,95,105544,0,105546,0,105142,0,105547,0,105547,0,105551,43,105561,16,105562,1000000,105562,1000000,105563,1000000,105563,1000000,105564,0,105564,0,105564,0,105565,0,105540,0,,
105635,1338144,105632,54,105637,44,105639,37,105642,25,105644,560000,105644,0,105643,1,105243,95,105645,0,105645,0,105243,0,105646,0,105646,0,105647,42,105657,13,105658,1100000,105658,1100000,105658,1100000,105659,1100000,105659,0,105659,0,105660,0,105660,0,105643,0,,
105734,1338624,105733,50,105738,50,105740,36,105742,37,105744,704110,105743,0,105743,1,105354,95,105744,0,105745,0,105354,0,105745,0,105745,0,105747,42,105755,15,105756,1100000,105756,1100000,105757,1100000,105757,1100000,105758,0,105758,0,105758,0,105758,0,105743,0,,
105842,1338872,105834,44,105845,12,105847,50,105850,41,105852,598290,105851,0,105851,1,105445,95,105853,0,105854,0,105445,0,105855,0,105855,0,105857,45,105863,13,105864,1100000,105864,1100000,105865,1100000,105866,1100000,105867,0,105867,0,105868,0,105868,0,105850,0,,
105937,1339384,105936,44,105939,44,105942,54,105944,63,105945,834350,105945,0,105944,1,105545,95,105945,0,105946,0,105545,0,105946,0,105946,0,105948,44,105956,16,105957,1100000,105957,1100000,105958,1100000,105958,1100000,105958,0,105959,0,105959,0,105959,0,105944,0,,
106036,1339632,106034,14,106038,36,106042,25,106044,22,106046,394790,106045,0,106045,1,105645,95,106046,0,106047,0,105645,0,106047,0,106047,0,106049,26,106059,11,106059,900000,106060,900000,106060,900000,106061,900000,106061,0,106062,0,106062,0,106062,0,106045,0,,
106135,1339880,106134,50,106138,20,106140,22,106142,22,106144,338580,106144,0,106143,1,105744,95,106145,0,106146,0,105744,0,106146,0,106147,0,106148,28,106158,8,106159,1100000,106159,1100000,106160,1100000,106160,1100000,106161,0,106161,0,106162,0,106162,0,106143,0,,
106238,1340112,106236,45,106241,33,106243,25,106245,40,106246,582010,106246,0,106246,1,105853,95,106247,0,106247,0,105853,0,106247,0,106248,0,106249,37,106258,15,106259,1100000,106259,1100000,106260,1100000,106260,1100000,106260,0,106261,0,106261,0,106261,0,106246,0,,
106339,1340360,106337,66,106341,22,106344,25,106346,40,106348,622710,106347,0,106347,1,105945,95,106348,0,106348,0,105946,0,106349,0,106349,0,106352,43,106359,14,106360,1100000,106360,1100000,106361,1100000,106361,1100000,106362,0,106362,0,106362,0,106363,0,106347,0,,
106439,1340748,106436,50,106441,40,106444,44,106446,40,106447,708180,106447,0,106446,1,106046,95,106447,0,106448,0,106046,0,106448,0,106448,0,106450,36,106460,14,106461,1100000,106461,1100000,106462,1100000,106462,1100000,106462,0,106463,0,106463,0,106463,0,106446,0,,
106538,1336904,106537,55,106540,72,106542,30,106544,37,106545,789580,106545,0,106544,1,106145,95,106545,0,106546,0,106145,0,106546,0,106546,0,106547,51,106554,20,106555,1500000,106555,1500000,106556,1500000,106556,1500000,106556,0,106556,0,106557,0,106557,0,106544,0,,
106640,1337384,106639,33,106643,40,106645,40,106647,41,106649,1039500,106648,0,106648,1,106247,95,106649,0,106650,0,106247,0,106652,0,106652,0,106654,45,106661,19,106662,1100000,106662,1100000,106663,1100000,106663,1100000,106664,0,106664,0,106664,0,106664,0,106648,0,,
106739,1337508,106738,44,106742,37,106744,30,106747,45,106748,634920,106748,0,106748,1,106348,95,106749,0,106750,0,106348,0,106751,0,106751,0,106755,35,106763,13,106763,1100000,106764,1100000,106764,1100000,106764,1100000,106765,0,106765,0,106765,0,106766,0,106747,0,,
106841,1337632,106840,33,106843,50,106845,54,106847,40,106849,720390,106848,0,106848,1,106448,95,106849,0,106850,0,106448,0,106851,0,106851,0,106853,47,106862,17,106863,1100000,106863,1100000,106863,1100000,106864,1100000,106864,0,106864,0,106865,0,106865,0,106848,0,,
106940,1337988,106939,44,106943,40,106946,44,106948,54,106949,740740,106949,0,106949,1,106545,95,106950,0,106951,0,106545,0,106952,0,106953,0,106957,47,106965,16,106966,1100000,106967,1100000,106967,1100000,106968,1100000,106968,0,106969,0,106969,0,106970,0,106949,0,,
107041,1338392,107039,40,107044,12,107046,25,107048,25,107049,415140,107048,0,107048,1,106649,95,107049,0,107050,0,106650,0,107051,0,107051,0,107053,20,107060,7,107060,1100000,107061,1100000,107061,1100000,107062,1100000,107062,0,107062,0,107063,0,107063,0,107048,0,,
107141,1338656,107139,40,107143,33,107144,12,107146,14,107147,402930,107147,0,107147,1,106749,95,107148,0,107148,0,106749,0,107149,0,107149,0,107150,21,107157,10,107158,1100000,107158,1100000,107159,1100000,107159,1100000,107159,0,107160,0,107160,0,107160,0,107146,0,,
107245,1338796,107242,11,107248,30,107250,10,107253,27,107254,317460,107254,0,107254,1,106849,95,107255,0,107256,0,106850,0,107256,0,107256,0,107258,23,107267,5,107267,1100000,107268,1100000,107269,1100000,107270,1100000,107270,0,107271,0,107272,0,107272,0,107253,0,,
107342,1339168,107341,40,107344,45,107347,22,107349,37,107351,586080,107351,0,107350,1,106949,95,107352,0,107353,0,106949,0,107354,0,107354,0,107356,41,107366,14,107366,1100000,107367,1100000,107368,1100000,107368,1100000,107369,0,107370,0,107370,0,107371,0,107350,0,,
107445,1339540,107443,58,107448,37,107452,50,107455,41,107457,757020,107457,0,107456,1,106950,95,107458,0,107459,0,106951,0,107460,0,107460,0,107462,47,107474,16,107475,900000,107476,900000,107476,900000,107477,900000,107477,0,107477,0,107478,0,107478,0,107456,0,,
107543,1339540,107542,50,107545,54,107547,54,107549,28,107551,552420,107550,0,107550,1,107049,95,107552,0,107553,0,107049,0,107554,0,107554,0,107558,44,107568,15,107568,1100000,107569,1100000,107570,1100000,107571,1100000,107572,0,107572,0,107573,0,107573,0,107549,0,,
107644,1339772,107642,50,107646,50,107648,40,107650,50,107652,773300,107651,0,107651,1,107148,95,107652,0,107654,0,107148,0,107654,0,107655,0,107657,47,107665,17,107665,1100000,107666,1100000,107666,1100000,107666,1100000,107667,0,107667,0,107668,0,107669,0,107651,0,,
107744,1340020,107743,40,107746,41,107748,37,107751,50,107752,683760,107752,0,107751,1,107255,95,107753,0,107754,0,107255,0,107755,0,107755,0,107757,44,107766,15,107766,1100000,107767,1100000,107767,1100000,107767,1100000,107768,0,107769,0,107769,0,107770,0,107751,0,,
107844,1340252,107843,54,107846,40,107849,54,107851,40,107857,765160,107857,0,107853,1,107352,95,107858,0,107859,0,107352,0,107860,0,107860,0,107862,48,107867,17,107868,1100000,107869,1100000,107870,1100000,107872,1100000,107873,0,107873,0,107874,0,107874,0,107853,0,,
107946,1336656,107944,50,107949,40,107951,66,107956,54,107958,854700,107957,0,107956,1,107458,95,107958,0,107959,0,107458,0,107959,0,107960,0,107961,50,107969,21,107970,1100000,107972,1100000,107972,1100000,107973,1100000,107974,0,107976,0,107976,0,107977,0,107956,0,,
108045,1337028,108044,40,108047,33,108053,25,108060,60,108061,643060,108061,0,108061,1,107552,95,108062,0,108063,0,107552,0,108063,0,108063,0,108065,43,108074,14,108074,1100000,108075,1100000,108075,1100000,108076,1100000,108076,0,108077,0,108077,0,108077,0,108060,0,,
108147,1337400,108146,37,108156,53,108161,27,108164,33,108166,610500,108165,0,108165,1,107653,95,108166,0,108167,0,107653,0,108167,0,108167,0,108169,38,108178,13,108179,900000,108179,900000,108180,900000,108180,900000,108181,0,108181,0,108182,0,108182,0,108165,0,,
108247,1337648,108245,22,108249,58,108251,33,108254,22,108255,400950,108255,0,108254,1,107753,95,108256,0,108257,0,107753,0,108257,0,108258,0,108259,32,108265,9,108266,1100000,108266,1100000,108267,1100000,108267,1100000,108267,0,108268,0,108268,0,108268,0,108254,0,,
108347,1337896,108346,30,108349,11,108351,30,108354,30,108355,411070,108355,0,108354,1,107858,95,108355,0,108357,0,107858,0,108357,0,108358,0,108360,27,108366,12,108367,1100000,108367,1100000,108368,1100000,108368,1100000,108368,0,108369,0,108369,0,108370,0,108354,0,,
108448,1338268,108446,22,108450,30,108452,27,108455,30,108456,443630,108456,0,108455,1,107958,95,108457,0,108458,0,107958,0,108458,0,108458,0,108460,25,108467,7,108468,1100000,108469,1100000,108469,1100000,108470,1100000,108471,0,108471,0,108472,0,108472,0,108455,0,,
108548,1338532,108547,33,108550,30,108552,33,108554,37,108556,541310,108556,0,108555,1,108062,95,108557,0,108558,0,108062,0,108559,0,108559,0,108561,34,108566,11,108567,1100000,108567,1100000,108568,1100000,108568,1100000,108568,0,108569,0,108569,0,108570,0,108555,0,,
108652,1338764,108649,11,108656,27,108661,22,108665,22,108666,333740,108666,0,108665,1,108166,95,108667,0,108668,0,108166,0,108668,0,108668,0,108670,24,108680,8,108681,1100000,108681,1100000,108682,1100000,108682,1100000,108682,0,108683,0,108683,0,108683,0,108665,0,,
108749,1339012,108748,25,108751,37,108754,54,108757,44,108758,651200,108758,0,108757,1,108256,95,108759,0,108760,0,108256,0,108761,0,108761,0,108763,38,108768,10,108769,1100000,108770,1100000,108771,1100000,108772,1300000,108772,0,108773,0,108773,0,108774,0,108757,0,,
108849,1339260,108848,25,108851,30,108857,41,108859,40,108861,603920,108861,0,108860,1,108356,95,108862,0,108863,0,108356,0,108863,0,108863,0,108865,33,108875,13,108876,900000,108876,900000,108877,900000,108878,900000,108878,0,108879,0,108879,0,108880,0,108860,0,,
108950,1339632,108949,33,108952,37,108958,37,108961,12,108962,353430,108962,0,108961,1,108457,95,108963,0,108964,0,108457,0,108965,0,108965,0,108966,37,108976,12,108977,1100000,108977,1100000,108978,1100000,108978,1100000,108979,0,108979,0,108979,0,108980,0,108961,0,,
109050,1339988,109049,44,109052,40,109057,25,109059,37,109061,594220,109061,0,109060,1,108557,95,109061,0,109062,0,108557,0,109062,0,109063,0,109064,34,109070,12,109071,1100000,109071,1100000,109072,1100000,109072,1100000,109073,0,109074,0,109074,0,109075,0,109060,0,,
109151,1340236,109150,44,109155,41,109159,33,109162,30,109163,602360,109163,0,109162,1,108667,95,109163,0,109164,0,108667,0,109165,0,109165,0,109167,35,109175,13,109176,1100000,109177,1100000,109177,1100000,109177,1100000,109178,0,109178,0,109178,0,109179,0,109162,0,,
109252,1340484,109251,22,109254,50,109256,45,109259,33,109260,610500,109260,0,109259,1,108759,95,109261,0,109262,0,108759,0,109262,0,109262,0,109264,43,109273,15,109274,1100000,109275,1100000,109276,1100000,109276,1100000,109277,0,109277,0,109277,0,109278,0,109259,0,,
109353,1336640,109352,36,109355,36,109357,90,109359,40,109360,822139,109360,0,109360,1,108862,95,109361,0,109361,0,108862,0,109362,0,109362,0,109363,47,109369,18,109369,1200000,109370,1200000,109371,1200000,109372,1200000,109372,0,109373,0,109373,0,109373,0,109359,0,,
109454,1336888,109453,36,109458,12,109461,36,109463,50,109464,627120,109464,0,109464,1,108963,95,109465,0,109465,0,108963,0,109466,0,109466,0,109467,33,109476,12,109477,1100000,109477,1100000,109478,1100000,109478,1100000,109478,0,109479,0,109479,0,109479,0,109463,0,,
109561,1337136,109554,54,109564,33,109566,36,109569,37,109571,651200,109571,0,109570,1,109062,95,109572,0,109573,0,109062,0,109574,0,109575,0,109578,45,109586,15,109587,900000,109588,900000,109589,900000,109590,900000,109591,0,109592,0,109593,0,109593,0,109569,0,,
109661,1337260,109659,33,109663,50,109665,40,109667,60,109669,543510,109669,0,109668,1,109164,95,109669,0,109671,0,109164,0,109672,0,109672,0,109674,46,109683,17,109683,1100000,109684,1100000,109684,1100000,109685,1100000,109685,0,109685,0,109686,0,109686,0,109667,0,,
109757,1337648,109755,50,109760,36,109762,44,109764,40,109766,691900,109765,0,109765,1,109261,95,109766,0,109767,0,109261,0,109768,0,109768,0,109769,37,109780,15,109781,1100000,109781,1100000,109782,1100000,109782,1100000,109782,0,109783,0,109783,0,109783,0,109765,0,,
109858,1337524,109855,50,109861,25,109863,54,109866,44,109868,704110,109867,0,109866,1,109361,95,109868,0,109869,0,109361,0,109870,0,109870,0,109873,50,109883,15,109884,1100000,109884,1100000,109885,1100000,109885,1100000,109886,0,109886,0,109887,0,109887,0,109866,0,,
109961,1337896,109959,54,109963,50,109966,50,109968,45,109969,809930,109969,0,109968,1,109465,95,109969,0,109971,0,109465,0,109972,0,109972,0,109974,48,109983,17,109983,1100000,109984,1100000,109984,1100000,109984,1100000,109985,0,109985,0,109986,0,109986,0,109968,0,,
110068,1338144,110061,14,110072,36,110076,54,110081,58,110083,659339,110082,0,110081,1,109572,95,110083,0,110084,0,109573,0,110086,0,110086,0,110088,47,110099,14,110100,1100000,110100,1100000,110101,1100000,110101,1100000,110102,0,110102,0,110102,0,110102,0,110081,0,,
110112,1337772,110110,100,110114,75,110116,50,110118,75,110119,1221000,110119,0,110118,1,109670,95,110119,0,110120,0,109670,0,110120,0,110121,0,110123,66,110131,23,110131,1300000,110132,1300000,110132,1300000,110132,1300000,110133,0,110133,0,110133,0,110134,0,110118,0,,
110211,1338144,110210,54,110213,33,110216,33,110218,50,110219,906100,110219,0,110218,1,109766,95,110219,0,110220,0,109766,0,110224,0,110224,0,110226,39,110233,15,110233,1100000,110234,1100000,110234,1100000,110234,1100000,110235,0,110235,0,110236,0,110236,0,110218,0,,
110313,1338640,110311,58,110315,36,110318,50,110320,50,110324,789579,110323,0,110322,1,109869,95,110325,0,110326,0,109869,0,110327,0,110327,0,110330,53,110339,17,110339,1100000,110340,1100000,110341,1100000,110342,1100000,110342,0,110342,0,110343,0,110343,0,110321,0,,
110412,1339244,110411,63,110414,37,110416,25,110418,54,110419,728530,110419,0,110418,1,109970,95,110419,0,110420,0,109970,0,110420,0,110420,0,110422,45,110432,16,110433,1100000,110433,1100000,110434,1100000,110434,1100000,110435,0,110435,0,110436,0,110436,0,110418,0,,
110512,1339756,110511,60,110514,45,110516,22,110518,25,110519,618640,110519,0,110519,1,110083,95,110520,0,110520,0,110084,0,110520,0,110521,0,110524,35,110531,13,110532,900000,110532,900000,110533,900000,110533,900000,110534,0,110534,0,110534,0,110535,0,110519,0,,
110613,1340252,110612,40,110615,60,110617,40,110619,33,110620,513810,110620,0,110619,1,110119,95,110620,0,110622,0,110119,0,110622,0,110623,0,110625,43,110632,15,110633,1100000,110633,1100000,110634,1100000,110634,1100000,110634,0,110635,0,110635,0,110635,0,110619,0,,
110714,1338748,110712,50,110718,60,110720,66,110722,54,110724,936099,110723,0,110723,1,110220,95,110725,0,110726,0,110220,0,110726,0,110726,0,110728,57,110733,22,110733,1300000,110734,1300000,110734,1300000,110734,1300000,110735,0,110735,0,110735,0,110735,0,110722,0,,
110814,1337508,110813,30,110816,11,110818,50,110820,33,110821,660920,110821,0,110820,1,110325,95,110822,0,110823,0,110325,0,110825,0,110825,0,110827,32,110833,13,110834,1100000,110834,1100000,110835,1100000,110835,1100000,110836,0,110836,0,110836,0,110837,0,110820,0,,
110914,1337756,110913,40,110916,40,110918,55,110920,44,110922,728530,110921,0,110921,1,110419,95,110922,0,110923,0,110419,0,110924,0,110924,0,110926,41,110933,15,110933,1100000,110933,1100000,110934,1100000,110934,1100000,110935,0,110935,0,110935,0,110936,0,110921,0,,
111015,1337880,111014,22,111018,33,111019,25,111021,40,111023,488400,111023,0,111022,1,110520,95,111024,0,111024,0,110520,0,111025,0,111025,0,111026,30,111032,10,111033,1100000,111034,1100000,111034,1100000,111034,1100000,111035,0,111035,0,111035,0,111036,0,111022,0,,
111116,1338020,111114,40,111118,20,111120,22,111122,20,111124,415140,111124,0,111123,1,110621,95,111124,0,111125,0,110621,0,111126,0,111126,0,111128,28,111136,10,111136,1100000,111137,1100000,111137,1100000,111138,1100000,111138,0,111139,0,111139,0,111140,0,111123,0,,
111217,1338020,111216,44,111220,44,111224,30,111227,22,111228,569800,111228,0,111227,1,110725,95,111229,0,111230,0,110725,0,111231,0,111231,0,111233,35,111241,11,111243,900000,111244,900000,111244,900000,111245,900000,111246,0,111247,0,111247,0,111248,0,111227,0,,
111317,1338268,111316,44,111319,66,111320,37,111323,25,111324,510840,111324,0,111323,1,110822,95,111325,0,111326,0,110822,0,111327,0,111327,0,111329,43,111335,15,111336,1100000,111336,1100000,111337,1100000,111337,1100000,111338,0,111338,0,111339,0,111339,0,111323,0,,
111417,1338516,111416,33,111419,33,111421,44,111423,40,111425,610500,111425,0,111424,1,110922,95,111426,0,111427,0,110923,0,111428,0,111428,0,111429,36,111435,13,111436,1100000,111436,1100000,111437,1100000,111437,1100000,111438,0,111438,0,111438,0,111438,0,111424,0,,
111518,1338764,111517,0,111520,40,111522,33,111524,40,111526,459910,111526,0,111525,1,111024,95,111527,0,111528,0,111024,0,111528,0,111529,0,111530,31,111537,11,111537,1100000,111537,1100000,111538,1100000,111538,1100000,111539,0,111539,0,111539,0,111540,0,111525,0,,
111618,1339136,111617,37,111620,37,111622,50,111627,33,111628,638990,111628,0,111627,1,111124,95,111629,0,111629,0,111125,0,111630,0,111630,0,111632,42,111637,13,111638,1100000,111638,1100000,111638,1100000,111639,1100000,111639,0,111640,0,111641,0,111642,0,111627,0,,
111719,1339492,111718,50,111722,50,111725,33,111728,22,111730,630849,111730,0,111729,1,111229,95,111731,0,111733,0,111230,0,111736,0,111736,0,111738,42,111746,13,111747,1100000,111747,1100000,111748,1100000,111748,1100000,111748,0,111749,0,111749,0,111749,0,111729,0,,
111819,1339864,111818,58,111821,42,111823,45,111827,33,111828,724460,111828,0,111827,1,111325,95,111828,0,111829,0,111325,0,111830,0,111830,0,111832,46,111839,17,111840,1100000,111841,1100000,111842,1100000,111843,1100000,111843,0,111844,0,111844,0,111845,0,111827,0,,
111919,1340004,111918,40,111921,44,111923,40,111926,37,111927,655270,111927,0,111926,1,111426,95,111927,0,111928,0,111427,0,111929,0,111929,0,111931,37,111938,13,111939,900000,111939,900000,111940,900000,111941,900000,111942,0,111942,0,111943,0,111944,0,111926,0,,
112020,1340500,112019,33,112022,69,112024,33,112027,50,112028,549450,112028,0,112027,1,111527,95,112029,0,112029,0,111528,0,112029,0,112030,0,112031,48,112037,16,112038,1100000,112038,1100000,112039,1100000,112039,1100000,112039,0,112040,0,112040,0,112041,0,112027,0,,
112121,1341228,112120,44,112123,63,112127,50,112131,63,112132,895400,112132,0,112131,1,111629,95,112133,0,112134,0,111629,0,112135,0,112135,0,112137,57,112152,21,112153,1400000,112153,1400000,112154,1400000,112154,1400000,112154,0,112155,0,112155,0,112155,0,112131,0,,
112221,1337384,112220,25,112222,54,112224,40,112226,55,112227,1047480,112227,0,112227,1,111732,95,112228,0,112229,0,111732,0,112229,0,112229,0,112231,38,112236,17,112237,1300000,112237,1300000,112238,1300000,112238,1300000,112238,0,112239,0,112239,0,112239,0,112226,0,,
112322,1337508,112320,40,112324,50,112326,50,112328,45,112330,986050,112329,0,112329,1,111829,95,112330,0,112331,0,111829,0,112331,0,112331,0,112333,48,112339,17,112339,1100000,112340,1100000,112341,1100000,112342,1100000,112343,0,112343,0,112344,0,112345,0,112329,0,,
112422,1337740,112421,41,112425,40,112427,54,112429,30,112432,671550,112431,0,112430,1,111928,95,112433,0,112433,0,111928,0,112434,0,112434,0,112436,40,112449,14,112450,1100000,112450,1100000,112451,1100000,112451,1100000,112451,0,112452,0,112452,0,112452,0,112430,0,,
112522,1337988,112521,50,112524,45,112527,22,112529,44,112530,655270,112530,0,112529,1,112029,95,112530,0,112531,0,112029,0,112531,0,112532,0,112533,42,112540,15,112541,1100000,112542,1100000,112543,1100000,112543,1100000,112544,0,112544,0,112545,0,112545,0,112529,0,,
112623,1338220,112622,28,112625,50,112627,54,112629,33,112630,671550,112630,0,112630,1,112133,95,112631,0,112632,0,112133,0,112632,0,112633,0,112634,43,112639,15,112640,1100000,112641,900000,112642,900000,112643,900000,112643,0,112644,0,112645,0,112646,0,112629,0,,
112723,1338220,112722,50,112725,60,112728,45,112730,40,112732,634150,112731,0,112731,1,112228,95,112732,0,112732,0,112228,0,112733,0,112733,0,112734,51,112741,17,112742,1100000,112743,1100000,112743,1100000,112744,1100000,112745,0,112746,0,112746,0,112747,0,112731,0,,
112823,1338764,112822,61,112825,60,112828,33,112830,33,112831,761089,112831,0,112830,1,112330,95,112832,0,112832,0,112331,0,112833,0,112833,0,112834,48,112839,17,112840,1200000,112840,1200000,112841,1500000,112841,1500000,112842,0,112843,0,112843,0,112844,0,112830,0,,
112924,1338888,112923,50,112927,50,112930,45,112932,50,112933,1109250,112933,0,112932,1,112433,95,112933,0,112934,0,112433,0,112934,0,112934,0,112936,46,112943,18,112944,1100000,112945,1100000,112946,1100000,112947,1100000,112947,0,112947,0,112948,0,112948,0,112932,0,,
113025,1339260,113023,50,113027,54,113029,45,113031,40,113033,769230,113032,0,113032,1,112531,95,113033,0,113034,0,112531,0,113035,0,113035,0,113037,47,113045,17,113046,1100000,113046,1100000,113047,1100000,113048,1100000,113048,0,113048,0,113049,0,113049,0,113032,0,,
113126,1339632,113124,36,113130,44,113133,40,113135,36,113137,634920,113136,0,113136,1,112631,95,113137,0,113138,0,112631,0,113138,0,113138,0,113140,37,113151,13,113152,900000,113152,900000,113152,900000,113153,900000,113153,0,113154,0,113154,0,113154,0,113136,0,,
113226,1339756,113224,14,113228,55,113231,44,113233,33,113234,433620,113234,0,113233,1,112732,95,113234,0,113235,0,112732,0,113235,0,113235,0,113237,38,113245,12,113245,1100000,113246,1100000,113247,1100000,113247,1100000,113247,0,113248,0,113248,0,113248,0,113233,0,,
113326,1340128,113324,33,113328,55,113330,33,113332,30,113333,614570,113333,0,113333,1,112832,95,113333,0,113334,0,112832,0,113334,0,113335,0,113336,40,113342,14,113343,1100000,113343,1100000,113344,1100000,113344,1100000,113345,0,113345,0,113346,0,113346,0,113332,0,,
113426,1340252,113425,20,113428,50,113430,25,113432,12,113433,435489,113433,0,113433,1,112933,95,113434,0,113434,0,112934,0,113434,0,113435,0,113436,26,113443,7,113444,1100000,113444,1100000,113444,1100000,113445,1100000,113445,0,113445,0,113446,0,113446,0,113433,0,,
113527,1340624,113525,30,113529,55,113531,11,113533,22,113534,480260,113534,0,113534,1,113033,95,113535,0,113535,0,113033,0,113536,0,113536,0,113537,32,113545,12,113546,1100000,113547,1100000,113548,1100000,113548,1100000,113548,0,113549,0,113549,0,113549,0,113534,0,,
113627,1337804,113626,16,113630,63,113632,62,113634,45,113635,757020,113635,0,113634,1,113137,95,113635,0,113636,0,113137,0,113636,0,113637,0,113638,47,113647,16,113647,1100000,113648,1100000,113648,1100000,113649,1100000,113649,0,113649,0,113650,0,113650,0,113634,0,,
113728,1337928,113727,25,113730,44,113733,0,113735,40,113737,443630,113736,0,113735,1,113234,95,113737,0,113738,0,113234,0,113738,0,113738,0,113740,31,113749,10,113750,1100000,113750,1100000,113751,1100000,113751,1100000,113752,0,113752,0,113752,0,113753,0,113735,0,,
113828,1337756,113827,63,113832,22,113835,0,113838,22,113839,435490,113839,0,113838,1,113334,95,113839,0,113840,0,113334,0,113841,0,113841,0,113843,30,113853,9,113854,900000,113855,900000,113855,900000,113856,900000,113856,0,113856,0,113857,0,113857,0,113838,0,,
113929,1338004,113928,50,113932,25,113934,25,113936,25,113937,371250,113937,0,113937,1,113434,95,113938,0,113938,0,113434,0,113939,0,113939,0,113941,29,113949,11,113950,1100000,113951,1100000,113952,1100000,113952,1100000,113953,0,113953,0,113953,0,113954,0,113937,0,,
114029,1338004,114028,55,114031,33,114034,45,114036,36,114037,687830,114037,0,114036,1,113535,95,114037,0,114038,0,113535,0,114038,0,114038,0,114040,42,114048,15,114049,1100000,114049,1100000,114049,1100000,114050,1100000,114050,0,114051,0,114051,0,114051,0,114036,0,,
114132,1338128,114129,22,114134,40,114137,50,114138,22,114140,545380,114140,0,114139,1,113635,95,114141,0,114141,0,113636,0,114142,0,114142,0,114144,37,114151,9,114151,1100000,114152,1100000,114152,1100000,114152,1100000,114153,0,114153,0,114153,0,114154,0,114139,0,,
114231,1338392,114229,40,114233,30,114235,22,114237,14,114238,431420,114238,0,114238,1,113737,95,114239,0,114240,0,113738,0,114240,0,114240,0,114242,25,114249,9,114250,1100000,114250,1100000,114251,1100000,114251,1100000,114251,0,114252,0,114252,0,114252,0,114237,0,,
114331,1338764,114330,22,114334,45,114336,14,114339,22,114340,419210,114340,0,114340,1,113839,95,114341,0,114342,0,113840,0,114342,0,114342,0,114344,27,114351,9,114352,1100000,114352,1100000,114353,1100000,114353,1100000,114353,0,114354,0,114354,0,114354,0,114340,0,,
114432,1339012,114431,14,114434,44,114436,40,114438,16,114440,463980,114439,0,114439,1,113938,95,114440,0,114441,0,113938,0,114442,0,114442,0,114444,35,114452,13,114452,1100000,114453,1100000,114453,1100000,114453,1100000,114454,0,114454,0,114454,0,114455,0,114439,0,,
114533,1339524,114531,50,114536,45,114538,30,114540,40,114542,671550,114542,0,114541,1,114037,95,114542,0,114543,0,114037,0,114544,0,114545,0,114547,41,114557,14,114557,900000,114558,900000,114558,900000,114559,900000,114559,0,114560,0,114560,0,114561,0,114541,0,,
114633,1339756,114632,44,114635,60,114637,50,114639,50,114640,605880,114640,0,114639,1,114141,95,114640,0,114641,0,114141,0,114641,0,114642,0,114643,47,114653,16,114654,1100000,114654,1100000,114655,1100000,114656,1100000,114656,0,114657,0,114657,0,114658,0,114639,0,,
114733,1339972,114732,46,114735,25,114737,63,114739,40,114740,708180,114740,0,114739,1,114239,95,114740,0,114742,0,114239,0,114742,0,114742,0,114744,46,114752,16,114753,1100000,114753,1100000,114754,1100000,114754,1100000,114754,0,114755,0,114755,0,114755,0,114739,0,,
114834,1340236,114832,60,114836,45,114838,33,114840,44,114841,740740,114841,0,114841,1,114341,95,114842,0,114842,0,114341,0,114843,0,114843,0,114845,47,114853,15,114853,1100000,114854,1100000,114854,1100000,114854,1100000,114855,0,114855,0,114856,0,114856,0,114841,0,,
114934,1340608,114932,40,114936,54,114938,55,114940,40,114942,769230,114941,0,114941,1,114441,95,114942,0,114943,0,114441,0,114944,0,114944,0,114946,47,114954,17,114955,1100000,114956,1100000,114956,1100000,114957,1100000,114957,0,114958,0,114958,0,114958,0,114941,0,,
115039,1341244,115037,63,115041,45,115044,58,115048,70,115051,960520,115050,0,115049,1,114542,95,115052,0,115053,0,114543,0,115054,0,115054,0,115055,62,115063,21,115064,1200000,115065,1200000,115068,1200000,115070,1200000,115072,0,115072,0,115073,0,115074,0,115049,0,,
115137,1337012,115137,60,115139,33,115140,50,115142,60,115143,950040,115143,0,115143,1,114641,95,115144,0,115145,0,114641,0,115146,0,115146,0,115148,47,115153,22,115154,1400000,115154,1400000,115154,1400000,115154,1400000,115155,0,115155,0,115155,0,115155,0,115142,0,,
115238,1337400,115237,33,115240,60,115242,36,115244,36,115245,993300,115245,0,115244,1,114740,95,115246,0,115248,0,114740,0,115248,0,115248,0,115250,41,115256,16,115257,1100000,115257,1100000,115257,1100000,115258,1100000,115258,0,115258,0,115259,0,115259,0,115244,0,,
115339,1337648,115338,45,115340,60,115343,16,115345,40,115347,655270,115346,0,115346,1,114842,95,115347,0,115348,0,114842,0,115349,0,115349,0,115351,43,115357,11,115358,1100000,115358,1100000,115358,1100000,115359,1100000,115359,0,115359,0,115360,0,115360,0,115345,0,,
115439,1337896,115438,45,115441,50,115443,45,115445,50,115447,773300,115446,0,115446,1,114942,95,115447,0,115448,0,114942,0,115449,0,115449,0,115451,47,115457,19,115457,1100000,115458,1100000,115458,1100000,115459,1100000,115459,0,115459,0,115459,0,115460,0,115445,0,,
115541,1338020,115539,37,115543,58,115546,40,115548,40,115550,712250,115550,0,115549,1,115052,95,115551,0,115551,0,115053,0,115552,0,115552,0,115554,44,115559,14,115560,1100000,115561,1100000,115561,1100000,115562,1100000,115563,0,115564,0,115565,0,115565,0,115549,0,,
115641,1338268,115639,45,115643,41,115648,60,115650,53,115651,809930,115651,0,115650,1,115144,95,115652,0,115652,0,115144,0,115652,0,115653,0,115654,51,115660,18,115661,1100000,115662,1100000,115662,1100000,115663,1100000,115664,0,115664,0,115665,0,115666,0,115650,0,,
115741,1337260,115740,50,115744,22,115747,22,115751,60,115752,626780,115752,0,115751,1,115246,95,115753,0,115753,0,115247,0,115754,0,115754,0,115756,38,115767,14,115768,900000,115769,900000,115770,1100000,115771,1100000,115771,0,115772,0,115772,0,115772,0,115751,0,,
115842,1337384,115841,37,115844,30,115846,14,115849,58,115850,492030,115850,0,115849,1,115348,95,115851,0,115851,0,115348,0,115852,0,115852,0,115854,38,115859,13,115860,1100000,115861,1100000,115861,1100000,115862,1100000,115863,0,115863,0,115864,0,115864,0,115849,0,,
115942,1338128,115941,14,115944,54,115946,33,115949,60,115951,655270,115950,0,115949,1,115448,95,115951,0,115952,0,115448,0,115952,0,115952,0,115954,42,115960,14,115961,900000,115961,900000,115962,900000,115963,900000,115964,0,115965,0,115966,0,115967,0,115949,0,,
116043,1338376,116042,50,116045,30,116048,50,116050,58,116051,558360,116051,0,116051,1,115551,95,116052,0,116053,0,115551,0,116053,0,116053,0,116055,47,116061,15,116062,1100000,116062,1100000,116063,1100000,116064,1100000,116065,0,116066,0,116066,0,116067,0,116051,0,,
116143,1338764,116142,45,116145,40,116148,40,116150,55,116152,732600,116151,0,116151,1,115652,95,116152,0,116153,0,115652,0,116153,0,116153,0,116155,46,116161,17,116161,1100000,116162,1100000,116163,1100000,116163,1100000,116164,0,116165,0,116166,0,116166,0,116151,0,,
116245,1339012,116243,37,116248,25,116250,25,116253,50,116254,557590,116254,0,116253,1,115753,95,116254,0,116255,0,115753,0,116255,0,116255,0,116257,33,116265,11,116266,1100000,116267,1100000,116267,1100000,116267,1100000,116268,0,116268,0,116268,0,116269,0,116253,0,,
116344,1339632,116343,40,116346,36,116349,40,116351,44,116352,651200,116352,0,116352,1,115851,95,116353,0,116353,0,115851,0,116354,0,116354,0,116355,42,116362,16,116363,1100000,116364,1100000,116365,1100000,116366,1100000,116366,0,116367,0,116367,0,116367,0,116351,0,,
116445,1340128,116444,12,116448,22,116451,25,116454,63,116456,496540,116455,0,116454,1,115951,95,116456,0,116457,0,115951,0,116457,0,116457,0,116459,29,116466,13,116467,1100000,116467,1100000,116468,1100000,116468,1100000,116468,0,116469,0,116469,0,116470,0,116454,0,,
116548,1340500,116546,30,116550,40,116553,30,116555,40,116557,569800,116557,0,116556,1,116052,95,116557,0,116558,0,116052,0,116559,0,116559,0,116566,43,116572,13,116572,1400000,116573,1400000,116573,1400000,116573,1400000,116574,0,116574,0,116574,0,116574,0,116556,0,,
116645,1337152,116644,37,116651,44,116653,28,116655,37,116656,878920,116656,0,116656,1,116152,95,116657,0,116657,0,116152,0,116657,0,116658,0,116659,29,116667,12,116668,1200000,116669,1200000,116669,1200000,116669,1200000,116670,0,116670,0,116671,0,116671,0,116655,0,,
116746,1337152,116745,12,116749,30,116751,44,116753,40,116755,589680,116755,0,116754,1,116254,95,116755,0,116756,0,116254,0,116756,0,116756,0,116758,34,116766,12,116767,1100000,116767,1100000,116768,1100000,116768,1100000,116768,0,116769,0,116769,0,116769,0,116754,0,,
116847,1337648,116845,44,116849,14,116851,50,116853,22,116854,529100,116854,0,116854,1,116353,95,116855,0,116856,0,116353,0,116856,0,116856,0,116858,31,116864,13,116865,1200000,116865,1200000,116866,1200000,116867,1200000,116867,0,116868,0,116868,0,116869,0,116854,0,,
116947,1337648,116946,28,116950,30,116952,44,116955,37,116956,650520,116956,0,116955,1,116456,95,116956,0,116957,0,116456,0,116957,0,116957,0,116959,36,116968,12,116969,1100000,116969,1100000,116970,1100000,116970,1100000,116971,0,116971,0,116972,0,116972,0,116955,0,,
117048,1337772,117047,33,117051,50,117053,63,117055,40,117056,757020,117056,0,117056,1,116558,95,117056,0,117057,0,116558,0,117057,0,117058,0,117059,46,117067,17,117068,1100000,117069,1100000,117069,1100000,117069,1100000,117070,0,117070,0,117071,0,117071,0,117055,0,,
117148,1338112,117147,33,117151,40,117153,60,117155,50,117156,744810,117156,0,117156,1,116657,95,117157,0,117157,0,116657,0,117158,0,117158,0,117159,46,117168,16,117169,1100000,117169,1100000,117170,1100000,117171,1100000,117171,0,117172,0,117172,0,117172,0,117156,0,,
117249,1338360,117247,30,117251,30,117253,58,117255,45,117257,663410,117256,0,117256,1,116755,95,117257,0,117258,0,116755,0,117258,0,117258,0,117259,43,117268,16,117269,1100000,117269,1100000,117270,1100000,117271,1100000,117271,0,117271,0,117271,0,117272,0,117256,0,,
117351,1338484,117349,45,117354,33,117357,54,117359,45,117361,720390,117361,0,117360,1,116855,95,117361,0,117362,0,116855,0,117363,0,117363,0,117365,43,117375,16,117376,900000,117376,900000,117377,900000,117377,900000,117378,0,117378,0,117378,0,117379,0,117360,0,,
117450,1338732,117448,44,117452,22,117454,60,117457,37,117458,484110,117458,0,117457,1,116956,95,117458,0,117459,0,116957,0,117460,0,117460,0,117462,43,117471,15,117471,1200000,117472,1200000,117472,1200000,117473,1200000,117473,0,117474,0,117474,0,117475,0,117457,0,,
117550,1339088,117549,58,117553,22,117555,44,117558,45,117559,790920,117559,0,117558,1,117057,95,117559,0,117560,0,117057,0,117560,0,117560,0,117562,44,117571,16,117573,1100000,117573,1100000,117573,1100000,117574,1100000,117574,0,117574,0,117575,0,117575,0,117558,0,,
117651,1339476,117649,55,117653,45,117655,30,117657,40,117658,691900,117658,0,117657,1,117157,95,117658,0,117659,0,117157,0,117659,0,117659,0,117661,41,117669,15,117670,1100000,117670,1100000,117671,1100000,117671,1100000,117672,0,117672,0,117672,0,117672,0,117657,0,,
117751,1339724,117750,30,117753,54,117755,40,117757,40,117758,667480,117758,0,117758,1,117257,95,117758,0,117759,0,117257,0,117759,0,117759,0,117761,40,117769,14,117769,1100000,117770,1100000,117770,1100000,117771,1100000,117771,0,117772,0,117772,0,117772,0,117757,0,,
117852,1340236,117850,45,117854,54,117856,25,117858,30,117859,626780,117859,0,117859,1,117362,95,117859,0,117860,0,117362,0,117860,0,117861,0,117863,41,117873,13,117873,1100000,117874,1100000,117874,1100000,117874,1100000,117875,0,117875,0,117875,0,117876,0,117858,0,,
117952,1340748,117951,66,117954,40,117956,50,117958,50,117959,838420,117959,0,117958,1,117459,95,117959,0,117960,0,117459,0,117960,0,117960,0,117962,53,117970,19,117971,1300000,117971,1500000,117972,1500000,117972,1500000,117972,0,117973,0,117973,0,117973,0,117958,0,,
118053,1337276,118051,45,118056,40,118058,40,118061,66,118063,1225350,118062,0,118062,1,117559,95,118063,0,118064,0,117559,0,118066,0,118066,0,118069,47,118078,22,118079,1100000,118080,1100000,118081,1100000,118082,1100000,118083,0,118083,0,118084,0,118085,0,118061,0,,
118153,1337400,118152,54,118156,40,118158,54,118160,54,118161,822140,118161,0,118160,1,117658,95,118162,0,118163,0,117658,0,118163,0,118163,0,118165,50,118174,17,118175,1100000,118175,1100000,118176,1100000,118176,1100000,118177,0,118177,0,118178,0,118178,0,118160,0,,
118255,1337648,118253,50,118257,30,118259,50,118261,50,118262,732600,118262,0,118261,1,117759,95,118262,0,118263,0,117759,0,118263,0,118263,0,118265,42,118275,15,118275,900000,118276,900000,118276,900000,118277,900000,118277,0,118278,0,118279,0,118280,0,118261,0,,
118354,1337880,118353,60,118356,40,118358,33,118361,0,118363,395010,118362,0,118362,1,117859,95,118363,0,118364,0,117860,0,118364,0,118364,0,118366,41,118374,13,118375,1100000,118375,1100000,118376,1100000,118376,1100000,118377,0,118377,0,118377,0,118377,0,118361,0,,
118454,1338160,118453,44,118456,45,118458,22,118460,45,118461,634920,118461,0,118460,1,117959,95,118461,0,118462,0,117960,0,118462,0,118463,0,118464,38,118473,13,118474,900000,118475,900000,118475,900000,118476,900000,118476,0,118477,0,118477,0,118477,0,118460,0,,
118556,1338408,118554,14,118558,60,118560,25,118562,14,118563,335609,118563,0,118562,1,118063,95,118563,0,118564,0,118063,0,118564,0,118564,0,118567,29,118574,9,118574,1100000,118575,1100000,118575,1100000,118575,1100000,118576,0,118576,0,118576,0,118577,0,118562,0,,
118655,1338780,118654,54,118657,25,118659,44,118661,33,118662,634920,118662,0,118661,1,118162,95,118662,0,118663,0,118162,0,118663,0,118663,0,118665,42,118673,14,118674,1100000,118674,1100000,118674,1100000,118675,1100000,118675,0,118675,0,118676,0,118676,0,118661,0,,
118756,1338732,118754,33,118758,37,118759,37,118762,54,118763,655270,118763,0,118762,1,118262,95,118763,0,118764,0,118262,0,118764,0,118764,0,118766,42,118774,15,118774,1100000,118775,1100000,118775,1100000,118775,1100000,118776,0,118776,0,118776,0,118777,0,118762,0,,
118856,1338996,118855,33,118858,50,118860,36,118862,50,118863,687829,118863,0,118863,1,118363,95,118864,0,118864,0,118364,0,118864,0,118865,0,118868,39,118874,14,118875,1100000,118876,1100000,118876,1100000,118876,1100000,118877,0,118877,0,118877,0,118878,0,118862,0,,
118957,1339260,118956,33,118959,22,118962,12,118964,44,118968,451770,118967,0,118965,1,118462,95,118968,0,118970,0,118462,0,118971,0,118971,0,118973,35,118978,11,118978,1300000,118979,1300000,118979,1300000,118980,1300000,118980,0,118980,0,118981,0,118981,0,118964,0,,
119057,1339632,119056,44,119060,40,119062,25,119064,55,119065,874120,119065,0,119064,1,118563,95,119069,0,119070,0,118564,0,119071,0,119071,0,119073,41,119078,16,119079,1100000,119079,1100000,119080,1100000,119080,1100000,119081,0,119081,0,119081,0,119082,0,119064,0,,
119161,1340020,119158,25,119163,41,119165,36,119167,54,119170,634920,119169,0,119168,1,118662,95,119171,0,119171,0,118662,0,119172,0,119172,0,119174,40,119180,13,119181,1100000,119182,1100000,119182,1100000,119183,1100000,119184,0,119184,0,119185,0,119186,0,119168,0,,
119260,1340376,119258,50,119262,44,119264,37,119266,25,119268,634920,119268,0,119267,1,118763,95,119269,0,119270,0,118763,0,119271,0,119271,0,119273,41,119280,15,119280,1100000,119281,1100000,119281,1100000,119282,1100000,119282,0,119282,0,119283,0,119284,0,119267,0,,
119359,1340608,119358,44,119362,22,119364,40,119367,37,119368,582010,119368,0,119367,1,118864,95,119369,0,119371,0,118864,0,119371,0,119372,0,119374,37,119381,13,119382,900000,119383,900000,119384,900000,119385,900000,119388,0,119388,0,119389,0,119390,0,119367,0,,
119463,1341228,119461,50,119466,54,119470,44,119474,50,119476,588060,119476,0,119475,1,118969,95,119477,0,119478,0,118969,0,119478,0,119478,0,119482,52,119494,19,119494,1200000,119495,1200000,119496,1200000,119496,1200000,119497,0,119497,0,119497,0,119498,0,119474,0,,
119559,1338500,119558,66,119561,50,119563,50,119564,33,119565,931319,119565,0,119565,1,119069,95,119567,0,119568,0,119069,0,119569,0,119569,0,119571,39,119577,18,119578,1200000,119578,1200000,119578,1200000,119579,1200000,119579,0,119579,0,119579,0,119580,0,119565,0,,
119660,1338500,119659,44,119662,36,119664,44,119666,33,119670,734760,119670,0,119668,1,119171,95,119671,0,119672,0,119171,0,119673,0,119673,0,119674,45,119681,14,119681,1100000,119682,1100000,119682,1100000,119682,1100000,119683,0,119683,0,119684,0,119685,0,119668,0,,
119761,1338516,119759,33,119763,40,119764,60,119767,33,119768,675619,119768,0,119767,1,119269,95,119768,0,119769,0,119269,0,119770,0,119771,0,119772,40,119779,15,119779,1100000,119780,1100000,119780,1100000,119781,1100000,119781,0,119781,0,119782,0,119782,0,119767,0,,
119863,1338872,119862,54,119865,36,119867,36,119871,63,119872,769230,119872,0,119871,1,119370,95,119873,0,119874,0,119370,0,119874,0,119874,0,119876,50,119882,16,119883,1100000,119883,1100000,119884,1100000,119885,1100000,119886,0,119886,0,119887,0,119888,0,119871,0,,
119963,1339120,119962,50,119965,40,119967,40,119970,55,119971,752950,119971,0,119970,1,119477,95,119972,0,119973,0,119477,0,119973,0,119973,0,119975,47,119981,18,119982,1100000,119982,1100000,119983,1100000,119983,1100000,119983,0,119984,0,119985,0,119986,0,119970,0,,
120064,1339260,120063,40,120066,36,120068,33,120071,37,120073,594220,120073,0,120072,1,119567,95,120073,0,120074,0,119567,0,120075,0,120075,0,120077,37,120083,13,120084,1100000,120084,1100000,120085,1100000,120086,1100000,120087,0,120088,0,120088,0,120089,0,120071,0,,
120164,1339508,120163,44,120166,33,120169,33,120171,50,120173,651200,120172,0,120172,1,119671,95,120173,0,120173,0,119671,0,120174,0,120174,0,120176,34,120181,15,120182,1200000,120182,1200000,120182,1200000,120183,1200000,120183,0,120184,0,120184,0,120185,0,120172,0,,
120266,1339508,120265,40,120269,30,120273,45,120276,44,120277,744120,120277,0,120276,1,119769,95,120277,0,120278,0,119769,0,120278,0,120279,0,120281,38,120292,14,120293,900000,120294,900000,120294,900000,120295,900000,120295,0,120296,0,120297,0,120298,0,120276,0,,
120366,1340004,120365,40,120368,33,120371,25,120373,55,120374,454410,120374,0,120373,1,119873,95,120374,0,120375,0,119873,0,120376,0,120376,0,120377,41,120386,14,120387,1100000,120387,1100000,120388,1100000,120388,1100000,120389,0,120389,0,120390,0,120391,0,120373,0,,
120466,1340376,120465,50,120468,36,120471,50,120473,45,120475,736670,120474,0,120474,1,119972,95,120475,0,120476,0,119972,0,120477,0,120477,0,120478,47,120484,19,120485,1100000,120486,1100000,120487,1100000,120487,1100000,120488,0,120488,0,120489,0,120489,0,120474,0,,
120567,1340640,120566,58,120569,50,120572,33,120574,42,120576,744810,120575,0,120575,1,120074,95,120576,0,120577,0,120074,0,120577,0,120577,0,120579,46,120585,15,120586,1100000,120587,1100000,120588,1100000,120588,1100000,120589,0,120590,0,120590,0,120591,0,120575,0,,
120667,1340996,120666,33,120669,40,120672,30,120674,60,120675,663410,120675,0,120674,1,120173,95,120676,0,120676,0,120173,0,120677,0,120677,0,120678,39,120684,16,120684,1200000,120685,1200000,120686,1200000,120687,1200000,120687,0,120688,0,120688,0,120689,0,120674,0,,
120768,1341260,120767,33,120771,25,120774,14,120776,50,120778,570960,120778,0,120777,1,120278,95,120778,0,120779,0,120278,0,120779,0,120780,0,120781,32,120790,12,120791,1100000,120792,1100000,120792,1100000,120792,1100000,120793,0,120793,0,120793,0,120794,0,120777,0,,
120870,1341352,120867,63,120873,55,120875,33,120878,44,120879,793650,120879,0,120878,1,120375,95,120879,0,120880,0,120375,0,120881,0,120881,0,120883,53,120897,19,120898,1100000,120899,1100000,120899,1100000,120900,1100000,120900,0,120902,0,120902,0,120903,0,120878,0,,
120971,1337136,120970,60,120973,63,120975,30,120976,30,120977,744810,120977,0,120977,1,120476,95,120977,0,120978,0,120476,0,120978,0,120978,0,120979,43,120987,18,120988,1000000,120989,1000000,120989,1000000,120990,1000000,120991,0,120991,0,120991,0,120992,0,120976,0,,
121072,1337260,121071,33,121074,25,121077,14,121079,50,121080,427000,121080,0,121079,1,120576,95,121081,0,121082,0,120576,0,121082,0,121082,0,121084,34,121093,12,121093,1100000,121094,1100000,121094,1100000,121095,1100000,121095,0,121096,0,121096,0,121096,0,121079,0,,
121173,1337384,121172,40,121176,41,121178,25,121179,50,121181,634920,121180,0,121180,1,120676,95,121181,0,121182,0,120676,0,121182,0,121182,0,121184,35,121192,13,121192,900000,121193,900000,121193,900000,121194,900000,121194,0,121194,0,121195,0,121195,0,121180,0,,
121278,1337508,121276,11,121279,12,121282,0,121284,30,121285,157410,121285,0,121284,1,120778,95,121285,0,121286,0,120778,0,121287,0,121287,0,121289,13,121296,4,121296,1100000,121297,1100000,121297,1100000,121297,1100000,121298,0,121298,0,121298,0,121299,0,121284,0,,
121375,1337788,121374,37,121378,30,121380,33,121382,12,121383,455840,121383,0,121383,1,120879,95,121384,0,121384,0,120879,0,121384,0,121385,0,121386,29,121395,11,121396,1100000,121396,1100000,121397,1100000,121397,1100000,121397,0,121398,0,121398,0,121398,0,121383,0,,
121479,1338036,121477,40,121482,33,121485,50,121488,45,121490,683760,121489,0,121489,1,120977,95,121491,0,121492,0,120977,0,121493,0,121493,0,121495,47,121504,15,121505,1100000,121506,1100000,121507,1100000,121507,1100000,121507,0,121508,0,121508,0,121508,0,121488,0,,
121576,1337260,121575,44,121579,40,121581,55,121583,45,121585,748880,121584,0,121584,1,121081,95,121585,0,121586,0,121081,0,121587,0,121588,0,121589,41,121598,16,121599,1100000,121599,1100000,121600,1100000,121600,1100000,121601,0,121601,0,121602,0,121602,0,121584,0,,
121677,1337384,121675,14,121679,50,121681,33,121683,37,121685,545380,121684,0,121684,1,121181,95,121685,0,121686,0,121181,0,121687,0,121687,0,121690,35,121699,13,121700,900000,121700,900000,121701,900000,121701,900000,121702,0,121703,0,121703,0,121704,0,121684,0,,
121778,1337880,121776,55,121780,36,121782,40,121784,28,121786,472230,121785,0,121785,1,121286,95,121786,0,121788,0,121286,0,121789,0,121789,0,121791,38,121798,13,121798,1100000,121799,1100000,121799,1100000,121799,1100000,121800,0,121800,0,121801,0,121801,0,121785,0,,
121878,1338392,121877,54,121881,37,121883,44,121884,46,121886,736670,121886,0,121885,1,121384,95,121886,0,121888,0,121384,0,121888,0,121889,0,121891,46,121897,17,121898,1100000,121898,1100000,121899,1100000,121899,1100000,121899,0,121900,0,121900,0,121900,0,121885,0,,
121984,1338764,121982,44,121986,40,121989,45,121991,60,121993,769230,121993,0,121992,1,121491,95,121994,0,121995,0,121492,0,121995,0,121996,0,121998,53,122006,14,122007,1100000,122008,1100000,122009,1100000,122009,1100000,122009,0,122010,0,122010,0,122010,0,121992,0,,
122079,1339244,122078,44,122082,58,122084,60,122086,25,122088,761089,122087,0,122087,1,121585,95,122088,0,122089,0,121586,0,122090,0,122090,0,122092,47,122100,16,122101,1100000,122101,1100000,122102,1100000,122102,1100000,122103,0,122103,0,122104,0,122104,0,122086,0,,
122179,1339756,122178,44,122181,33,122184,60,122186,22,122189,647129,122188,0,122187,1,121685,95,122189,0,122191,0,121685,0,122192,0,122192,0,122194,36,122205,12,122206,900000,122207,900000,122208,900000,122209,900000,122210,0,122211,0,122212,0,122212,0,122187,0,,
122280,1340360,122278,50,122282,50,122284,63,122286,25,122288,558360,122287,0,122287,1,121787,95,122289,0,122290,0,121787,0,122291,0,122291,0,122293,50,122299,18,122300,1100000,122301,1100000,122301,1100000,122301,1100000,122302,0,122302,0,122302,0,122303,0,122286,0,,
122379,1337400,122379,33,122381,50,122383,63,122384,70,122386,879120,122385,0,122385,1,121887,95,122386,0,122387,0,121887,0,122387,0,122388,0,122389,54,122395,20,122395,1400000,122396,1400000,122396,1400000,122396,1400000,122396,0,122397,0,122397,0,122397,0,122385,0,,
122486,1337524,122484,40,122495,41,122497,50,122498,30,122500,969220,122500,0,122499,1,121994,95,122500,0,122501,0,121994,0,122502,0,122502,0,122504,44,122513,16,122514,1100000,122514,1100000,122514,1100000,122515,1100000,122515,0,122515,0,122516,0,122516,0,122499,0,,
122584,1337756,122582,58,122586,63,122588,44,122591,50,122592,875050,122592,0,122591,1,122088,95,122593,0,122594,0,122089,0,122595,0,122595,0,122597,54,122603,19,122604,1100000,122605,1100000,122605,1100000,122606,1100000,122607,0,122607,0,122608,0,122608,0,122591,0,,
122684,1337880,122683,33,122687,27,122689,30,122693,33,122694,500609,122694,0,122693,1,122190,95,122695,0,122696,0,122190,0,122696,0,122697,0,122698,25,122706,8,122707,900000,122707,900000,122708,900000,122708,900000,122709,0,122709,0,122709,0,122710,0,122693,0,,
122784,1338004,122783,27,122786,27,122788,30,122791,44,122792,380160,122792,0,122791,1,122289,95,122792,0,122793,0,122289,0,122794,0,122794,0,122796,34,122804,12,122805,1100000,122806,1100000,122806,1100000,122807,1100000,122807,0,122808,0,122808,0,122809,0,122791,0,,
122885,1338252,122884,12,122887,50,122889,50,122892,54,122893,675620,122893,0,122892,1,122386,95,122894,0,122894,0,122386,0,122895,0,122895,0,122897,42,122902,16,122903,1100000,122903,1100000,122904,1100000,122905,1100000,122906,0,122906,0,122907,0,122908,0,122892,0,,
122985,1338500,122984,61,122988,41,122990,33,122993,45,122994,732600,122994,0,122994,1,122501,95,122995,0,122996,0,122501,0,122997,0,122997,0,122998,45,123004,15,123005,1100000,123006,1100000,123007,1100000,123007,1100000,123008,0,123009,0,123009,0,123010,0,122993,0,,
123086,1338872,123085,25,123088,60,123091,45,123093,40,123094,691900,123094,0,123093,1,122593,95,123094,0,123095,0,122593,0,123096,0,123096,0,123097,44,123103,15,123103,1200000,123104,1200000,123104,1200000,123105,1200000,123106,0,123107,0,123107,0,123108,0,123093,0,,
123188,1339120,123186,30,123192,63,123197,54,123200,30,123202,828360,123201,0,123201,1,122695,95,123202,0,123203,0,122696,0,123204,0,123204,0,123207,45,123216,14,123217,1100000,123217,1100000,123217,1100000,123218,1100000,123218,0,123218,0,123219,0,123219,0,123200,0,,
123287,1339384,123285,54,123289,55,123292,33,123294,54,123295,797720,123295,0,123295,1,122793,95,123296,0,123296,0,122793,0,123297,0,123297,0,123298,50,123304,18,123304,1100000,123305,1100000,123306,1100000,123307,1100000,123308,0,123309,0,123309,0,123310,0,123294,0,,
123387,1339864,123386,40,123389,44,123392,33,123394,54,123396,695970,123395,0,123395,1,122894,95,123396,0,123396,0,122894,0,123397,0,123397,0,123398,43,123406,15,123407,900000,123408,900000,123409,900000,123410,900000,123411,0,123411,0,123412,0,123412,0,123395,0,,
123489,1340004,123486,28,123495,50,123497,25,123499,40,123501,424710,123501,0,123500,1,122996,95,123501,0,123502,0,122996,0,123502,0,123502,0,123504,37,123513,12,123513,1300000,123514,1300000,123514,1300000,123514,1300000,123515,0,123515,0,123515,0,123516,0,123500,0,,
123589,1340392,123587,30,123592,37,123598,44,123601,40,123602,804830,123602,0,123601,1,123095,95,123602,0,123603,0,123095,0,123603,0,123603,0,123605,37,123614,15,123615,1100000,123615,1100000,123615,1100000,123616,1100000,123616,0,123616,0,123617,0,123617,0,123601,0,,
123691,1340516,123689,50,123695,25,123698,40,123700,50,123701,671550,123701,0,123701,1,123202,95,123702,0,123702,0,123203,0,123703,0,123703,0,123705,43,123713,14,123714,1100000,123714,1100000,123715,1100000,123715,1100000,123715,0,123716,0,123716,0,123718,0,123700,0,,
123789,1337136,123788,50,123791,42,123793,55,123795,81,123796,927960,123796,0,123796,1,123296,95,123797,0,123797,0,123296,0,123797,0,123797,0,123799,60,123803,25,123804,1500000,123804,1500000,123804,1500000,123804,1500000,123805,0,123806,0,123806,0,123807,0,123796,0,,
123891,1337152,123890,33,123894,33,123900,0,123903,25,123904,614250,123904,0,123903,1,123396,95,123905,0,123906,0,123396,0,123907,0,123908,0,123910,27,123918,12,123918,900000,123919,900000,123919,900000,123919,900000,123920,0,123920,0,123921,0,123921,0,123903,0,,
123991,1337400,123989,40,123995,60,123998,28,124000,25,124002,454410,124001,0,124001,1,123501,95,124002,0,124003,0,123501,0,124004,0,124004,0,124006,38,124016,11,124016,1100000,124017,1100000,124017,1100000,124018,1100000,124019,0,124019,0,124019,0,124020,0,124001,0,,
124091,1337896,124090,55,124094,36,124096,55,124099,25,124101,695970,124100,0,124099,1,123602,95,124101,0,124102,0,123602,0,124102,0,124102,0,124104,42,124113,16,124114,1100000,124115,1100000,124115,1100000,124115,1100000,124116,0,124116,0,124116,0,124117,0,124099,0,,
124200,1338144,124198,53,124202,36,124204,45,124206,45,124208,728530,124207,0,124207,1,123702,95,124209,0,124211,0,123702,0,124211,0,124212,0,124213,47,124220,16,124221,1100000,124221,1100000,124222,1100000,124222,1100000,124223,0,124224,0,124225,0,124226,0,124206,0,,
124292,1338392,124291,55,124294,25,124297,37,124300,44,124302,655270,124302,0,124301,1,123797,95,124303,0,124303,0,123797,0,124303,0,124304,0,124305,41,124316,14,124317,1100000,124317,1100000,124318,1100000,124318,1100000,124318,0,124319,0,124319,0,124319,0,124301,0,,
124394,1338656,124392,55,124400,36,124403,50,124405,36,124406,720390,124406,0,124405,1,123905,95,124407,0,124408,0,123905,0,124409,0,124410,0,124412,45,124420,17,124421,1100000,124422,1300000,124422,1300000,124423,1300000,124423,0,124424,0,124424,0,124425,0,124405,0,,
124496,1339028,124495,50,124499,40,124501,28,124504,37,124505,763150,124505,0,124504,1,124003,95,124505,0,124506,0,124003,0,124507,0,124508,0,124510,32,124518,15,124518,1100000,124518,1100000,124519,1100000,124519,1100000,124520,0,124520,0,124520,0,124521,0,124504,0,,
124598,1339400,124596,44,124601,36,124603,36,124606,25,124608,573870,124607,0,124607,1,124102,95,124609,0,124610,0,124102,0,124612,0,124612,0,124614,40,124622,12,124623,900000,124624,900000,124626,900000,124627,900000,124627,0,124628,0,124629,0,124629,0,124606,0,,
124697,1339524,124694,44,124699,22,124702,40,124704,55,124705,478170,124705,0,124704,1,124210,95,124706,0,124707,0,124210,0,124708,0,124708,0,124710,37,124719,15,124719,1100000,124720,1100000,124721,1100000,124721,1100000,124722,0,124722,0,124723,0,124724,0,124704,0,,
124797,1340004,124795,44,124800,50,124802,40,124804,44,124805,724460,124805,0,124804,1,124303,95,124805,0,124806,0,124303,0,124806,0,124807,0,124809,44,124817,14,124818,1100000,124818,1100000,124818,1100000,124819,1100000,124819,0,124819,0,124819,0,124820,0,124804,0,,
124896,1340236,124895,50,124898,40,124901,36,124903,12,124905,561660,124904,0,124904,1,124408,95,124905,0,124906,0,124408,0,124907,0,124907,0,124910,37,124917,16,124918,1100000,124918,1100000,124918,1100000,124919,1100000,124919,0,124919,0,124920,0,124920,0,124904,0,,
124996,1340376,124995,60,124999,45,125001,50,125003,33,125004,765160,125004,0,125004,1,124506,95,125005,0,125005,0,124506,0,125005,0,125006,0,125007,43,125016,14,125016,1100000,125017,1100000,125017,1100000,125017,1100000,125018,0,125018,0,125018,0,125018,0,125003,0,,
125097,1340500,125096,40,125101,40,125103,54,125105,33,125107,679690,125107,0,125106,1,124609,95,125108,0,125109,0,124609,0,125110,0,125110,0,125112,47,125119,16,125120,1100000,125120,1100000,125121,1100000,125121,1100000,125121,0,125122,0,125122,0,125122,0,125106,0,,
125197,1340856,125196,40,125204,33,125207,45,125209,54,125211,700040,125210,0,125210,1,124706,95,125211,0,125212,0,124707,0,125213,0,125213,0,125215,45,125225,16,125226,1100000,125227,1100000,125228,1100000,125229,1100000,125230,0,125231,0,125231,0,125232,0,125209,0,,
125297,1337400,125296,54,125299,60,125300,44,125302,55,125304,866910,125303,0,125303,1,124805,95,125304,0,125305,0,124806,0,125305,0,125305,0,125307,48,125315,19,125316,1000000,125317,1000000,125317,1000000,125317,1000000,125318,0,125318,0,125318,0,125319,0,125303,0,,
125398,1337772,125397,50,125400,50,125403,27,125405,45,125406,602000,125406,0,125405,1,124906,95,125406,0,125407,0,124906,0,125407,0,125407,0,125409,43,125416,16,125417,1100000,125417,1100000,125418,1100000,125418,1100000,125418,0,125419,0,125419,0,125419,0,125405,0,,
125498,1338128,125497,50,125502,44,125504,50,125506,36,125507,732600,125507,0,125506,1,125005,95,125508,0,125509,0,125005,0,125510,0,125510,0,125513,48,125518,17,125519,1100000,125519,1100000,125520,1100000,125520,1100000,125521,0,125521,0,125521,0,125522,0,125506,0,,
125601,1338128,125598,45,125603,50,125606,40,125609,50,125611,752950,125611,0,125610,1,125108,95,125612,0,125614,0,125108,0,125615,0,125616,0,125618,47,125627,13,125628,900000,125629,900000,125630,900000,125631,900000,125631,0,125632,0,125632,0,125632,0,125610,0,,
125699,1338252,125698,50,125702,40,125704,44,125706,44,125707,528660,125707,0,125706,1,125212,95,125708,0,125709,0,125212,0,125709,0,125710,0,125712,42,125719,17,125719,1100000,125719,1100000,125720,1100000,125720,1100000,125721,0,125721,0,125721,0,125722,0,125706,0,,
125750,1338268,125749,40,125752,40,125754,50,125756,60,125758,773300,125758,0,125757,1,125304,95,125759,0,125760,0,125304,0,125761,0,125761,0,125763,47,125771,17,125772,1100000,125773,1100000,125773,1100000,125773,1100000,125775,0,125775,0,125776,0,125777,0,125757,0,,
125850,1338500,125849,45,125852,33,125854,50,125856,33,125857,655270,125857,0,125856,1,125406,95,125857,0,125858,0,125406,0,125859,0,125860,0,125863,42,125870,15,125871,900000,125872,900000,125872,900000,125873,900000,125873,0,125873,0,125874,0,125874,0,125856,0,,
125951,1338748,125950,60,125954,30,125956,33,125959,30,125962,454409,125961,0,125960,1,125508,95,125963,0,125964,0,125508,0,125965,0,125966,0,125968,36,125975,10,125976,900000,125978,900000,125979,900000,125980,900000,125981,0,125981,0,125982,0,125983,0,125960,0,,
126051,1338872,126050,60,126053,25,126055,44,126057,14,126059,424710,126059,0,126058,1,125613,95,126059,0,126061,0,125613,0,126062,0,126063,0,126065,40,126073,13,126073,1100000,126074,1100000,126075,1100000,126076,1100000,126079,0,126079,0,126080,0,126080,0,126058,0,,
126151,1339260,126150,37,126153,40,126155,25,126157,33,126160,549450,126159,0,126158,1,125708,95,126161,0,126162,0,125708,0,126163,0,126163,0,126165,32,126171,11,126172,1100000,126172,1100000,126173,1100000,126173,1100000,126173,0,126174,0,126174,0,126174,0,126157,0,,
126253,1339632,126251,50,126255,12,126257,40,126262,0,126264,415140,126264,0,126263,1,125759,95,126265,0,126267,0,125759,0,126267,0,126267,0,126269,27,126277,9,126279,900000,126281,900000,126281,900000,126283,900000,126284,0,126284,0,126285,0,126285,0,126263,0,,
126352,1340004,126351,66,126354,40,126356,22,126358,25,126361,454410,126361,0,126359,1,125857,95,126362,0,126363,0,125858,0,126364,0,126364,0,126366,40,126374,14,126374,1100000,126375,1100000,126376,1100000,126377,1100000,126377,0,126378,0,126379,0,126379,0,126358,0,,
126453,1340376,126452,60,126454,22,126456,25,126458,12,126460,484330,126460,0,126459,1,125963,95,126461,0,126462,0,125963,0,126463,0,126463,0,126465,32,126471,13,126472,1100000,126472,1100000,126472,1100000,126473,1100000,126473,0,126473,0,126474,0,126474,0,126459,0,,
126553,1340624,126552,70,126555,30,126557,45,126561,33,126563,724460,126563,0,126562,1,126060,95,126564,0,126565,0,126060,0,126565,0,126566,0,126567,41,126573,12,126574,1100000,126574,1100000,126575,1100000,126576,1100000,126576,0,126577,0,126578,0,126579,0,126561,0,,
126655,1341228,126653,77,126657,14,126660,25,126662,55,126663,695970,126663,0,126663,1,126161,95,126664,0,126664,0,126161,0,126665,0,126665,0,126668,47,126677,16,126678,1300000,126678,1300000,126678,1300000,126679,1300000,126679,0,126679,0,126679,0,126680,0,126663,0,,
126755,1337028,126754,40,126757,20,126759,30,126761,11,126762,538330,126762,0,126762,1,126266,95,126763,0,126764,0,126266,0,126764,0,126764,0,126766,23,126773,9,126774,900000,126774,900000,126775,900000,126775,900000,126775,0,126776,0,126776,0,126777,0,126761,0,,
126855,1337260,126854,0,126857,50,126859,20,126861,12,126862,243540,126862,0,126862,1,126362,95,126863,0,126863,0,126362,0,126864,0,126864,0,126865,22,126871,6,126872,1100000,126872,1100000,126873,1100000,126873,1100000,126874,0,126874,0,126874,0,126874,0,126862,0,,
126956,1337508,126954,25,126958,33,126960,25,126962,30,126963,459909,126963,0,126963,1,126461,95,126964,0,126965,0,126462,0,126965,0,126966,0,126967,30,126973,10,126974,1100000,126974,1100000,126975,1100000,126975,1100000,126976,0,126976,0,126977,0,126977,0,126962,0,,
127057,1337632,127055,33,127063,30,127065,55,127068,30,127069,602360,127069,0,127068,1,126564,95,127070,0,127071,0,126564,0,127071,0,127071,0,127073,38,127082,13,127083,1100000,127084,1100000,127084,1100000,127084,1100000,127085,0,127085,0,127085,0,127086,0,127068,0,,
127156,1337896,127155,44,127158,44,127161,40,127164,25,127165,622710,127165,0,127164,1,126664,95,127165,0,127166,0,126664,0,127167,0,127167,0,127169,40,127174,14,127175,1100000,127176,1100000,127176,1100000,127177,1100000,127178,0,127178,0,127179,0,127180,0,127164,0,,
127257,1338160,127256,55,127259,33,127262,30,127265,25,127266,582010,127266,0,127265,1,126763,95,127267,0,127268,0,126763,0,127268,0,127268,0,127270,30,127281,11,127282,900000,127282,900000,127283,900000,127283,900000,127284,0,127284,0,127285,0,127285,0,127265,0,,
127358,1337400,127357,33,127359,36,127362,50,127365,25,127366,427680,127366,0,127366,1,126863,95,127367,0,127368,0,126863,0,127368,0,127368,0,127370,38,127378,13,127378,1100000,127379,1100000,127380,1100000,127381,1100000,127381,0,127382,0,127382,0,127383,0,127366,0,,
127458,1337912,127457,44,127460,33,127463,33,127465,55,127467,671550,127466,0,127466,1,126964,95,127467,0,127468,0,126964,0,127468,0,127468,0,127470,41,127477,15,127478,1100000,127479,1100000,127479,1100000,127480,1100000,127481,0,127481,0,127482,0,127482,0,127466,0,,
127559,1338392,127558,45,127562,44,127566,41,127568,60,127570,773300,127570,0,127569,1,127070,95,127570,0,127571,0,127070,0,127572,0,127572,0,127574,46,127585,14,127586,900000,127586,900000,127587,900000,127587,900000,127588,0,127588,0,127588,0,127589,0,127569,0,,
127660,1339120,127658,25,127664,45,127668,40,127671,70,127672,534600,127672,0,127671,1,127165,95,127673,0,127674,0,127166,0,127675,0,127675,0,127677,46,127689,12,127690,1100000,127691,1100000,127691,1100000,127692,1100000,127692,0,127692,0,127693,0,127693,0,127671,0,,
127759,1339616,127758,37,127763,50,127765,40,127767,63,127769,773300,127768,0,127768,1,127267,95,127769,0,127770,0,127267,0,127771,0,127771,0,127773,52,127782,18,127783,1100000,127783,1100000,127784,1100000,127784,1100000,127784,0,127785,0,127785,0,127786,0,127768,0,,
127860,1340128,127859,22,127863,30,127865,45,127867,60,127868,638990,127868,0,127868,1,127367,95,127869,0,127869,0,127367,0,127870,0,127870,0,127872,39,127878,13,127879,1100000,127881,900000,127882,900000,127883,900000,127883,0,127884,0,127885,0,127885,0,127868,0,,
127962,1340624,127960,50,127966,28,127969,33,127972,54,127973,545050,127973,0,127972,1,127467,95,127973,0,127974,0,127467,0,127974,0,127974,0,127976,44,127985,13,127986,1100000,127986,1100000,127986,1100000,127987,1100000,127987,0,127987,0,127988,0,127988,0,127972,0,,
128061,1341244,128060,37,128064,45,128066,45,128068,55,128070,740740,128070,0,128069,1,127571,95,128071,0,128072,0,127571,0,128072,0,128072,0,128074,45,128085,17,128086,1100000,128087,1100000,128087,1100000,128088,1100000,128088,0,128089,0,128089,0,128090,0,128069,0,,
128163,1337664,128161,75,128164,60,128166,100,128168,72,128169,1249490,128169,0,128168,1,127673,95,128169,0,128170,0,127673,0,128171,0,128171,0,128172,76,128177,32,128178,1500000,128178,1500000,128179,1500000,128179,1500000,128180,0,128181,0,128181,0,128181,0,128168,0,,
128264,1337540,128262,30,128267,36,128269,50,128271,50,128272,1120500,128272,0,128272,1,127769,95,128273,0,128274,0,127769,0,128274,0,128275,0,128276,40,128286,18,128287,1100000,128287,1100000,128287,1100000,128288,1100000,128288,0,128288,0,128289,0,128289,0,128272,0,,
128364,1337664,128363,58,128367,45,128369,37,128371,54,128373,789579,128372,0,128372,1,127869,95,128373,0,128373,0,127869,0,128374,0,128374,0,128375,48,128384,17,128385,1100000,128385,1100000,128386,1100000,128386,1100000,128386,0,128387,0,128387,0,128387,0,128372,0,,
128466,1337664,128464,37,128468,25,128470,30,128472,37,128473,525030,128473,0,128473,1,127973,95,128474,0,128474,0,127973,0,128475,0,128475,0,128477,35,128486,12,128486,1100000,128487,1100000,128487,1100000,128488,1100000,128488,0,128488,0,128489,0,128489,0,128473,0,,
128565,1337788,128563,55,128567,40,128569,50,128572,33,128573,724460,128573,0,128572,1,128071,95,128573,0,128574,0,128071,0,128574,0,128574,0,128576,43,128585,15,128586,1100000,128587,1100000,128587,1100000,128588,1100000,128588,0,128588,0,128589,0,128589,0,128572,0,,
128667,1338004,128665,44,128670,22,128673,40,128675,25,128677,533170,128677,0,128676,1,128170,95,128677,0,128678,0,128170,0,128679,0,128680,0,128683,38,128691,12,128692,900000,128692,900000,128693,900000,128693,900000,128694,0,128694,0,128694,0,128695,0,128676,0,,
128767,1338144,128766,40,128770,44,128772,55,128773,33,128775,510840,128774,0,128774,1,128273,95,128775,0,128776,0,128273,0,128776,0,128776,0,128778,39,128787,13,128788,1100000,128788,1100000,128788,1100000,128789,1100000,128789,0,128789,0,128790,0,128790,0,128774,0,,
128867,1338252,128865,50,128869,25,128871,40,128873,25,128874,569800,128874,0,128874,1,128373,95,128875,0,128876,0,128373,0,128876,0,128876,0,128878,34,128887,12,128887,1100000,128888,1100000,128888,1100000,128888,1100000,128889,0,128889,0,128889,0,128890,0,128874,0,,
128968,1338624,128966,55,128971,33,128973,25,128976,25,128977,561660,128977,0,128976,1,128474,95,128977,0,128980,0,128474,0,128981,0,128981,0,128984,39,128991,12,128992,900000,128992,900000,128993,900000,128993,900000,128994,0,128994,0,128995,0,128995,0,128976,0,,
129070,1338872,129068,44,129073,40,129077,33,129080,14,129083,389070,129083,0,129081,1,128574,95,129084,0,129086,0,128574,0,129086,0,129086,0,129089,33,129099,9,129100,1100000,129101,1100000,129101,1100000,129102,1100000,129103,0,129104,0,129104,0,129104,0,129081,0,,
129168,1339104,129167,33,129170,37,129172,50,129174,44,129175,667480,129175,0,129175,1,128677,95,129176,0,129176,0,128678,0,129177,0,129177,0,129178,33,129188,12,129189,1100000,129190,1100000,129190,1100000,129191,1100000,129191,0,129192,0,129192,0,129193,0,129174,0,,
129268,1339476,129267,44,129270,40,129272,22,129274,33,129275,565730,129275,0,129274,1,128775,95,129275,0,129276,0,128775,0,129276,0,129276,0,129278,38,129286,14,129286,1100000,129287,1100000,129287,1100000,129287,1100000,129288,0,129288,0,129288,0,129289,0,129274,0,,
129370,1339724,129368,14,129374,63,129376,33,129379,54,129381,667480,129381,0,129380,1,128875,95,129382,0,129383,0,128875,0,129384,0,129384,0,129386,43,129393,11,129394,900000,129394,900000,129395,900000,129395,900000,129396,0,129396,0,129397,0,129397,0,129379,0,,
129475,1340112,129474,22,129477,45,129479,30,129481,11,129482,320760,129482,0,129481,1,128978,95,129482,0,129483,0,128978,0,129483,0,129483,0,129485,27,129490,8,129491,1100000,129491,1100000,129491,1100000,129492,1100000,129492,0,129492,0,129493,0,129493,0,129481,0,,
129575,1340732,129574,12,129578,50,129579,30,129581,60,129582,618640,129582,0,129582,1,129084,95,129582,0,129583,0,129085,0,129583,0,129583,0,129585,38,129589,15,129589,1500000,129590,1500000,129590,1500000,129590,1500000,129591,0,129591,0,129591,0,129591,0,129581,0,,
129676,1336268,129675,0,129679,27,129681,20,129684,11,129686,391500,129686,0,129685,1,129176,95,129687,0,129688,0,129176,0,129689,0,129689,0,129692,15,129700,6,129701,1100000,129701,1100000,129702,1100000,129702,1100000,129702,0,129703,0,129703,0,129703,0,129685,0,,
129776,1336624,129775,0,129778,60,129780,12,129782,0,129783,293039,129783,0,129783,1,129276,95,129784,0,129784,0,129276,0,129784,0,129784,0,129786,20,129791,6,129792,1100000,129792,1100000,129793,1100000,129793,1100000,129793,0,129794,0,129794,0,129794,0,129782,0,,
129877,1336748,129876,25,129879,25,129881,11,129883,50,129885,451770,129884,0,129884,1,129382,95,129886,0,129886,0,129382,0,129887,0,129887,0,129889,31,129897,11,129898,700000,129899,700000,129900,700000,129901,900000,129902,0,129903,0,129904,0,129904,0,129884,0,,
129978,1337120,129977,37,129986,53,129990,63,129993,58,129995,482849,129994,0,129993,1,129483,95,129996,0,130003,0,129483,0,130003,0,130004,0,130006,60,130013,17,130016,1200000,130017,1200000,130018,1200000,130018,1200000,130019,0,130020,0,130020,0,130022,0,129993,0,,
130077,1337988,130076,77,130079,50,130081,60,130083,50,130085,1109160,130085,0,130084,1,129583,95,130086,0,130087,0,129583,0,130087,0,130088,0,130089,51,130097,23,130098,1100000,130099,1100000,130100,1100000,130101,1100000,130102,0,130102,0,130103,0,130103,0,130084,0,,
130178,1338112,130177,40,130181,46,130184,61,130186,50,130188,801790,130187,0,130186,1,129687,95,130188,0,130189,0,129687,0,130189,0,130190,0,130191,52,130200,19,130201,1100000,130201,1100000,130202,1100000,130203,1100000,130204,0,130204,0,130204,0,130205,0,130186,0,,
130279,1338360,130278,55,130283,45,130288,44,130291,37,130293,736670,130293,0,130292,1,129784,95,130294,0,130295,0,129784,0,130295,0,130295,0,130298,43,130309,14,130310,900000,130310,900000,130311,900000,130311,900000,130312,0,130312,0,130312,0,130313,0,130292,0,,
130380,1338608,130379,45,130384,72,130386,44,130389,45,130390,611820,130390,0,130390,1,129886,95,130391,0,130392,0,129886,0,130392,0,130392,0,130394,51,130405,15,130406,900000,130406,900000,130407,900000,130407,900000,130408,0,130408,0,130408,0,130409,0,130389,0,,
130480,1338980,130479,44,130483,63,130485,50,130487,44,130488,596970,130488,0,130488,1,130002,95,130489,0,130490,0,130002,0,130490,0,130491,0,130492,51,130499,15,130500,1100000,130501,1100000,130502,1100000,130502,1100000,130503,0,130503,0,130504,0,130504,0,130488,0,,
130580,1339476,130579,40,130583,63,130585,44,130587,50,130588,801790,130588,0,130588,1,130086,95,130589,0,130589,0,130086,0,130590,0,130590,0,130591,48,130597,17,130598,1100000,130599,1100000,130599,1100000,130600,1100000,130601,0,130601,0,130602,0,130602,0,130588,0,,
130682,1339600,130680,41,130685,58,130688,50,130691,22,130692,695969,130692,0,130691,1,130188,95,130692,0,130693,0,130189,0,130694,0,130694,0,130696,47,130707,16,130707,900000,130708,900000,130708,900000,130709,900000,130709,0,130710,0,130710,0,130710,0,130691,0,,
130782,1340096,130780,50,130784,72,130786,50,130788,45,130790,644490,130789,0,130789,1,130294,95,130790,0,130791,0,130294,0,130791,0,130791,0,130793,53,130800,17,130801,1100000,130802,1100000,130803,1100000,130803,1100000,130804,0,130804,0,130805,0,130805,0,130789,0,,
130882,1340468,130881,54,130885,58,130887,50,130889,50,130890,862839,130890,0,130889,1,130391,95,130890,0,130891,0,130391,0,130891,0,130892,0,130893,53,130900,19,130901,1100000,130902,1100000,130902,1100000,130903,1100000,130903,0,130904,0,130904,0,130904,0,130889,0,,
130984,1340824,130982,58,130986,44,130989,45,130992,33,130993,732599,130993,0,130993,1,130489,95,130994,0,130995,0,130489,0,130995,0,130995,0,130997,43,131008,13,131008,1100000,131009,1100000,131009,1100000,131010,1100000,131010,0,131010,0,131011,0,131012,0,130993,0,,
131083,1337848,131082,75,131085,66,131087,50,131088,66,131089,1045990,131089,0,131089,1,130589,95,131090,0,131091,0,130589,0,131091,0,131091,0,131092,63,131097,25,131098,1300000,131098,1300000,131099,1300000,131100,1300000,131101,0,131102,0,131102,0,131103,0,131089,0,,
131184,1337848,131182,22,131186,12,131188,40,131191,53,131192,676910,131192,0,131191,1,130693,95,131192,0,131193,0,130693,0,131193,0,131193,0,131195,35,131203,12,131204,900000,131205,900000,131206,900000,131207,900000,131207,0,131208,0,131208,0,131208,0,131191,0,,
131284,1337972,131283,50,131288,40,131290,28,131292,62,131293,534600,131293,0,131293,1,130790,95,131293,0,131294,0,130790,0,131294,0,131294,0,131296,44,131306,14,131307,1100000,131307,1100000,131308,1100000,131308,1100000,131308,0,131309,0,131309,0,131309,0,131292,0,,
131385,1337972,131383,44,131387,37,131389,33,131391,33,131393,598290,131392,0,131392,1,130890,95,131393,0,131395,0,130891,0,131395,0,131396,0,131397,38,131406,14,131407,1100000,131408,1100000,131408,1100000,131408,1100000,131409,0,131409,0,131409,0,131410,0,131392,0,,
131486,1338220,131484,55,131488,30,131492,33,131495,40,131497,643060,131496,0,131496,1,130994,95,131497,0,131498,0,130994,0,131499,0,131499,0,131502,46,131512,15,131512,900000,131513,900000,131513,900000,131514,900000,131514,0,131515,0,131516,0,131517,0,131496,0,,
131587,1338360,131585,50,131590,22,131593,33,131595,33,131597,409860,131596,0,131596,1,131090,95,131597,0,131598,0,131090,0,131599,0,131599,0,131602,29,131611,9,131612,900000,131613,900000,131613,900000,131614,900000,131614,0,131615,0,131616,0,131616,0,131596,0,,
131689,1338764,131689,55,131691,40,131693,45,131695,25,131697,490050,131696,0,131696,1,131192,95,131697,0,131697,0,131192,0,131698,0,131698,0,131700,38,131708,15,131708,1100000,131709,1100000,131709,1100000,131709,1100000,131710,0,131710,0,131710,0,131711,0,131696,0,,
131790,1339012,131789,54,131792,30,131794,33,131796,36,131797,622710,131797,0,131796,1,131294,95,131797,0,131798,0,131294,0,131800,0,131800,0,131803,41,131809,12,131810,1100000,131810,1100000,131811,1100000,131811,1100000,131811,0,131812,0,131812,0,131812,0,131796,0,,
131892,1339492,131890,50,131894,25,131897,22,131900,25,131903,496540,131902,0,131901,1,131393,95,131904,0,131905,0,131393,0,131906,0,131906,0,131909,31,131918,10,131919,1100000,131919,1100000,131920,1100000,131921,1100000,131922,0,131922,0,131923,0,131923,0,131900,0,,
131991,1339740,131990,58,131993,40,131995,25,131997,30,131998,622710,131998,0,131997,1,131497,95,131998,0,131999,0,131497,0,131999,0,132000,0,132002,36,132009,12,132010,1100000,132011,1100000,132011,1100000,132012,1100000,132012,0,132013,0,132013,0,132014,0,131997,0,,
132092,1340376,132091,50,132094,30,132096,11,132097,0,132099,370370,132098,0,132098,1,131597,95,132099,0,132099,0,131597,0,132100,0,132100,0,132102,23,132107,8,132108,1100000,132108,1100000,132108,1100000,132109,1100000,132109,0,132109,0,132110,0,132110,0,132098,0,,
132193,1340608,132192,33,132195,36,132198,0,132200,10,132201,321530,132201,0,132201,1,131697,95,132202,0,132203,0,131697,0,132203,0,132203,0,132205,21,132212,6,132213,900000,132214,900000,132214,900000,132215,900000,132215,0,132215,0,132216,0,132216,0,132200,0,,
132293,1340980,132292,30,132295,50,132297,20,132299,27,132301,377190,132300,0,132300,1,131798,95,132301,0,132302,0,131798,0,132302,0,132302,0,132304,30,132309,10,132310,1100000,132310,1100000,132311,1100000,132311,1100000,132311,0,132312,0,132312,0,132312,0,132300,0,,
132393,1341352,132392,20,132395,40,132397,22,132399,11,132400,378510,132400,0,132399,1,131904,95,132400,0,132401,0,131904,0,132401,0,132401,0,132403,24,132408,8,132409,1100000,132409,1100000,132410,1100000,132410,1100000,132410,0,132411,0,132411,0,132411,0,132399,0,,
132495,1341956,132493,11,132497,45,132500,30,132502,60,132503,594220,132503,0,132503,1,131999,95,132504,0,132504,0,131999,0,132505,0,132505,0,132506,36,132515,11,132515,1200000,132516,1200000,132517,1200000,132517,1200000,132518,0,132519,0,132519,0,132520,0,132503,0,,
132595,1336872,132594,11,132598,14,132600,0,132602,40,132603,304200,132603,0,132603,1,132099,95,132604,0,132604,0,132099,0,132605,0,132605,0,132607,18,132615,6,132616,1100000,132616,1100000,132617,1100000,132617,1100000,132618,0,132618,0,132618,0,132618,0,132602,0,,
132695,1337120,132694,11,132697,50,132699,30,132701,30,132702,492470,132702,0,132701,1,132202,95,132703,0,132703,0,132202,0,132704,0,132704,0,132706,32,132713,11,132714,1100000,132714,1100000,132715,1100000,132715,1100000,132716,0,132716,0,132717,0,132717,0,132701,0,,
132796,1337632,132794,40,132797,50,132799,33,132801,11,132803,545380,132802,0,132802,1,132301,95,132803,0,132804,0,132301,0,132805,0,132805,0,132807,38,132813,14,132814,900000,132815,900000,132815,900000,132816,900000,132816,0,132817,0,132817,0,132818,0,132801,0,,
132897,1337880,132896,50,132899,50,132902,45,132905,40,132907,549450,132907,0,132906,1,132400,95,132908,0,132908,0,132401,0,132909,0,132909,0,132911,41,132920,12,132921,900000,132922,900000,132923,900000,132924,900000,132924,0,132925,0,132925,0,132925,0,132906,0,,
132997,1338252,132996,45,132998,22,133000,60,133003,44,133005,507870,133005,0,133004,1,132504,95,133006,0,133006,0,132504,0,133007,0,133007,0,133008,45,133014,14,133015,1100000,133016,1100000,133016,1100000,133016,1100000,133017,0,133017,0,133018,0,133018,0,133003,0,,
133097,1338624,133096,40,133099,33,133101,33,133103,63,133105,687830,133104,0,133104,1,132604,95,133105,0,133106,0,132604,0,133107,0,133107,0,133109,42,133115,14,133116,1100000,133116,1100000,133117,1100000,133117,1100000,133118,0,133118,0,133119,0,133120,0,133104,0,,
133198,1336640,133197,25,133204,45,133207,30,133210,60,133212,651200,133211,0,133211,1,132703,95,133212,0,133213,0,132703,0,133213,0,133213,0,133215,41,133226,11,133227,900000,133227,900000,133228,900000,133228,900000,133229,0,133229,0,133229,0,133230,0,133211,0,,
133298,1337120,133297,40,133300,40,133302,33,133305,60,133306,513809,133306,0,133305,1,132803,95,133306,0,133307,0,132804,0,133307,0,133308,0,133309,46,133317,16,133318,1100000,133318,1100000,133319,1100000,133320,1100000,133321,0,133322,0,133322,0,133323,0,133305,0,,
133398,1337244,133397,44,133401,36,133403,40,133406,50,133407,691900,133407,0,133406,1,132908,95,133407,0,133408,0,132908,0,133408,0,133408,0,133410,40,133416,15,133417,1100000,133417,1100000,133418,1100000,133418,1100000,133419,0,133420,0,133421,0,133421,0,133406,0,,
133500,1337740,133498,33,133503,33,133506,33,133509,50,133511,606430,133511,0,133510,1,133006,95,133512,0,133513,0,133006,0,133513,0,133513,0,133515,39,133527,11,133528,900000,133528,900000,133529,900000,133529,900000,133530,0,133530,0,133530,0,133531,0,133509,0,,
133600,1337988,133599,72,133602,33,133605,40,133607,14,133609,472230,133608,0,133608,1,133106,95,133609,0,133609,0,133106,0,133610,0,133610,0,133612,44,133619,13,133620,1100000,133620,1100000,133621,1100000,133621,1100000,133621,0,133622,0,133622,0,133622,0,133608,0,,
133700,1338640,133699,54,133702,0,133704,12,133706,12,133707,317460,133707,0,133706,1,133212,95,133707,0,133708,0,133212,0,133708,0,133708,0,133710,20,133716,7,133717,1100000,133717,1100000,133718,1100000,133718,1100000,133718,0,133719,0,133719,0,133719,0,133706,0,,
133801,1339228,133800,40,133804,11,133807,0,133809,11,133810,252340,133810,0,133809,1,133307,95,133811,0,133812,0,133307,0,133812,0,133813,0,133815,19,133823,5,133823,900000,133824,900000,133824,900000,133825,900000,133825,0,133826,0,133826,0,133826,0,133809,0,,
133907,1339848,133904,40,133912,30,133915,45,133917,27,133919,421740,133918,0,133918,1,133407,95,133919,0,133921,0,133407,0,133922,0,133922,0,133924,39,133931,8,133932,1100000,133932,1100000,133933,1100000,133933,1100000,133933,0,133934,0,133934,0,133935,0,133918,0,,
134008,1335632,134006,50,134009,36,134011,40,134013,55,134014,736670,134014,0,134013,1,133512,95,134014,0,134015,0,133512,0,134015,0,134015,0,134017,41,134022,15,134022,1300000,134023,1300000,134024,1300000,134024,1300000,134025,0,134025,0,134025,0,134026,0,134013,0,,
134103,1336020,134101,37,134105,37,134107,45,134109,22,134111,751530,134110,0,134110,1,133609,95,134111,0,134112,0,133609,0,134112,0,134112,0,134114,34,134124,13,134125,900000,134126,900000,134126,900000,134127,900000,134128,0,134128,0,134128,0,134129,0,134110,0,,
134204,1336268,134203,25,134208,44,134211,44,134213,44,134215,466290,134215,0,134214,1,133707,95,134216,0,134216,0,133708,0,134217,0,134217,0,134219,38,134228,10,134229,900000,134230,900000,134230,900000,134231,900000,134231,0,134231,0,134232,0,134232,0,134214,0,,
134305,1336392,134303,25,134308,42,134311,45,134314,40,134315,451440,134315,0,134314,1,133811,95,134316,0,134316,0,133811,0,134317,0,134317,0,134319,38,134330,11,134331,1100000,134331,1100000,134332,1100000,134332,1100000,134332,0,134333,0,134333,0,134333,0,134314,0,,
134404,1336764,134403,66,134406,30,134409,45,134411,33,134413,708180,134412,0,134412,1,133920,95,134413,0,134414,0,133921,0,134415,0,134415,0,134417,46,134425,16,134426,1300000,134426,1300000,134426,1300000,134427,1300000,134427,0,134427,0,134428,0,134428,0,134412,0,,
134505,1336764,134503,37,134507,36,134510,22,134512,36,134513,698230,134513,0,134513,1,134014,95,134514,0,134514,0,134014,0,134515,0,134515,0,134517,30,134527,12,134528,900000,134529,900000,134529,900000,134530,900000,134530,0,134531,0,134531,0,134531,0,134513,0,,
134606,1337384,134605,66,134609,30,134612,40,134614,45,134616,537570,134616,0,134615,1,134111,95,134616,0,134617,0,134111,0,134617,0,134618,0,134619,42,134627,13,134627,1100000,134628,1100000,134628,1100000,134628,1100000,134629,0,134629,0,134629,0,134630,0,134615,0,,
134706,1337632,134704,30,134709,11,134711,20,134713,25,134714,350020,134714,0,134713,1,134216,95,134714,0,134715,0,134216,0,134716,0,134716,0,134718,25,134724,5,134725,1100000,134725,1100000,134726,1100000,134726,1100000,134727,0,134727,0,134727,0,134728,0,134713,0,,
134809,1338128,134808,50,134811,12,134813,11,134815,33,134816,431420,134816,0,134816,1,134316,95,134817,0,134817,0,134316,0,134818,0,134818,0,134819,27,134832,9,134832,900000,134833,900000,134833,900000,134834,900000,134834,0,134835,0,134835,0,134835,0,134816,0,,
134911,1338252,134909,63,134914,41,134917,33,134919,45,134921,540540,134921,0,134920,1,134413,95,134923,0,134924,0,134413,0,134925,0,134926,0,134928,47,134935,16,134936,900000,134938,900000,134939,900000,134940,900000,134941,0,134942,0,134942,0,134943,0,134919,0,,
135011,1338732,135010,40,135014,45,135016,28,135019,30,135021,424710,135021,0,135019,1,134514,95,135023,0,135026,0,134514,0,135026,0,135026,0,135029,42,135036,12,135037,900000,135038,900000,135039,900000,135040,900000,135042,0,135042,0,135043,0,135043,0,135019,0,,
135111,1339104,135110,70,135114,45,135116,25,135118,33,135119,513809,135119,0,135118,1,134616,95,135119,0,135120,0,134617,0,135121,0,135121,0,135124,42,135131,15,135132,1100000,135132,1100000,135133,1100000,135133,1100000,135134,0,135134,0,135134,0,135135,0,135118,0,,
135212,1339476,135210,55,135213,30,135215,50,135217,40,135218,712250,135218,0,135218,1,134715,95,135219,0,135219,0,134715,0,135223,0,135223,0,135225,42,135231,15,135231,1100000,135232,1100000,135232,1100000,135232,1100000,135233,0,135233,0,135233,0,135234,0,135218,0,,
135313,1339864,135312,50,135316,37,135318,40,135320,40,135322,679690,135322,0,135321,1,134817,95,135323,0,135324,0,134817,0,135325,0,135326,0,135328,40,135335,12,135336,900000,135336,900000,135337,900000,135337,900000,135338,0,135338,0,135338,0,135339,0,135321,0,,
135413,1340360,135412,30,135415,55,135417,22,135419,20,135420,377190,135420,0,135419,1,134923,95,135421,0,135422,0,134924,0,135422,0,135423,0,135424,36,135432,14,135432,1500000,135433,1500000,135433,1500000,135434,1500000,135435,0,135435,0,135436,0,135436,0,135419,0,,
135513,1335756,135512,50,135515,44,135517,36,135518,36,135519,1120500,135519,0,135519,1,135023,95,135520,0,135520,0,135025,0,135521,0,135521,0,135522,35,135527,16,135528,1200000,135528,1200000,135529,1200000,135529,1200000,135529,0,135529,0,135530,0,135530,0,135519,0,,
135614,1335896,135613,14,135617,27,135619,10,135622,20,135623,332280,135623,0,135622,1,135119,95,135623,0,135624,0,135119,0,135624,0,135624,0,135626,18,135634,5,135634,900000,135635,900000,135635,900000,135636,900000,135636,0,135637,0,135637,0,135638,0,135622,0,,
135714,1336376,135713,33,135716,11,135718,30,135720,27,135721,299970,135721,0,135720,1,135219,95,135722,0,135722,0,135219,0,135723,0,135723,0,135724,28,135732,10,135732,1100000,135733,1100000,135733,1100000,135734,1100000,135735,0,135735,0,135736,0,135736,0,135720,0,,
135815,1336640,135814,55,135817,30,135819,40,135821,25,135822,610500,135822,0,135821,1,135323,95,135823,0,135824,0,135324,0,135825,0,135825,0,135827,38,135833,14,135834,1100000,135834,1100000,135835,1100000,135835,1100000,135836,0,135836,0,135836,0,135836,0,135821,0,,
135916,1336996,135915,55,135918,25,135921,50,135924,50,135926,732600,135926,0,135925,1,135422,95,135927,0,135928,0,135422,0,135928,0,135929,0,135931,41,135939,11,135940,900000,135941,900000,135943,900000,135944,900000,135944,0,135945,0,135945,0,135945,0,135925,0,,
136016,1337244,136015,55,136018,33,136020,36,136022,37,136024,478170,136024,0,136023,1,135520,95,136024,0,136026,0,135520,0,136027,0,136027,0,136028,43,136034,13,136035,1100000,136035,1100000,136036,1100000,136036,1100000,136036,0,136037,0,136037,0,136037,0,136023,0,,
136116,1337632,136115,36,136118,54,136120,44,136123,25,136125,647130,136124,0,136124,1,135623,95,136126,0,136127,0,135624,0,136127,0,136127,0,136129,38,136134,14,136135,1100000,136136,1100000,136136,1100000,136136,1100000,136137,0,136137,0,136137,0,136138,0,136123,0,,
136218,1338004,136216,30,136220,11,136224,54,136227,33,136229,520960,136228,0,136228,1,135722,95,136229,0,136230,0,135722,0,136231,0,136231,0,136233,33,136243,12,136244,900000,136245,900000,136245,900000,136246,900000,136246,0,136247,0,136247,0,136247,0,136228,0,,
136318,1338376,136317,25,136320,14,136322,62,136324,40,136326,418770,136325,0,136325,1,135823,95,136326,0,136327,0,135823,0,136327,0,136327,0,136329,34,136335,11,136336,1100000,136336,1100000,136337,1100000,136337,1100000,136337,0,136338,0,136338,0,136338,0,136324,0,,
136418,1338732,136417,20,136420,30,136422,25,136424,12,136426,354090,136426,0,136425,1,135928,95,136427,0,136427,0,135928,0,136428,0,136428,0,136430,22,136436,8,136437,1100000,136437,1100000,136437,1100000,136438,1100000,136438,0,136439,0,136440,0,136440,0,136425,0,,
136521,1338996,136519,33,136524,40,136528,44,136531,44,136533,655270,136532,0,136532,1,136025,95,136533,0,136534,0,136025,0,136534,0,136534,0,136536,43,136547,13,136548,900000,136548,900000,136549,900000,136549,900000,136550,0,136550,0,136551,0,136551,0,136531,0,,
136619,1339244,136618,37,136622,33,136625,28,136627,55,136628,454410,136628,0,136628,1,136126,95,136629,0,136630,0,136126,0,136631,0,136631,0,136633,40,136642,14,136643,1100000,136644,1100000,136644,1100000,136645,1100000,136645,0,136645,0,136646,0,136646,0,136627,0,,
136719,1339756,136718,44,136722,25,136726,45,136728,30,136729,586080,136729,0,136728,1,136229,95,136730,0,136730,0,136229,0,136731,0,136731,0,136732,34,136738,12,136739,1100000,136740,1100000,136741,1100000,136742,1100000,136743,0,136743,0,136744,0,136744,0,136728,0,,
136821,1340096,136820,42,136826,54,136829,25,136833,45,136834,675620,136834,0,136833,1,136326,95,136834,0,136835,0,136326,0,136836,0,136836,0,136838,43,136850,12,136850,1100000,136851,1100000,136851,1100000,136851,1100000,136852,0,136852,0,136852,0,136853,0,136833,0,,
136921,1340716,136920,62,136924,33,136928,50,136931,44,136933,769230,136933,0,136932,1,136427,95,136934,0,136935,0,136427,0,136935,0,136935,0,136939,48,136954,18,136954,1100000,136955,1100000,136956,1100000,136956,1100000,136957,0,136957,0,136958,0,136959,0,136932,0,,
137021,1337244,137020,63,137023,42,137026,57,137028,69,137029,940170,137029,0,137029,1,136533,95,137030,0,137030,0,136533,0,137031,0,137031,0,137033,60,137037,20,137038,1200000,137038,1200000,137039,1200000,137040,1200000,137040,0,137042,0,137042,0,137043,0,137029,0,,
137127,1337244,137121,50,137130,20,137133,30,137135,30,137136,608400,137136,0,137136,1,136629,95,137137,0,137137,0,136629,0,137138,0,137138,0,137140,33,137150,15,137151,900000,137151,900000,137152,900000,137152,900000,137153,0,137153,0,137153,0,137154,0,137135,0,,
137224,1337244,137222,70,137227,37,137230,45,137232,55,137233,614790,137233,0,137232,1,136730,95,137233,0,137234,0,136730,0,137234,0,137235,0,137236,51,137245,13,137245,1100000,137246,1100000,137246,1100000,137246,1100000,137247,0,137247,0,137247,0,137248,0,137232,0,,
137323,1337724,137322,33,137325,50,137328,60,137330,40,137331,744810,137331,0,137330,1,136835,95,137332,0,137332,0,136835,0,137332,0,137333,0,137334,48,137340,18,137341,1100000,137341,1300000,137342,1300000,137343,1300000,137343,0,137344,0,137344,0,137344,0,137330,0,,
137423,1337972,137422,41,137426,54,137429,36,137431,25,137432,779819,137432,0,137432,1,136934,95,137433,0,137433,0,136934,0,137434,0,137434,0,137436,37,137444,14,137445,1000000,137446,1000000,137446,1000000,137447,1000000,137447,0,137448,0,137448,0,137448,0,137432,0,,
137524,1338096,137523,50,137526,58,137529,44,137532,36,137533,658000,137533,0,137532,1,136978,95,137533,0,137534,0,136978,0,137534,0,137534,0,137536,50,137545,15,137546,1100000,137546,1100000,137547,1100000,137547,1100000,137548,0,137548,0,137548,0,137549,0,137532,0,,
137624,1338344,137623,37,137627,45,137629,37,137631,40,137632,647130,137632,0,137632,1,137030,95,137633,0,137633,0,137030,0,137634,0,137634,0,137636,38,137643,14,137644,1100000,137645,1100000,137645,1100000,137645,1100000,137646,0,137646,0,137646,0,137647,0,137632,0,,
137726,1338608,137724,33,137729,41,137732,50,137734,30,137736,626780,137736,0,137735,1,137137,95,137736,0,137737,0,137137,0,137738,0,137738,0,137740,37,137750,14,137751,900000,137751,900000,137752,900000,137752,900000,137753,0,137753,0,137753,0,137754,0,137735,0,,
137826,1338856,137824,45,137828,37,137830,50,137833,25,137834,466290,137834,0,137833,1,137234,95,137835,0,137836,0,137234,0,137836,0,137836,0,137838,44,137846,12,137847,1100000,137847,1100000,137848,1100000,137848,1100000,137848,0,137849,0,137849,0,137849,0,137833,0,,
137926,1339104,137924,40,137928,30,137931,40,137933,36,137934,594220,137934,0,137933,1,137332,95,137935,0,137936,0,137332,0,137936,0,137936,0,137938,35,137947,12,137948,1100000,137948,1100000,137948,1100000,137949,1100000,137949,0,137949,0,137950,0,137950,0,137933,0,,
138027,1339476,138026,50,138031,33,138034,50,138036,42,138038,712250,138038,0,138037,1,137433,95,138038,0,138039,0,137433,0,138039,0,138040,0,138042,42,138052,14,138052,900000,138053,900000,138053,900000,138054,900000,138055,0,138055,0,138055,0,138056,0,138037,0,,
138128,1339848,138126,60,138131,62,138134,40,138137,44,138138,611819,138138,0,138137,1,137533,95,138138,0,138139,0,137533,0,138139,0,138140,0,138142,55,138151,14,138152,900000,138153,900000,138153,900000,138153,900000,138154,0,138154,0,138155,0,138155,0,138137,0,,
138227,1340220,138226,45,138229,50,138232,60,138235,36,138236,567270,138236,0,138235,1,137633,95,138236,0,138237,0,137633,0,138238,0,138238,0,138240,45,138249,17,138249,1100000,138250,1100000,138250,1100000,138251,1100000,138251,0,138252,0,138253,0,138253,0,138235,0,,
138330,1340964,138329,54,138334,41,138336,40,138338,22,138339,638990,138339,0,138339,1,137737,95,138340,0,138341,0,137737,0,138341,0,138342,0,138343,45,138351,16,138351,1100000,138352,1100000,138352,1100000,138352,1100000,138353,0,138353,0,138353,0,138354,0,138339,0,,
138427,1336624,138426,77,138430,44,138432,41,138434,50,138435,862840,138435,0,138434,1,137835,95,138435,0,138436,0,137835,0,138436,0,138436,0,138438,50,138446,22,138446,1200000,138447,1200000,138448,1200000,138448,1200000,138449,0,138449,0,138449,0,138450,0,138434,0,,
138529,1336872,138527,22,138531,40,138533,40,138535,12,138536,533520,138536,0,138536,1,137935,95,138537,0,138537,0,137935,0,138538,0,138538,0,138539,25,138547,9,138548,1100000,138548,1100000,138548,1100000,138549,1100000,138549,0,138549,0,138550,0,138550,0,138536,0,,
138632,1336872,138630,45,138635,30,138638,45,138641,50,138643,691900,138643,0,138642,1,138038,95,138644,0,138646,0,138039,0,138647,0,138648,0,138650,46,138658,16,138658,900000,138659,900000,138660,900000,138661,1200000,138662,0,138663,0,138663,0,138664,0,138641,0,,
138730,1337228,138728,25,138733,30,138735,60,138737,37,138738,514709,138738,0,138738,1,138139,95,138739,0,138739,0,138139,0,138739,0,138740,0,138742,37,138750,13,138750,1000000,138751,1000000,138751,1000000,138752,1000000,138752,0,138752,0,138753,0,138753,0,138738,0,,
138833,1337740,138831,25,138836,42,138838,44,138841,33,138844,504000,138844,0,138843,1,138237,95,138845,0,138847,0,138237,0,138848,0,138849,0,138851,37,138861,10,138862,1100000,138862,1100000,138863,1100000,138863,1100000,138864,0,138864,0,138865,0,138865,0,138842,0,,
138932,1337864,138930,37,138934,50,138936,40,138938,44,138939,695970,138939,0,138939,1,138340,95,138940,0,138941,0,138340,0,138942,0,138942,0,138944,42,138951,15,138952,1100000,138952,1100000,138953,1100000,138953,1100000,138953,0,138954,0,138954,0,138954,0,138939,0,,
139031,1336764,139030,33,139034,40,139036,60,139038,33,139039,675619,139039,0,139039,1,138435,95,139040,0,139040,0,138435,0,139041,0,139041,0,139043,39,139050,14,139051,900000,139051,900000,139052,900000,139052,900000,139053,0,139053,0,139054,0,139054,0,139038,0,,
139133,1337260,139132,25,139136,37,139139,50,139142,30,139144,421740,139144,0,139143,1,138537,95,139145,0,139146,0,138537,0,139147,0,139147,0,139149,36,139157,10,139158,900000,139159,900000,139159,900000,139159,900000,139160,0,139161,0,139161,0,139161,0,139143,0,,
139237,1337632,139235,20,139242,36,139245,22,139248,44,139249,362340,139249,0,139248,1,138645,95,139249,0,139250,0,138645,0,139250,0,139251,0,139253,36,139259,7,139260,1100000,139261,1100000,139261,1100000,139262,1100000,139263,0,139263,0,139264,0,139264,0,139248,0,,
139333,1338128,139332,44,139335,50,139337,45,139339,30,139341,687830,139340,0,139340,1,138739,95,139341,0,139342,0,138739,0,139343,0,139343,0,139345,39,139353,14,139354,1100000,139355,1100000,139355,1100000,139356,1100000,139356,0,139357,0,139357,0,139357,0,139339,0,,
139434,1338732,139433,22,139436,25,139438,36,139439,11,139440,382580,139440,0,139440,1,138846,95,139441,0,139442,0,138846,0,139442,0,139443,0,139445,24,139453,8,139454,900000,139454,900000,139455,900000,139455,900000,139456,0,139456,0,139457,0,139457,0,139440,0,,
139538,1339104,139536,20,139542,30,139546,27,139550,20,139552,288090,139552,0,139551,1,138940,95,139553,0,139553,0,138940,0,139554,0,139555,0,139557,29,139566,6,139567,900000,139568,900000,139568,900000,139568,900000,139569,0,139569,0,139570,0,139570,0,139551,0,,
139637,1339740,139635,40,139642,44,139644,50,139647,33,139648,495990,139648,0,139648,1,139040,95,139649,0,139650,0,139040,0,139650,0,139651,0,139653,43,139659,11,139659,1100000,139661,1100000,139662,1100000,139662,1100000,139663,0,139663,0,139664,0,139664,0,139647,0,,
139736,1340468,139735,44,139738,22,139741,33,139743,12,139745,451770,139744,0,139744,1,139145,95,139745,0,139747,0,139146,0,139747,0,139748,0,139750,21,139758,9,139759,1100000,139760,1100000,139761,1100000,139761,1100000,139762,0,139763,0,139764,0,139764,0,139744,0,,
139838,1340980,139837,55,139843,45,139848,50,139854,50,139856,814000,139856,0,139855,1,139249,95,139856,0,139857,0,139249,0,139858,0,139858,0,139864,53,139874,17,139874,1200000,139875,1200000,139875,1200000,139876,1200000,139876,0,139877,0,139878,0,139878,0,139855,0,,
139889,1336888,139888,83,139891,57,139893,25,139895,0,139897,772200,139897,0,139896,1,139342,95,139897,0,139898,0,139342,0,139898,0,139898,0,139900,40,139906,12,139907,1200000,139907,1200000,139908,1200000,139908,1200000,139908,0,139909,0,139909,0,139910,0,139896,0,,
139990,1337120,139989,50,139992,30,139994,30,139997,33,139998,669240,139998,0,139997,1,139441,95,139999,0,139999,0,139441,0,140000,0,140000,0,140002,36,140007,14,140008,1100000,140008,1100000,140009,1100000,140010,1100000,140010,0,140011,0,140012,0,140012,0,139997,0,,
140090,1337368,140089,50,140092,22,140094,33,140096,30,140098,549450,140098,0,140097,1,139553,95,140099,0,140099,0,139553,0,140100,0,140100,0,140102,35,140107,12,140108,1100000,140108,1100000,140109,1100000,140109,1100000,140110,0,140110,0,140111,0,140112,0,140097,0,,
140199,1337616,140191,50,140204,54,140208,30,140212,46,140214,732600,140214,0,140213,1,139649,95,140215,0,140217,0,139649,0,140219,0,140219,0,140222,48,140235,14,140236,900000,140237,900000,140238,900000,140238,900000,140239,0,140239,0,140240,0,140240,0,140212,0,,
140292,1337616,140291,50,140295,62,140298,60,140300,44,140302,641520,140302,0,140301,1,139746,95,140302,0,140303,0,139746,0,140304,0,140304,0,140306,45,140314,12,140314,900000,140315,900000,140315,900000,140316,900000,140316,0,140317,0,140317,0,140317,0,140301,0,,
140392,1338220,140391,30,140394,30,140396,50,140398,30,140399,415799,140399,0,140398,1,139857,95,140400,0,140401,0,139857,0,140401,0,140401,0,140403,35,140409,11,140409,1100000,140410,1100000,140411,1100000,140411,1100000,140412,0,140412,0,140412,0,140413,0,140398,0,,
140492,1338592,140491,12,140494,11,140497,50,140499,30,140501,419210,140500,0,140500,1,139898,95,140501,0,140502,0,139898,0,140503,0,140503,0,140505,28,140510,10,140511,1100000,140512,1100000,140512,1100000,140514,1100000,140514,0,140515,0,140515,0,140516,0,140499,0,,
140593,1338716,140592,40,140597,30,140600,44,140603,61,140605,712250,140604,0,140604,1,139999,95,140605,0,140606,0,139999,0,140607,0,140607,0,140609,42,140620,14,140621,900000,140621,900000,140622,900000,140622,900000,140623,0,140623,0,140623,0,140624,0,140604,0,,
140693,1338840,140692,25,140695,40,140698,50,140700,55,140701,504900,140701,0,140701,1,140099,95,140702,0,140702,0,140099,0,140703,0,140703,0,140705,44,140711,15,140712,1100000,140712,1100000,140713,1100000,140715,1100000,140716,0,140716,0,140717,0,140717,0,140700,0,,
140794,1339228,140792,50,140796,45,140799,36,140801,55,140802,757020,140802,0,140801,1,140216,95,140802,0,140803,0,140216,0,140803,0,140803,0,140805,47,140810,16,140811,1100000,140811,1100000,140812,1100000,140813,1100000,140814,0,140815,0,140816,0,140816,0,140801,0,,
140894,1339864,140893,44,140897,63,140899,63,140902,40,140903,854700,140903,0,140902,1,140303,95,140903,0,140904,0,140303,0,140904,0,140904,0,140906,52,140914,19,140915,1000000,140916,1000000,140917,1000000,140917,1000000,140918,0,140918,0,140919,0,140919,0,140902,0,,
140995,1340236,140993,37,140998,60,141000,54,141003,54,141004,717500,141004,0,141003,1,140400,95,141005,0,141006,0,140400,0,141007,0,141007,0,141009,56,141018,20,141019,1100000,141020,1100000,141020,1100000,141022,1300000,141022,0,141023,0,141023,0,141023,0,141003,0,,
141095,1340856,141093,50,141097,50,141099,50,141101,54,141102,898319,141102,0,141101,1,140501,95,141102,0,141103,0,140502,0,141103,0,141103,0,141105,50,141110,20,141110,1200000,141111,1100000,141111,1100000,141112,1100000,141113,0,141113,0,141114,0,141115,0,141101,0,,
141196,1341104,141195,45,141199,50,141202,22,141205,33,141206,637950,141206,0,141205,1,140605,95,141206,0,141207,0,140606,0,141207,0,141208,0,141210,36,141237,13,141238,900000,141239,900000,141240,900000,141241,900000,141242,0,141243,0,141243,0,141244,0,141205,0,,
141295,1336872,141294,55,141297,100,141299,62,141300,44,141301,775170,141301,0,141301,1,140702,95,141302,0,141302,0,140702,0,141302,0,141302,0,141304,70,141308,25,141308,1500000,141309,1500000,141309,1500000,141309,1500000,141309,0,141310,0,141310,0,141310,0,141301,0,,
141397,1337120,141396,40,141400,33,141403,20,141405,36,141407,870750,141407,0,141406,1,140803,95,141407,0,141408,0,140803,0,141408,0,141408,0,141410,28,141419,10,141420,1100000,141420,1100000,141421,1100000,141421,1100000,141421,0,141422,0,141422,0,141422,0,141406,0,,
141497,1337368,141495,40,141500,50,141502,40,141504,36,141505,675620,141505,0,141504,1,140903,95,141505,0,141506,0,140904,0,141506,0,141506,0,141508,41,141517,15,141517,1100000,141518,1100000,141518,1100000,141519,1100000,141519,0,141520,0,141520,0,141521,0,141504,0,,
141597,1337368,141596,30,141599,50,141601,30,141603,44,141604,626780,141604,0,141604,1,141005,95,141605,0,141605,0,141005,0,141606,0,141606,0,141607,36,141616,13,141617,600000,141618,600000,141619,600000,141620,600000,141620,0,141621,0,141621,0,141622,0,141604,0,,
141698,1337740,141697,22,141702,50,141706,30,141708,40,141709,230040,141709,0,141708,1,141102,95,141709,0,141710,0,141102,0,141710,0,141711,0,141712,39,141720,11,141721,1100000,141721,1100000,141722,1100000,141722,1100000,141722,0,141723,0,141723,0,141723,0,141708,0,,
141804,1338236,141803,58,141805,12,141807,36,141808,30,141810,553520,141809,0,141809,1,141207,95,141810,0,141812,0,141207,0,141813,0,141813,0,141814,37,141822,15,141823,1100000,141824,1100000,141824,1100000,141825,1100000,141825,0,141825,0,141826,0,141826,0,141809,0,,
141906,1338732,141904,40,141908,30,141911,30,141913,50,141916,610500,141916,0,141914,1,141302,95,141917,0,141918,0,141302,0,141919,0,141919,0,141921,30,141930,11,141931,900000,141932,900000,141933,900000,141934,900000,141934,0,141935,0,141936,0,141937,0,141914,0,,
142005,1338996,142004,37,142007,33,142009,37,142011,44,142012,448470,142012,0,142011,1,141407,95,142015,0,142016,0,141407,0,142017,0,142017,0,142019,41,142027,13,142028,1100000,142029,1100000,142029,1100000,142030,1100000,142032,0,142032,0,142033,0,142033,0,142011,0,,
142106,1339368,142105,50,142108,30,142110,22,142112,44,142114,594220,142113,0,142112,1,141505,95,142114,0,142116,0,141506,0,142116,0,142117,0,142119,36,142125,14,142126,1100000,142126,1100000,142127,1100000,142127,1100000,142128,0,142128,0,142128,0,142129,0,142112,0,,
142207,1339848,142206,50,142210,22,142212,50,142215,33,142217,630850,142216,0,142216,1,141605,95,142217,0,142218,0,141605,0,142219,0,142219,0,142221,39,142227,13,142227,1100000,142228,1100000,142229,1100000,142230,1100000,142230,0,142231,0,142232,0,142232,0,142215,0,,
142307,1340236,142306,50,142309,25,142312,33,142314,22,142316,529100,142315,0,142315,1,141710,95,142316,0,142318,0,141710,0,142318,0,142319,0,142321,35,142327,13,142328,1100000,142328,1100000,142330,1100000,142331,1100000,142331,0,142332,0,142333,0,142334,0,142314,0,,
142408,1340732,142407,55,142410,0,142413,36,142416,25,142418,472120,142418,0,142417,1,141810,95,142419,0,142420,0,141810,0,142421,0,142421,0,142423,32,142432,9,142434,900000,142435,900000,142436,900000,142436,900000,142437,0,142437,0,142438,0,142438,0,142417,0,,
142509,1340964,142507,37,142511,40,142514,40,142516,40,142519,466290,142518,0,142518,1,141917,95,142519,0,142520,0,141917,0,142520,0,142521,0,142523,41,142530,11,142532,900000,142533,900000,142534,900000,142535,900000,142536,0,142536,0,142537,0,142537,0,142517,0,,
142609,1341336,142608,37,142610,50,142612,22,142614,12,142616,359370,142616,0,142615,1,142015,95,142616,0,142617,0,142015,0,142617,0,142618,0,142619,27,142625,10,142625,1100000,142626,1100000,142626,1100000,142627,1100000,142627,0,142627,0,142628,0,142628,0,142615,0,,
142709,1342080,142708,40,142711,33,142713,36,142719,0,142721,443630,142721,0,142720,1,142115,95,142721,0,142722,0,142115,0,142722,0,142722,0,142724,33,142736,11,142737,1100000,142738,1100000,142738,1100000,142739,1100000,142740,0,142740,0,142741,0,142742,0,142720,0,,
142809,1337616,142808,33,142810,42,142812,55,142816,40,142817,691900,142817,0,142816,1,142217,95,142817,0,142818,0,142217,0,142818,0,142818,0,142820,38,142826,18,142826,1200000,142827,1200000,142827,1200000,142827,1200000,142828,0,142828,0,142828,0,142828,0,142816,0,,
142910,1337616,142909,50,142912,27,142914,38,142917,36,142919,706680,142918,0,142918,1,142317,95,142919,0,142920,0,142317,0,142921,0,142921,0,142923,43,142928,18,142929,1100000,142930,1100000,142930,1100000,142931,1100000,142932,0,142933,0,142934,0,142935,0,142917,0,,
143010,1337988,143009,60,143012,33,143015,50,143019,45,143020,765160,143020,0,143019,1,142419,95,143021,0,143021,0,142419,0,143022,0,143022,0,143023,45,143029,16,143029,1100000,143029,1100000,143030,1100000,143031,1100000,143032,0,143032,0,143033,0,143034,0,143019,0,,
143112,1338360,143110,54,143114,40,143120,44,143122,33,143124,695970,143124,0,143123,1,142519,95,143124,0,143125,0,142519,0,143125,0,143126,0,143127,40,143141,13,143142,900000,143142,900000,143143,900000,143143,900000,143143,0,143144,0,143144,0,143144,0,143123,0,,
143212,1338360,143211,25,143214,55,143219,44,143221,25,143222,442530,143222,0,143221,1,142616,95,143223,0,143224,0,142617,0,143224,0,143224,0,143226,38,143233,12,143234,1100000,143234,1100000,143235,1100000,143236,1100000,143236,0,143237,0,143237,0,143237,0,143221,0,,
143312,1338732,143311,25,143314,40,143317,63,143320,36,143321,667480,143321,0,143320,1,142721,95,143321,0,143322,0,142722,0,143322,0,143322,0,143324,45,143329,16,143330,1100000,143331,1100000,143332,1100000,143333,1100000,143334,0,143334,0,143335,0,143336,0,143320,0,,
143414,1339244,143413,45,143419,36,143423,25,143427,50,143428,634920,143428,0,143427,1,142818,95,143429,0,143430,0,142818,0,143431,0,143432,0,143435,45,143444,13,143444,900000,143445,900000,143445,900000,143446,900000,143446,0,143447,0,143447,0,143448,0,143427,0,,
143513,1339492,143512,50,143518,50,143521,44,143523,55,143524,591030,143524,0,143523,1,142919,95,143525,0,143525,0,142919,0,143526,0,143526,0,143528,44,143537,15,143538,1100000,143538,1100000,143539,1100000,143539,1100000,143539,0,143540,0,143540,0,143540,0,143523,0,,
143614,1339972,143612,50,143616,44,143618,33,143621,25,143622,618640,143622,0,143621,1,143021,95,143622,0,143623,0,143021,0,143624,0,143624,0,143626,43,143634,16,143635,1100000,143636,1100000,143636,1100000,143637,1100000,143638,0,143638,0,143639,0,143639,0,143621,0,,
143715,1340468,143713,55,143718,54,143721,54,143724,41,143726,830280,143725,0,143725,1,143125,95,143726,0,143727,0,143125,0,143727,0,143727,0,143729,48,143742,15,143742,900000,143743,900000,143743,900000,143744,900000,143745,0,143745,0,143745,0,143746,0,143725,0,,
143815,1340840,143813,58,143817,66,143820,44,143822,40,143823,617760,143823,0,143822,1,143223,95,143823,0,143824,0,143223,0,143824,0,143824,0,143826,50,143834,16,143834,1100000,143835,1100000,143836,1100000,143836,1100000,143837,0,143837,0,143838,0,143838,0,143822,0,,
143915,1341352,143914,33,143918,60,143920,30,143922,28,143923,614570,143923,0,143923,1,143322,95,143924,0,143925,0,143322,0,143925,0,143925,0,143927,41,143933,14,143934,1100000,143934,1100000,143935,1100000,143935,1100000,143936,0,143936,0,143937,0,143937,0,143923,0,,
144018,1341708,144016,33,144022,50,144025,40,144027,25,144028,602360,144028,0,144027,1,143429,95,144029,0,144029,0,143429,0,144029,0,144030,0,144031,35,144040,12,144041,1100000,144041,1100000,144042,1100000,144042,1100000,144042,0,144043,0,144043,0,144043,0,144027,0,,
144116,1342080,144115,63,144119,28,144121,28,144123,14,144124,541310,144124,0,144124,1,143525,95,144125,0,144125,0,143525,0,144126,0,144126,0,144127,38,144140,13,144141,1200000,144141,1200000,144141,1200000,144142,1200000,144142,0,144143,0,144143,0,144143,0,144124,0,,
144219,1337508,144218,60,144220,50,144222,45,144223,62,144224,1015560,144224,0,144224,1,143623,95,144224,0,144225,0,143623,0,144225,0,144226,0,144227,53,144231,23,144234,1500000,144234,1500000,144235,1500000,144235,1500000,144235,0,144236,0,144236,0,144236,0,144224,0,,
144319,1337740,144317,33,144322,63,144325,45,144328,22,144329,1100250,144329,0,144328,1,143726,95,144329,0,144330,0,143726,0,144330,0,144331,0,144333,42,144343,13,144344,900000,144344,900000,144345,900000,144345,900000,144345,0,144346,0,144346,0,144346,0,144328,0,,
144418,1337988,144416,33,144420,54,144422,37,144424,33,144425,466290,144425,0,144425,1,143824,95,144426,0,144427,0,143824,0,144427,0,144427,0,144429,44,144438,15,144439,1100000,144439,1100000,144440,1100000,144440,1100000,144441,0,144441,0,144442,0,144442,0,144424,0,,
144519,1338112,144517,44,144521,60,144523,44,144525,33,144526,736670,144526,0,144526,1,143924,95,144527,0,144527,0,143924,0,144528,0,144528,0,144529,42,144538,15,144538,1100000,144539,1100000,144539,1100000,144540,1100000,144540,0,144541,0,144541,0,144541,0,144526,0,,
144620,1338624,144618,40,144623,58,144626,50,144629,25,144630,704110,144629,0,144629,1,144029,95,144630,0,144631,0,144029,0,144631,0,144631,0,144633,46,144642,14,144643,1100000,144643,1100000,144644,1100000,144645,1100000,144645,0,144645,0,144646,0,144646,0,144629,0,,
144719,1338748,144718,70,144721,30,144723,33,144725,33,144726,675619,144726,0,144725,1,144125,95,144726,0,144727,0,144125,0,144728,0,144728,0,144729,44,144736,18,144737,1400000,144737,1400000,144738,1400000,144738,1400000,144738,0,144739,0,144739,0,144739,0,144725,0,,
144820,1339120,144818,55,144822,40,144825,30,144827,30,144829,933100,144829,0,144828,1,144225,95,144830,0,144831,0,144225,0,144831,0,144832,0,144834,35,144845,13,144846,900000,144846,900000,144847,900000,144847,900000,144847,0,144848,0,144848,0,144848,0,144828,0,,
144921,1338484,144919,16,144924,55,144927,55,144930,54,144932,534600,144931,0,144931,1,144329,95,144932,0,144933,0,144330,0,144934,0,144934,0,144936,47,144944,13,144945,1100000,144945,1100000,144945,1100000,144946,1100000,144946,0,144947,0,144947,0,144948,0,144931,0,,
145024,1338732,145022,44,145026,25,145028,50,145030,33,145032,618640,145032,0,145031,1,144426,95,145033,0,145034,0,144426,0,145035,0,145035,0,145037,41,145044,14,145045,1100000,145046,1100000,145046,1100000,145046,1100000,145047,0,145047,0,145047,0,145047,0,145031,0,,
145125,1338872,145124,37,145127,30,145130,22,145133,30,145136,484330,145135,0,145134,1,144527,95,145137,0,145139,0,144527,0,145140,0,145140,0,145143,30,145150,11,145151,900000,145152,900000,145154,900000,145155,900000,145156,0,145156,0,145157,0,145158,0,145133,0,,
145224,1339120,145223,60,145226,14,145228,14,145230,44,145232,392040,145231,0,145231,1,144630,95,145232,0,145232,0,144630,0,145233,0,145233,0,145235,36,145241,10,145242,1100000,145242,1100000,145243,1100000,145243,1100000,145243,0,145244,0,145244,0,145244,0,145231,0,,
145325,1339848,145324,22,145327,33,145329,33,145332,22,145333,447700,145333,0,145332,1,144727,95,145334,0,145335,0,144727,0,145335,0,145335,0,145337,27,145345,10,145346,1100000,145346,1100000,145346,1100000,145347,1100000,145347,0,145347,0,145348,0,145348,0,145332,0,,
145427,1340484,145425,33,145429,55,145432,45,145440,40,145442,704110,145442,0,145441,1,144830,95,145443,0,145443,0,144830,0,145444,0,145444,0,145446,44,145459,14,145460,900000,145460,900000,145461,900000,145461,900000,145462,0,145462,0,145462,0,145463,0,145441,0,,
145527,1341088,145525,37,145529,70,145531,25,145538,50,145540,540540,145540,0,145539,1,144932,95,145541,0,145542,0,144932,0,145542,0,145542,0,145545,44,145551,14,145552,1100000,145553,1100000,145554,1100000,145555,1100000,145556,0,145556,0,145557,0,145557,0,145538,0,,
145627,1341972,145626,60,145629,54,145632,45,145634,40,145636,809930,145636,0,145635,1,145033,95,145637,0,145639,0,145033,0,145640,0,145640,0,145642,57,145651,20,145652,1100000,145653,1100000,145655,1100000,145656,1100000,145657,0,145658,0,145659,0,145660,0,145635,0,,
145727,1337632,145726,63,145728,50,145730,62,145732,25,145733,814000,145733,0,145732,1,145138,95,145733,0,145734,0,145138,0,145735,0,145735,0,145737,44,145743,16,145744,1200000,145744,1200000,145745,1200000,145745,1200000,145745,0,145746,0,145746,0,145746,0,145732,0,,
145829,1337988,145827,50,145831,63,145833,33,145835,30,145837,823680,145836,0,145836,1,145232,95,145838,0,145839,0,145232,0,145840,0,145840,0,145841,46,145847,14,145848,1100000,145848,1100000,145849,1100000,145849,1100000,145849,0,145850,0,145850,0,145850,0,145835,0,,
145928,1338236,145927,45,145930,54,145932,40,145934,33,145936,700040,145935,0,145935,1,145334,95,145936,0,145938,0,145334,0,145939,0,145939,0,145941,43,145946,16,145947,1100000,145947,1100000,145947,1100000,145948,1100000,145948,0,145948,0,145949,0,145949,0,145934,0,,
146029,1338484,146028,22,146031,60,146034,12,146037,33,146040,516890,146039,0,146038,1,145443,95,146041,0,146042,0,145443,0,146042,0,146043,0,146044,36,146051,11,146053,900000,146054,900000,146055,900000,146056,900000,146056,0,146057,0,146058,0,146058,0,146038,0,,
146129,1338484,146128,28,146131,63,146133,37,146135,45,146137,513810,146136,0,146136,1,145541,95,146137,0,146138,0,145541,0,146139,0,146139,0,146141,44,146147,15,146147,1100000,146148,1100000,146148,1100000,146148,1100000,146149,0,146149,0,146149,0,146150,0,146136,0,,
146230,1339104,146228,37,146232,66,146234,40,146239,45,146240,765160,146240,0,146240,1,145638,95,146241,0,146241,0,145638,0,146242,0,146242,0,146243,46,146248,16,146249,1100000,146249,1100000,146250,1100000,146250,1100000,146250,0,146251,0,146252,0,146253,0,146239,0,,
146331,1339228,146329,45,146334,50,146342,36,146345,36,146346,679689,146346,0,146346,1,145733,95,146347,0,146348,0,145734,0,146348,0,146348,0,146350,40,146362,14,146362,900000,146363,900000,146363,900000,146364,900000,146364,0,146365,0,146365,0,146365,0,146346,0,,
146431,1339832,146430,25,146433,50,146436,60,146439,37,146440,510840,146440,0,146440,1,145838,95,146441,0,146442,0,145839,0,146442,0,146442,0,146444,45,146449,14,146450,1100000,146450,1100000,146451,1100000,146451,1100000,146453,0,146453,0,146454,0,146455,0,146439,0,,
146532,1340080,146530,33,146533,40,146537,55,146540,30,146541,643060,146541,0,146540,1,145937,95,146542,0,146542,0,145937,0,146543,0,146543,0,146544,40,146550,14,146550,1100000,146553,1100000,146553,1100000,146554,1100000,146555,0,146556,0,146556,0,146557,0,146540,0,,
146633,1340344,146631,0,146636,45,146640,63,146643,25,146644,541310,146644,0,146643,1,146041,95,146645,0,146646,0,146041,0,146646,0,146646,0,146648,39,146659,11,146659,1100000,146660,1100000,146660,1100000,146661,1100000,146661,0,146662,0,146663,0,146663,0,146643,0,,
146733,1340716,146731,50,146734,40,146739,69,146741,30,146743,769230,146742,0,146742,1,146138,95,146743,0,146744,0,146138,0,146745,0,146745,0,146747,50,146755,17,146755,1100000,146756,1100000,146757,1100000,146757,1100000,146758,0,146759,0,146759,0,146760,0,146742,0,,
146833,1341460,146832,33,146835,40,146838,14,146840,60,146841,598290,146841,0,146840,1,146241,95,146842,0,146842,0,146241,0,146843,0,146843,0,146844,35,146849,11,146850,1100000,146851,900000,146851,900000,146852,900000,146853,0,146853,0,146854,0,146855,0,146840,0,,
146933,1341832,146932,54,146935,30,146938,25,146940,60,146942,561329,146941,0,146941,1,146347,95,146942,0,146943,0,146347,0,146943,0,146943,0,146945,48,146950,13,146951,1100000,146951,1100000,146952,1100000,146953,1100000,146953,0,146954,0,146955,0,146956,0,146941,0,,
147034,1342204,147033,44,147036,40,147039,25,147041,57,147043,675620,147042,0,147042,1,146441,95,147043,0,147044,0,146441,0,147044,0,147044,0,147046,38,147052,14,147053,1300000,147054,1300000,147054,1300000,147055,1300000,147056,0,147057,0,147057,0,147058,0,147041,0,,
147134,1338004,147133,77,147135,33,147137,33,147139,50,147140,1028690,147140,0,147140,1,146542,95,147141,0,147141,0,146542,0,147142,0,147142,0,147143,47,147147,21,147148,1500000,147148,1500000,147148,1500000,147148,1500000,147149,0,147149,0,147149,0,147149,0,147139,0,,
147235,1338128,147234,45,147237,45,147241,25,147243,54,147244,1140750,147244,0,147243,1,146645,95,147244,0,147245,0,146645,0,147245,0,147246,0,147247,45,147255,14,147256,1100000,147256,1100000,147257,1100000,147258,1100000,147258,0,147258,0,147259,0,147259,0,147243,0,,
147335,1338252,147334,50,147338,16,147341,33,147343,28,147344,516890,147344,0,147343,1,146744,95,147345,0,147346,0,146744,0,147346,0,147346,0,147348,33,147354,11,147355,1100000,147356,1100000,147357,1100000,147357,1100000,147358,0,147358,0,147358,0,147359,0,147343,0,,
147438,1338484,147435,44,147442,30,147444,40,147447,30,147448,586080,147448,0,147448,1,146842,95,147449,0,147449,0,146842,0,147450,0,147450,0,147452,35,147463,11,147463,900000,147464,900000,147464,900000,147465,900000,147465,0,147466,0,147466,0,147466,0,147447,0,,
147536,1338856,147535,25,147539,25,147541,55,147543,14,147545,353430,147544,0,147544,1,146942,95,147545,0,147546,0,146942,0,147546,0,147546,0,147548,33,147556,11,147557,1100000,147557,1100000,147558,1100000,147558,1100000,147558,0,147559,0,147559,0,147559,0,147544,0,,
147637,1339460,147636,40,147639,33,147641,44,147644,25,147645,577940,147645,0,147644,1,147043,95,147645,0,147646,0,147043,0,147646,0,147646,0,147648,34,147655,12,147655,1100000,147656,1100000,147657,1100000,147657,1100000,147658,0,147658,0,147659,0,147659,0,147644,0,,
147738,1339692,147737,50,147742,45,147744,60,147747,36,147749,777369,147748,0,147748,1,147141,95,147749,0,147750,0,147141,0,147750,0,147751,0,147753,50,147763,16,147764,900000,147765,900000,147766,900000,147766,900000,147767,0,147767,0,147768,0,147768,0,147748,0,,
147838,1339972,147837,54,147841,50,147843,55,147845,25,147847,546480,147847,0,147846,1,147244,95,147847,0,147848,0,147244,0,147848,0,147848,0,147850,42,147859,15,147859,1100000,147860,1100000,147860,1100000,147861,1100000,147861,0,147862,0,147862,0,147862,0,147846,0,,
147939,1340220,147937,45,147941,28,147943,63,147946,30,147947,675620,147947,0,147946,1,147345,95,147947,0,147948,0,147345,0,147948,0,147948,0,147950,43,147958,15,147959,1100000,147959,1100000,147960,1100000,147961,1100000,147961,0,147962,0,147962,0,147962,0,147946,0,,
148041,1340700,148039,25,148044,45,148047,63,148049,50,148051,744810,148051,0,148050,1,147449,95,148051,0,148052,0,147449,0,148053,0,148053,0,148055,48,148065,14,148066,900000,148066,900000,148067,900000,148067,900000,148067,0,148068,0,148068,0,148069,0,148050,0,,
148141,1341072,148138,50,148143,45,148145,55,148147,40,148148,564300,148148,0,148147,1,147545,95,148149,0,148149,0,147545,0,148150,0,148150,0,148151,48,148159,16,148160,1100000,148160,1100000,148161,1100000,148161,1100000,148162,0,148162,0,148162,0,148163,0,148147,0,,
148240,1341460,148239,30,148242,60,148244,25,148246,40,148248,630849,148247,0,148247,1,147645,95,148248,0,148248,0,147645,0,148249,0,148249,0,148250,39,148258,14,148259,1100000,148259,1100000,148260,1100000,148260,1100000,148261,0,148261,0,148262,0,148262,0,148247,0,,
148341,1341956,148340,50,148344,60,148347,50,148350,25,148351,752950,148351,0,148350,1,147749,95,148352,0,148352,0,147749,0,148353,0,148353,0,148356,47,148365,15,148366,900000,148366,900000,148366,900000,148367,900000,148367,0,148368,0,148368,0,148368,0,148350,0,,
148441,1342452,148440,16,148444,54,148446,45,148448,45,148449,475200,148449,0,148448,1,147847,95,148449,0,148450,0,147847,0,148450,0,148450,0,148452,44,148461,13,148462,1100000,148462,1100000,148463,1100000,148463,1100000,148463,0,148464,0,148464,0,148464,0,148448,0,,
148546,1342716,148544,45,148547,63,148549,45,148551,36,148553,769230,148552,0,148552,1,147947,95,148553,0,148556,0,147947,0,148557,0,148557,0,148562,48,148589,18,148590,1200000,148591,1200000,148592,1200000,148592,1200000,148592,0,148593,0,148593,0,148594,0,148552,0,,
148646,1338252,148645,60,148647,70,148649,44,148651,50,148652,1048319,148651,0,148651,1,148051,95,148652,0,148652,0,148052,0,148653,0,148653,0,148655,52,148662,20,148663,1200000,148663,1200000,148663,1200000,148664,1200000,148664,0,148664,0,148664,0,148665,0,148651,0,,
148746,1338236,148745,46,148748,50,148750,30,148752,40,148753,776880,148753,0,148752,1,148149,95,148753,0,148754,0,148149,0,148756,0,148756,0,148759,41,148765,14,148765,1100000,148766,1100000,148766,1100000,148767,1100000,148767,0,148767,0,148768,0,148768,0,148752,0,,
148847,1338608,148846,40,148848,50,148850,40,148852,40,148853,691900,148853,0,148852,1,148248,95,148853,0,148854,0,148248,0,148854,0,148855,0,148857,41,148863,15,148864,1100000,148864,1100000,148864,1100000,148865,1100000,148865,0,148865,0,148866,0,148866,0,148852,0,,
148948,1338980,148947,50,148950,50,148952,50,148955,20,148957,691900,148956,0,148955,1,148352,95,148958,0,148959,0,148352,0,148960,0,148961,0,148963,45,148970,14,148971,900000,148972,900000,148973,900000,148974,900000,148975,0,148975,0,148976,0,148977,0,148955,0,,
149047,1339352,149047,45,149050,60,149052,25,149053,44,149055,516780,149054,0,149054,1,148449,95,149055,0,149056,0,148449,0,149057,0,149057,0,149059,43,149065,13,149065,1100000,149066,1100000,149066,1100000,149066,1100000,149067,0,149067,0,149067,0,149068,0,149054,0,,
149148,1339600,149147,30,149150,54,149152,25,149153,12,149158,492469,149158,0,149154,1,148553,95,149159,0,149160,0,148553,0,149160,0,149161,0,149162,33,149168,11,149168,1100000,149168,1100000,149169,1100000,149169,1100000,149169,0,149170,0,149170,0,149170,0,149154,0,,
149248,1339972,149247,33,149250,63,149252,30,149254,22,149256,602360,149255,0,149254,1,148652,95,149256,0,149259,0,148652,0,149260,0,149260,0,149261,36,149267,13,149267,1100000,149268,1100000,149268,1100000,149269,1100000,149269,0,149269,0,149270,0,149270,0,149254,0,,
149349,1340344,149348,25,149351,28,149353,12,149355,30,149358,386650,149357,0,149356,1,148753,95,149358,0,149360,0,148754,0,149360,0,149360,0,149362,27,149367,8,149368,1100000,149368,1100000,149369,1100000,149369,1100000,149370,0,149370,0,149371,0,149371,0,149356,0,,
149449,1340608,149448,33,149451,60,149453,22,149455,33,149459,602360,149459,0,149458,1,148853,95,149459,0,149460,0,148853,0,149461,0,149461,0,149463,36,149468,14,149468,1100000,149469,1100000,149469,1100000,149469,1100000,149470,0,149470,0,149471,0,149471,0,149455,0,,
149551,1341212,149549,37,149553,45,149556,30,149559,37,149561,606430,149561,0,149560,1,148958,95,149562,0,149563,0,148959,0,149564,0,149564,0,149566,37,149575,11,149576,900000,149577,900000,149578,900000,149579,900000,149579,0,149580,0,149580,0,149581,0,149560,0,,
149650,1341336,149649,45,149652,33,149654,25,149659,63,149660,493020,149660,0,149659,1,149055,95,149661,0,149661,0,149056,0,149662,0,149662,0,149664,43,149672,14,149672,1100000,149673,1100000,149674,1100000,149675,1100000,149675,0,149676,0,149677,0,149677,0,149659,0,,
149751,1341848,149750,41,149753,30,149755,50,149757,12,149758,541310,149758,0,149757,1,149159,95,149758,0,149759,0,149159,0,149759,0,149759,0,149761,33,149767,12,149767,1100000,149768,1100000,149768,1100000,149768,1100000,149769,0,149769,0,149769,0,149770,0,149757,0,,
149852,1342204,149851,20,149854,27,149857,25,149860,22,149861,382580,149861,0,149860,1,149258,95,149862,0,149862,0,149258,0,149863,0,149863,0,149865,26,149872,7,149873,900000,149873,900000,149874,900000,149874,900000,149875,0,149875,0,149876,0,149876,0,149860,0,,
149952,1342700,149951,30,149954,30,149955,45,149958,20,149959,371250,149959,0,149958,1,149359,95,149959,0,149960,0,149359,0,149960,0,149960,0,149962,30,149968,9,149969,1100000,149969,1100000,149970,1100000,149970,1100000,149971,0,149971,0,149971,0,149972,0,149958,0,,
150052,1338112,150051,33,150053,75,150055,60,150057,30,150059,805860,150058,0,150058,1,149460,95,150059,0,150060,0,149460,0,150061,0,150061,0,150062,54,150067,22,150067,1400000,150068,1400000,150068,1400000,150068,1400000,150068,0,150069,0,150069,0,150069,0,150057,0,,
150154,1338252,150152,50,150156,14,150159,44,150162,30,150164,830760,150163,0,150163,1,149562,95,150164,0,150166,0,149563,0,150166,0,150167,0,150169,34,150180,12,150181,800000,150182,900000,150182,900000,150183,900000,150183,0,150183,0,150184,0,150184,0,150163,0,,
150253,1338500,150252,58,150255,25,150258,63,150260,25,150262,479450,150261,0,150261,1,149661,95,150262,0,150263,0,149661,0,150263,0,150263,0,150265,47,150270,14,150271,1100000,150272,1100000,150272,1100000,150273,1100000,150273,0,150274,0,150274,0,150275,0,150260,0,,
150354,1338996,150353,45,150356,45,150358,63,150361,40,150362,785510,150362,0,150361,1,149758,95,150362,0,150363,0,149758,0,150364,0,150364,0,150365,50,150370,18,150371,1200000,150371,1200000,150371,1200000,150372,1200000,150372,0,150372,0,150373,0,150374,0,150361,0,,
150454,1339136,150453,40,150456,37,150458,22,150460,30,150462,603720,150462,0,150461,1,149862,95,150463,0,150464,0,149862,0,150464,0,150464,0,150466,34,150472,12,150473,1000000,150474,1000000,150474,1000000,150475,1000000,150476,0,150477,0,150477,0,150478,0,150461,0,,
150558,1339384,150554,33,150560,50,150562,50,150564,40,150566,605500,150566,0,150565,1,149959,95,150566,0,150567,0,149959,0,150567,0,150567,0,150569,41,150575,13,150577,1100000,150578,1100000,150579,1100000,150579,1100000,150579,0,150580,0,150580,0,150580,0,150565,0,,
150655,1339740,150654,40,150658,40,150661,44,150663,45,150664,687830,150664,0,150664,1,150059,95,150665,0,150666,0,150059,0,150666,0,150666,0,150668,41,150679,17,150680,1100000,150680,1100000,150680,1100000,150681,1100000,150681,0,150682,0,150682,0,150682,0,150663,0,,
150758,1339228,150755,33,150764,45,150767,41,150769,45,150771,667480,150770,0,150770,1,150165,95,150771,0,150772,0,150165,0,150772,0,150772,0,150775,39,150785,13,150785,900000,150786,900000,150786,900000,150787,900000,150787,0,150788,0,150788,0,150788,0,150769,0,,
150858,1339476,150856,37,150862,45,150865,60,150868,40,150871,540540,150870,0,150869,1,150262,95,150871,0,150872,0,150262,0,150872,0,150872,0,150874,51,150884,13,150885,900000,150886,900000,150886,900000,150887,900000,150888,0,150888,0,150889,0,150889,0,150869,0,,
150957,1340220,150956,44,150959,25,150961,50,150964,40,150965,472230,150964,0,150964,1,150363,95,150965,0,150966,0,150363,0,150966,0,150966,0,150968,36,150976,13,150976,1100000,150977,1100000,150978,1100000,150978,1100000,150979,0,150979,0,150980,0,150980,0,150964,0,,
151057,1340592,151056,22,151060,33,151062,33,151064,45,151065,541310,151065,0,151065,1,150463,95,151066,0,151066,0,150463,0,151066,0,151067,0,151068,31,151074,11,151075,1100000,151075,1100000,151076,1100000,151076,1100000,151076,0,151077,0,151077,0,151077,0,151064,0,,
151165,1340980,151163,20,151169,20,151172,33,151175,22,151177,386650,151176,0,151176,1,150566,95,151177,0,151179,0,150566,0,151179,0,151179,0,151182,27,151189,6,151190,900000,151190,900000,151191,900000,151192,900000,151192,0,151192,0,151193,0,151193,0,151175,0,,
151259,1341724,151258,14,151262,27,151264,25,151266,44,151267,326700,151267,0,151267,1,150665,95,151268,0,151268,0,150665,0,151269,0,151269,0,151270,27,151278,10,151278,1100000,151279,1100000,151279,1100000,151279,1100000,151280,0,151280,0,151280,0,151281,0,151266,0,,
151360,1342360,151358,54,151362,30,151365,30,151367,30,151368,586080,151368,0,151367,1,150771,95,151368,0,151369,0,150771,0,151370,0,151370,0,151371,37,151380,13,151382,1100000,151382,1100000,151382,1100000,151383,1100000,151383,0,151383,0,151384,0,151384,0,151367,0,,
151464,1342824,151462,58,151466,50,151469,22,151471,40,151473,691899,151473,0,151472,1,150871,95,151473,0,151479,0,150871,0,151480,0,151481,0,151484,47,151495,15,151498,1000000,151498,1000000,151499,1000000,151499,1000000,151500,0,151501,0,151501,0,151502,0,151472,0,,
151562,1337864,151559,42,151564,54,151566,70,151568,54,151570,770000,151569,0,151569,1,150965,95,151570,0,151571,0,150965,0,151571,0,151571,0,151573,55,151582,17,151583,1000000,151583,1000000,151584,1000000,151584,1000000,151585,0,151585,0,151586,0,151586,0,151569,0,,
151661,1338112,151660,22,151664,33,151667,25,151669,50,151670,455000,151670,0,151669,1,151066,95,151670,0,151671,0,151066,0,151671,0,151671,0,151673,31,151682,10,151682,1100000,151683,1100000,151683,1100000,151683,1100000,151684,0,151684,0,151684,0,151685,0,151669,0,,
151762,1338608,151761,50,151764,30,151766,25,151768,55,151769,651200,151769,0,151769,1,151178,95,151770,0,151770,0,151178,0,151771,0,151771,0,151772,39,151781,14,151782,1100000,151782,1100000,151783,1100000,151783,1100000,151783,0,151784,0,151784,0,151784,0,151769,0,,
151865,1338980,151863,53,151867,36,151870,33,151872,33,151873,630850,151873,0,151872,1,151268,95,151874,0,151874,0,151268,0,151880,0,151880,0,151883,40,151889,13,151890,900000,151891,900000,151893,900000,151895,900000,151896,0,151897,0,151898,0,151898,0,151872,0,,
151964,1339352,151963,50,151966,44,151968,12,151970,36,151972,421740,151971,0,151970,1,151369,95,151972,0,151973,0,151369,0,151973,0,151973,0,151975,35,151984,12,151985,1100000,151985,1100000,151986,1100000,151986,1100000,151987,0,151987,0,151987,0,151987,0,151970,0,,
152065,1339864,152064,70,152067,33,152068,33,152070,14,152072,610500,152072,0,152071,1,151473,95,152072,0,152073,0,151473,0,152073,0,152073,0,152075,40,152084,14,152084,1100000,152085,1100000,152085,1100000,152085,1100000,152086,0,152086,0,152086,0,152087,0,152070,0,,
152166,1340112,152165,62,152169,22,152171,45,152174,50,152175,728530,152175,0,152174,1,151570,95,152176,0,152178,0,151570,0,152179,0,152179,0,152182,47,152189,14,152190,900000,152191,900000,152192,1200000,152192,1200000,152193,0,152194,0,152194,0,152195,0,152174,0,,
152268,1340236,152267,22,152270,36,152272,50,152274,55,152279,663660,152278,0,152275,1,151670,95,152279,0,152281,0,151671,0,152281,0,152281,0,152283,37,152288,13,152289,1100000,152290,1100000,152290,1100000,152291,1100000,152291,0,152291,0,152292,0,152292,0,152274,0,,
152368,1340716,152367,40,152370,33,152372,25,152374,70,152376,683760,152375,0,152375,1,151770,95,152376,0,152377,0,151770,0,152378,0,152378,0,152380,40,152387,16,152387,1100000,152388,1100000,152388,1100000,152388,1100000,152389,0,152389,0,152389,0,152389,0,152374,0,,
152470,1340840,152469,40,152472,40,152475,33,152478,50,152481,663410,152480,0,152479,1,151874,95,152482,0,152483,0,151874,0,152484,0,152484,0,152486,45,152495,13,152496,900000,152497,900000,152498,900000,152499,900000,152499,0,152500,0,152500,0,152501,0,152479,0,,
152570,1341320,152569,33,152572,22,152574,40,152579,72,152581,495990,152581,0,152580,1,151972,95,152581,0,152582,0,151972,0,152583,0,152583,0,152584,40,152590,13,152591,1100000,152591,1100000,152592,1100000,152592,1100000,152593,0,152594,0,152595,0,152595,0,152580,0,,
152670,1341816,152669,50,152672,37,152674,36,152676,58,152678,736670,152677,0,152677,1,152072,95,152678,0,152679,0,152073,0,152680,0,152680,0,152682,50,152688,18,152688,1100000,152689,1100000,152689,1100000,152689,1100000,152690,0,152690,0,152690,0,152691,0,152676,0,,
152773,1342064,152771,40,152775,54,152782,28,152786,54,152788,716320,152788,0,152787,1,152177,95,152788,0,152789,0,152177,0,152789,0,152790,0,152792,48,152806,12,152806,900000,152807,900000,152808,900000,152808,900000,152809,0,152813,0,152814,0,152815,0,152787,0,,
152874,1342700,152873,81,152876,75,152878,70,152880,87,152881,929610,152881,0,152881,1,152279,95,152882,0,152882,0,152280,0,152882,0,152882,0,152884,81,152889,30,152889,1500000,152889,1500000,152890,1500000,152890,1500000,152890,0,152891,0,152891,0,152891,0,152881,0,,
152973,1343584,152971,66,152975,50,152979,28,152981,100,152983,1647000,152983,0,152982,1,152377,95,152984,0,152985,0,152377,0,152986,0,152986,0,152989,64,153002,32,153002,1500000,153003,1500000,153003,1500000,153003,1500000,153004,0,153004,0,153004,0,153005,0,152982,0,,
153072,1337864,153071,55,153073,50,153075,40,153078,100,153080,1653750,153080,0,153079,1,152482,95,153081,0,153081,0,152482,0,153081,0,153082,0,153083,61,153087,28,153088,1500000,153088,1500000,153088,1500000,153089,1500000,153089,0,153089,0,153089,0,153090,0,153078,0,,
153174,1338112,153173,40,153178,44,153182,33,153184,60,153186,1194750,153186,0,153185,1,152582,95,153186,0,153187,0,152582,0,153188,0,153188,0,153190,42,153200,15,153201,900000,153202,900000,153202,900000,153203,900000,153203,0,153204,0,153204,0,153204,0,153185,0,,
153275,1338360,153273,40,153278,54,153281,28,153284,54,153286,522720,153286,0,153285,1,152679,95,153287,0,153287,0,152679,0,153288,0,153288,0,153290,48,153301,12,153302,900000,153303,900000,153303,900000,153304,900000,153304,0,153304,0,153305,0,153305,0,153285,0,,
153374,1338484,153373,44,153376,54,153378,63,153381,25,153383,552420,153382,0,153382,1,152789,95,153383,0,153384,0,152789,0,153384,0,153384,0,153386,47,153392,15,153392,1100000,153393,1100000,153393,1100000,153394,1100000,153394,0,153395,0,153396,0,153396,0,153382,0,,
153474,1338980,153474,44,153477,40,153479,33,153482,33,153483,610500,153483,0,153482,1,152882,95,153484,0,153484,0,152882,0,153485,0,153485,0,153486,37,153492,14,153492,1100000,153493,1100000,153493,1100000,153494,1100000,153494,0,153495,0,153496,0,153496,0,153482,0,,
153576,1339368,153574,25,153579,33,153583,50,153586,33,153587,573870,153587,0,153586,1,152984,95,153588,0,153588,0,152985,0,153589,0,153589,0,153591,31,153602,10,153602,1200000,153603,1200000,153603,1200000,153603,1200000,153604,0,153604,0,153604,0,153605,0,153586,0,,
153676,1339740,153675,30,153679,33,153683,50,153686,25,153687,645840,153687,0,153686,1,153081,95,153688,0,153688,0,153081,0,153689,0,153689,0,153691,34,153700,12,153701,1100000,153701,1100000,153702,1100000,153702,1100000,153703,0,153703,0,153703,0,153704,0,153686,0,,
153776,1340096,153775,50,153779,30,153781,58,153784,30,153785,683760,153785,0,153784,1,153187,95,153786,0,153787,0,153187,0,153787,0,153787,0,153789,42,153795,14,153796,1100000,153797,1100000,153798,1100000,153798,1100000,153799,0,153799,0,153800,0,153800,0,153784,0,,
153877,1340484,153876,25,153880,25,153883,28,153885,40,153886,480260,153886,0,153885,1,153287,95,153886,0,153887,0,153287,0,153887,0,153887,0,153889,32,153898,13,153899,900000,153901,900000,153901,900000,153902,900000,153903,0,153903,0,153904,0,153904,0,153885,0,,
153980,1340856,153978,54,153984,58,153986,54,153989,45,153990,626670,153990,0,153989,1,153383,95,153991,0,153993,0,153383,0,153993,0,153994,0,153996,54,154006,13,154006,900000,154007,900000,154007,900000,154008,900000,154008,0,154009,0,154009,0,154009,0,153989,0,,
154082,1341212,154079,50,154086,60,154090,37,154093,60,154098,614790,154096,0,154094,1,153484,95,154099,0,154101,0,153484,0,154102,0,154102,0,154104,55,154111,12,154112,900000,154113,900000,154115,900000,154116,900000,154117,0,154118,0,154118,0,154118,0,154093,0,,
154179,1341708,154178,71,154182,44,154184,33,154186,25,154187,513809,154187,0,154187,1,153588,95,154188,0,154188,0,153588,0,154189,0,154189,0,154190,34,154200,13,154200,1100000,154201,1100000,154202,1100000,154202,1100000,154202,0,154203,0,154203,0,154203,0,154187,0,,
154281,1342328,154279,66,154284,70,154286,28,154288,37,154289,818070,154289,0,154289,1,153688,95,154290,0,154291,0,153688,0,154291,0,154291,0,154293,57,154300,19,154301,1300000,154302,1300000,154302,1300000,154303,1300000,154303,0,154304,0,154305,0,154305,0,154289,0,,
154381,1340236,154378,44,154383,70,154385,14,154387,37,154388,879450,154388,0,154387,1,153786,95,154388,0,154389,0,153786,0,154389,0,154389,0,154390,40,154400,19,154401,1300000,154401,1500000,154402,1500000,154402,1500000,154402,0,154403,0,154403,0,154403,0,154387,0,,
154480,1335152,154479,44,154483,40,154484,33,154486,63,154487,1152520,154487,0,154487,1,153886,95,154487,0,154488,0,153886,0,154488,0,154488,0,154489,47,154493,21,154494,1500000,154494,1500000,154496,1500000,154497,1500000,154497,0,154499,0,154499,0,154500,0,154486,0,,
154581,1335152,154579,37,154583,30,154585,22,154587,33,154589,823500,154588,0,154588,1,153992,95,154589,0,154590,0,153992,0,154591,0,154591,0,154593,35,154602,14,154603,1100000,154603,1100000,154604,1100000,154604,1100000,154605,0,154605,0,154605,0,154606,0,154588,0,,
154631,1335384,154630,40,154634,50,154636,75,154638,40,154639,834349,154639,0,154638,1,154100,95,154639,0,154640,0,154100,0,154640,0,154640,0,154642,42,154650,15,154651,1100000,154651,1100000,154652,1100000,154652,1100000,154653,0,154653,0,154653,0,154653,0,154638,0,,
154733,1335524,154731,22,154736,33,154739,40,154742,36,154743,533170,154743,0,154743,1,154188,95,154744,0,154745,0,154188,0,154745,0,154746,0,154748,33,154757,11,154758,900000,154758,900000,154759,900000,154759,900000,154760,0,154760,0,154760,0,154761,0,154742,0,,
154832,1335880,154831,36,154834,45,154835,63,154837,22,154839,493020,154838,0,154838,1,154290,95,154839,0,154840,0,154290,0,154840,0,154840,0,154842,42,154848,13,154848,1100000,154849,1100000,154849,1100000,154850,1100000,154850,0,154850,0,154851,0,154851,0,154838,0,,
154932,1336128,154931,37,154934,40,154936,22,154938,0,154939,402930,154938,0,154938,1,154388,95,154939,0,154939,0,154388,0,154940,0,154940,0,154942,25,154947,8,154948,1100000,154948,1100000,154948,1100000,154949,1100000,154949,0,154949,0,154950,0,154951,0,154938,0,,
155033,1336128,155032,0,155036,20,155038,11,155041,30,155042,248270,155042,0,155041,1,154487,95,155043,0,155043,0,154487,0,155044,0,155044,0,155046,15,155054,4,155055,900000,155056,900000,155056,900000,155056,900000,155057,0,155057,0,155058,0,155058,0,155041,0,,
155134,1336376,155132,18,155136,36,155139,20,155141,40,155143,338580,155142,0,155142,1,154589,95,155143,0,155144,0,154590,0,155144,0,155144,0,155146,29,155155,8,155156,900000,155156,900000,155156,900000,155157,900000,155157,0,155158,0,155158,0,155158,0,155142,0,,
155234,1336764,155233,37,155235,30,155238,20,155239,20,155241,317789,155241,0,155240,1,154639,95,155241,0,155242,0,154639,0,155242,0,155242,0,155244,27,155250,8,155251,1100000,155252,1100000,155252,1100000,155253,1100000,155253,0,155254,0,155254,0,155254,0,155240,0,,
155335,1336996,155334,37,155337,27,155339,33,155341,22,155343,484330,155342,0,155342,1,154744,95,155343,0,155344,0,154744,0,155344,0,155344,0,155346,29,155354,10,155355,1100000,155355,1100000,155356,1100000,155356,1100000,155356,0,155357,0,155357,0,155358,0,155342,0,,
155437,1337260,155435,55,155440,22,155443,25,155446,30,155449,537240,155449,0,155447,1,154839,95,155451,0,155453,0,154839,0,155454,0,155454,0,155456,40,155465,12,155466,900000,155468,900000,155469,900000,155470,900000,155471,0,155472,0,155473,0,155473,0,155447,0,,
155536,1337616,155535,54,155538,44,155540,50,155543,33,155544,537570,155543,0,155543,1,154939,95,155544,0,155545,0,154939,0,155545,0,155545,0,155547,39,155554,13,155555,1100000,155555,1100000,155556,1100000,155556,1100000,155557,0,155557,0,155557,0,155558,0,155543,0,,
155637,1338112,155635,33,155638,36,155640,54,155642,45,155644,683760,155643,0,155643,1,155043,95,155644,0,155644,0,155043,0,155645,0,155645,0,155648,42,155655,15,155655,1100000,155656,1100000,155656,1100000,155657,1100000,155657,0,155658,0,155658,0,155658,0,155643,0,,
155742,1338112,155739,41,155746,40,155750,33,155755,45,155759,647130,155758,0,155757,1,155143,95,155759,0,155761,0,155143,0,155762,0,155762,0,155764,46,155777,13,155778,900000,155779,900000,155780,900000,155781,900000,155782,0,155782,0,155783,0,155784,0,155756,0,,
155838,1338980,155837,66,155841,88,155843,55,155845,55,155847,784080,155847,0,155846,1,155241,95,155847,0,155849,0,155241,0,155849,0,155850,0,155854,61,155865,21,155866,1200000,155868,1200000,155868,1200000,155869,1200000,155869,0,155870,0,155871,0,155872,0,155846,0,,
155943,1335508,155942,50,155945,33,155946,63,155949,50,155950,917280,155950,0,155949,1,155343,95,155951,0,155952,0,155343,0,155952,0,155952,0,155954,48,155960,18,155961,1100000,155961,1100000,155961,1100000,155962,1100000,155962,0,155962,0,155963,0,155963,0,155949,0,,
156048,1335756,156045,30,156052,22,156055,50,156058,36,156059,561660,156059,0,156058,1,155451,95,156060,0,156061,0,155452,0,156062,0,156062,0,156064,37,156077,11,156078,900000,156079,900000,156080,900000,156082,900000,156083,0,156084,0,156084,0,156085,0,156058,0,,
156145,1336392,156144,54,156150,50,156152,60,156154,40,156156,605880,156156,0,156155,1,155544,95,156156,0,156157,0,155544,0,156157,0,156158,0,156159,50,156167,17,156168,1100000,156168,1100000,156169,1100000,156169,1100000,156170,0,156170,0,156171,0,156171,0,156154,0,,
156245,1336516,156244,22,156247,27,156249,44,156251,37,156252,529100,156252,0,156251,1,155644,95,156252,0,156253,0,155644,0,156253,0,156253,0,156255,31,156261,11,156261,1100000,156262,1100000,156262,1100000,156263,1100000,156263,0,156263,0,156264,0,156264,0,156251,0,,
156346,1336764,156345,20,156349,18,156351,20,156355,36,156357,382580,156357,0,156356,1,155760,95,156358,0,156360,0,155760,0,156361,0,156361,0,156363,23,156374,7,156375,900000,156375,900000,156376,900000,156376,900000,156377,0,156378,0,156378,0,156379,0,156356,0,,
156446,1337136,156445,30,156448,36,156451,41,156453,44,156454,448469,156453,0,156453,1,155848,95,156454,0,156454,0,155848,0,156455,0,156455,0,156457,37,156463,12,156463,1100000,156464,1100000,156464,1100000,156465,1100000,156466,0,156466,0,156466,0,156466,0,156453,0,,
156547,1336144,156546,25,156552,36,156554,22,156556,55,156557,561660,156557,0,156557,1,155951,95,156558,0,156558,0,155951,0,156559,0,156559,0,156561,35,156569,13,156569,1100000,156570,1100000,156571,1100000,156571,1100000,156572,0,156572,0,156572,0,156573,0,156557,0,,
156649,1336376,156647,40,156653,30,156655,33,156658,50,156659,622710,156659,0,156658,1,156060,95,156660,0,156661,0,156061,0,156661,0,156661,0,156663,39,156674,11,156675,900000,156676,900000,156676,900000,156676,900000,156677,0,156677,0,156678,0,156678,0,156658,0,,
156749,1336268,156747,44,156754,37,156757,33,156759,44,156761,469260,156761,0,156760,1,156156,95,156762,0,156763,0,156156,0,156763,0,156763,0,156765,40,156776,12,156777,900000,156778,900000,156778,900000,156778,900000,156779,0,156779,0,156779,0,156780,0,156760,0,,
156849,1336500,156847,66,156852,14,156854,14,156857,33,156858,377190,156858,0,156857,1,156252,95,156858,0,156859,0,156253,0,156859,0,156859,0,156861,34,156870,11,156871,1100000,156872,1100000,156872,1100000,156873,1100000,156873,0,156873,0,156874,0,156874,0,156857,0,,
156949,1337120,156948,60,156952,44,156955,14,156957,30,156958,602360,156958,0,156958,1,156359,95,156959,0,156959,0,156359,0,156959,0,156960,0,156961,38,156971,13,156972,1100000,156972,1100000,156973,1100000,156973,1100000,156973,0,156974,0,156974,0,156974,0,156958,0,,
157051,1337632,157049,50,157055,45,157058,22,157060,14,157062,533170,157061,0,157061,1,156454,95,157062,0,157063,0,156454,0,157063,0,157063,0,157065,37,157076,10,157077,900000,157077,900000,157078,900000,157078,900000,157078,0,157079,0,157079,0,157079,0,157060,0,,
157151,1338236,157149,33,157153,60,157155,50,157157,33,157159,522720,157158,0,157158,1,156558,95,157159,0,157160,0,156558,0,157160,0,157160,0,157162,43,157171,14,157171,1100000,157172,1100000,157172,1100000,157173,1100000,157173,0,157173,0,157173,0,157174,0,157158,0,,
157251,1338608,157249,37,157254,50,157256,40,157258,40,157259,679690,157259,0,157258,1,156660,95,157259,0,157260,0,156660,0,157260,0,157260,0,157262,40,157269,14,157270,1100000,157271,1100000,157271,1100000,157272,1100000,157272,0,157272,0,157273,0,157273,0,157258,0,,
157354,1339352,157353,25,157357,37,157360,25,157363,20,157364,435490,157364,0,157364,1,156762,95,157365,0,157367,0,156762,0,157368,0,157369,0,157372,30,157403,12,157404,1200000,157405,1200000,157406,1200000,157407,1200000,157407,0,157408,0,157408,0,157408,0,157363,0,,
157454,1335880,157453,66,157456,77,157458,37,157460,55,157461,1099800,157461,0,157460,1,156858,95,157461,0,157462,0,156858,0,157463,0,157463,0,157464,56,157472,20,157472,1200000,157473,1200000,157473,1200000,157473,1200000,157474,0,157474,0,157474,0,157475,0,157460,0,,
157553,1336004,157552,33,157555,30,157557,22,157559,11,157560,449280,157560,0,157559,1,156959,95,157561,0,157561,0,156959,0,157562,0,157562,0,157563,22,157569,8,157569,1100000,157570,1100000,157570,1100000,157571,1100000,157572,0,157572,0,157572,0,157573,0,157559,0,,
157655,1336392,157653,33,157657,10,157659,22,157662,11,157663,309320,157663,0,157662,1,157062,95,157664,0,157664,0,157062,0,157665,0,157665,0,157667,18,157675,5,157675,900000,157676,900000,157677,900000,157677,900000,157678,0,157678,0,157679,0,157679,0,157662,0,,
157754,1336748,157753,55,157756,22,157758,11,157760,20,157761,320760,157761,0,157761,1,157159,95,157762,0,157762,0,157159,0,157763,0,157763,0,157764,27,157770,9,157772,1100000,157772,1100000,157772,1100000,157773,1100000,157773,0,157774,0,157774,0,157774,0,157761,0,,
157855,1337012,157854,37,157857,20,157859,30,157861,37,157863,504680,157862,0,157862,1,157259,95,157863,0,157863,0,157259,0,157864,0,157864,0,157866,28,157874,10,157875,1100000,157875,1100000,157875,1100000,157876,1100000,157876,0,157876,0,157877,0,157877,0,157862,0,,
157957,1337012,157956,14,157960,40,157963,33,157966,44,157968,533170,157967,0,157966,1,157366,95,157969,0,157971,0,157366,0,157972,0,157972,0,157975,40,157983,12,157984,900000,157985,900000,157986,900000,157987,900000,157987,0,157988,0,157989,0,157989,0,157966,0,,
158059,1337136,158058,50,158063,50,158071,30,158074,66,158076,582120,158076,0,158075,1,157461,95,158076,0,158077,0,157462,0,158078,0,158078,0,158080,45,158092,13,158093,900000,158093,900000,158094,900000,158095,900000,158096,0,158096,0,158097,0,158098,0,158075,0,,
158159,1337508,158158,60,158161,40,158163,44,158165,50,158167,576180,158166,0,158165,1,157561,95,158167,0,158168,0,157561,0,158169,0,158169,0,158171,50,158177,17,158178,1100000,158178,1100000,158179,1100000,158179,1100000,158180,0,158180,0,158181,0,158181,0,158165,0,,
158260,1337756,158259,40,158262,37,158264,30,158266,54,158267,655270,158267,0,158266,1,157664,95,158268,0,158269,0,157664,0,158270,0,158271,0,158273,47,158279,16,158280,1100000,158280,1100000,158281,1100000,158281,1100000,158281,0,158282,0,158282,0,158282,0,158266,0,,
158362,1338004,158359,58,158366,33,158371,45,158375,40,158377,716319,158376,0,158375,1,157762,95,158377,0,158378,0,157762,0,158378,0,158379,0,158381,41,158393,13,158394,900000,158395,900000,158396,900000,158397,900000,158398,0,158398,0,158399,0,158399,0,158375,0,,
158461,1338500,158460,66,158463,60,158465,40,158467,25,158469,567270,158469,0,158468,1,157863,95,158470,0,158472,0,157863,0,158472,0,158472,0,158474,51,158480,16,158480,1100000,158481,1100000,158481,1100000,158482,1100000,158482,0,158483,0,158483,0,158484,0,158468,0,,
158561,1338748,158560,54,158563,30,158565,44,158567,36,158569,667480,158569,0,158568,1,157969,95,158570,0,158572,0,157970,0,158572,0,158573,0,158574,43,158580,15,158581,1100000,158581,1100000,158581,1100000,158582,1100000,158582,0,158583,0,158583,0,158583,0,158568,0,,
158663,1338872,158661,60,158665,40,158671,25,158675,36,158676,655270,158676,0,158675,1,158077,95,158677,0,158677,0,158077,0,158678,0,158678,0,158680,37,158691,13,158693,900000,158693,900000,158693,900000,158694,900000,158694,0,158695,0,158695,0,158695,0,158675,0,,
158763,1339120,158761,66,158764,33,158766,45,158768,40,158770,546480,158770,0,158769,1,158167,95,158771,0,158772,0,158168,0,158773,0,158773,0,158775,47,158781,16,158782,1100000,158782,1100000,158782,1100000,158783,1100000,158783,0,158783,0,158784,0,158785,0,158769,0,,
158864,1340112,158863,40,158866,45,158870,90,158873,44,158874,891330,158874,0,158873,1,158269,95,158874,0,158875,0,158269,0,158875,0,158875,0,158879,52,158885,21,158887,1500000,158888,1500000,158888,1500000,158889,1500000,158889,0,158889,0,158889,0,158890,0,158873,0,,
158967,1335384,158965,50,158972,50,158975,50,158977,36,158979,1255500,158978,0,158978,1,158377,95,158979,0,158980,0,158378,0,158980,0,158980,0,158982,47,158993,19,158994,900000,158994,900000,158994,900000,158995,900000,158995,0,158996,0,158996,0,158996,0,158978,0,,
159065,1335384,159064,54,159070,60,159072,37,159075,50,159076,596970,159075,0,159075,1,158471,95,159076,0,159077,0,158471,0,159077,0,159077,0,159079,50,159086,16,159087,1100000,159087,1100000,159088,1100000,159088,1100000,159089,0,159089,0,159090,0,159090,0,159075,0,,
159166,1335756,159165,36,159167,60,159169,0,159171,22,159172,480260,159172,0,159172,1,158570,95,159173,0,159173,0,158571,0,159173,0,159174,0,159175,32,159181,10,159181,1100000,159182,1100000,159182,1100000,159182,1100000,159183,0,159183,0,159183,0,159184,0,159171,0,,
159267,1336128,159265,27,159269,33,159272,27,159276,0,159278,354090,159278,0,159277,1,158677,95,159279,0,159280,0,158677,0,159281,0,159281,0,159283,25,159291,7,159292,900000,159292,900000,159293,900000,159293,900000,159294,0,159294,0,159294,0,159295,0,159276,0,,
159367,1332656,159366,11,159369,50,159371,20,159373,33,159374,338580,159374,0,159373,1,158771,95,159374,0,159375,0,158771,0,159375,0,159376,0,159377,26,159383,8,159383,1100000,159384,1100000,159384,1100000,159384,1100000,159385,0,159386,0,159386,0,159386,0,159373,0,,
159467,1333028,159466,22,159470,40,159472,12,159474,11,159476,345950,159475,0,159475,1,158874,95,159476,0,159477,0,158874,0,159478,0,159478,0,159479,20,159485,7,159486,1100000,159487,1100000,159488,1100000,159488,1100000,159489,0,159489,0,159490,0,159490,0,159475,0,,
159569,1333260,159567,25,159573,40,159577,44,159579,22,159582,533170,159581,0,159580,1,158979,95,159582,0,159583,0,158979,0,159584,0,159584,0,159587,35,159597,11,159598,900000,159599,900000,159599,900000,159599,900000,159600,0,159600,0,159601,0,159601,0,159580,0,,
159670,1333400,159668,60,159674,40,159677,50,159679,44,159681,576180,159680,0,159680,1,159076,95,159681,0,159682,0,159076,0,159682,0,159682,0,159684,47,159695,14,159696,900000,159697,900000,159697,900000,159698,900000,159698,0,159698,0,159699,0,159699,0,159680,0,,
159769,1333772,159768,57,159771,25,159774,25,159776,25,159778,392039,159778,0,159777,1,159173,95,159778,0,159779,0,159173,0,159779,0,159779,0,159781,31,159790,11,159791,1100000,159792,1100000,159793,1100000,159793,1100000,159794,0,159794,0,159794,0,159794,0,159777,0,,
159870,1334020,159868,55,159873,25,159875,30,159877,33,159879,582010,159878,0,159878,1,159279,95,159879,0,159880,0,159279,0,159881,0,159881,0,159883,40,159892,14,159892,1100000,159893,1100000,159894,1100000,159894,1100000,159894,0,159895,0,159895,0,159895,0,159878,0,,
159971,1334532,159969,44,159974,40,159977,44,159980,14,159981,577940,159981,0,159980,1,159374,95,159982,0,159982,0,159374,0,159983,0,159983,0,159985,33,159995,11,159996,900000,159997,900000,159997,900000,159998,900000,159998,0,159999,0,159999,0,159999,0,159980,0,,
160072,1334780,160071,50,160076,55,160079,45,160081,40,160083,564300,160083,0,160082,1,159476,95,160083,0,160084,0,159477,0,160085,0,160086,0,160088,47,160095,13,160096,1100000,160097,1100000,160097,1100000,160097,1100000,160098,0,160098,0,160098,0,160099,0,160082,0,,
160172,1334904,160170,37,160174,44,160176,25,160178,30,160179,553520,160179,0,160179,1,159582,95,160180,0,160181,0,159583,0,160182,0,160182,0,160183,40,160192,14,160192,1100000,160193,1100000,160193,1100000,160194,1100000,160194,0,160195,0,160195,0,160195,0,160178,0,,
160272,1335276,160271,40,160274,37,160277,33,160279,40,160280,610500,160279,0,160279,1,159681,95,160280,0,160281,0,159681,0,160282,0,160282,0,160285,35,160298,12,160299,900000,160300,900000,160301,900000,160301,900000,160302,0,160302,0,160308,0,160309,0,160279,0,,
160372,1332424,160371,66,160374,58,160376,80,160378,60,160379,784079,160379,0,160378,1,159779,95,160379,0,160380,0,159779,0,160380,0,160380,0,160382,63,160387,23,160388,1300000,160389,1300000,160389,1300000,160390,1300000,160390,0,160391,0,160391,0,160392,0,160378,0,,
160473,1332548,160471,30,160475,50,160477,25,160479,30,160480,719550,160480,0,160479,1,159879,95,160480,0,160482,0,159879,0,160482,0,160482,0,160484,37,160493,13,160494,1100000,160494,1100000,160494,1100000,160495,1100000,160495,0,160495,0,160496,0,160496,0,160479,0,,
160575,1332548,160573,60,160577,33,160580,22,160584,33,160587,602360,160587,0,160585,1,159982,95,160588,0,160591,0,159982,0,160592,0,160593,0,160595,40,160604,14,160605,900000,160606,900000,160607,900000,160608,900000,160608,0,160609,0,160610,0,160612,0,160585,0,,
160673,1332548,160672,58,160676,45,160678,50,160680,66,160682,650430,160682,0,160681,1,160084,95,160682,0,160683,0,160084,0,160684,0,160684,0,160685,48,160694,17,160695,1100000,160696,1100000,160696,1100000,160696,1100000,160697,0,160697,0,160697,0,160697,0,160681,0,,
160777,1332548,160776,50,160779,33,160781,40,160783,40,160784,663410,160784,0,160783,1,160180,95,160784,0,160785,0,160180,0,160785,0,160785,0,160788,39,160795,14,160796,1100000,160796,1100000,160796,1100000,160797,1100000,160797,0,160797,0,160798,0,160798,0,160783,0,,
160879,1332548,160877,40,160881,44,160884,40,160886,36,160888,651200,160887,0,160886,1,160280,95,160888,0,160890,0,160280,0,160891,0,160891,0,160894,46,160901,15,160902,900000,160902,900000,160903,900000,160903,900000,160904,0,160905,0,160906,0,160907,0,160886,0,,
160979,1332796,160978,50,160981,63,160984,40,160986,44,160989,585090,160988,0,160987,1,160380,95,160990,0,160992,0,160380,0,160993,0,160993,0,160995,46,161003,13,161005,700000,161007,700000,161008,700000,161009,700000,161010,0,161011,0,161011,0,161012,0,160986,0,,
161079,1333044,161078,44,161082,33,161083,36,161085,58,161086,347130,161086,0,161086,1,160481,95,161087,0,161088,0,160481,0,161089,0,161090,0,161092,48,161099,16,161100,1100000,161101,1100000,161101,1100000,161102,1100000,161102,0,161103,0,161104,0,161104,0,161086,0,,
161179,1333168,161178,66,161181,40,161183,40,161185,33,161186,728530,161186,0,161186,1,160589,95,161187,0,161187,0,160589,0,161189,0,161189,0,161191,38,161198,17,161198,1100000,161199,1100000,161199,1100000,161199,1100000,161200,0,161200,0,161200,0,161201,0,161185,0,,
161281,1333540,161280,66,161284,30,161286,30,161289,54,161291,732600,161291,0,161290,1,160683,95,161292,0,161293,0,160683,0,161294,0,161294,0,161296,48,161304,14,161305,900000,161306,900000,161307,900000,161308,900000,161309,0,161310,0,161311,0,161312,0,161290,0,,
161381,1333664,161379,33,161383,40,161385,50,161387,63,161388,552420,161388,0,161387,1,160784,95,161389,0,161390,0,160784,0,161391,0,161391,0,161393,46,161399,16,161399,1100000,161400,1100000,161401,1100000,161401,1100000,161402,0,161402,0,161403,0,161403,0,161387,0,,
161481,1334144,161480,33,161483,45,161485,38,161487,54,161489,691900,161488,0,161487,1,160889,95,161489,0,161490,0,160889,0,161491,0,161491,0,161493,42,161499,15,161500,1100000,161500,1100000,161501,1100000,161501,1100000,161501,0,161502,0,161502,0,161502,0,161487,0,,
161583,1334640,161581,36,161585,45,161587,30,161591,61,161593,700040,161592,0,161592,1,160991,95,161593,0,161594,0,160991,0,161596,0,161596,0,161598,43,161607,14,161608,900000,161609,900000,161610,900000,161611,900000,161612,0,161612,0,161613,0,161613,0,161591,0,,
161683,1334904,161682,58,161684,36,161687,40,161689,50,161690,546480,161690,0,161689,1,161087,95,161690,0,161691,0,161088,0,161692,0,161692,0,161693,45,161699,16,161699,1100000,161700,1100000,161700,1100000,161700,1100000,161701,0,161701,0,161701,0,161702,0,161689,0,,
161784,1335772,161782,37,161786,63,161788,22,161790,30,161792,618640,161791,0,161791,1,161187,95,161792,0,161792,0,161187,0,161793,0,161793,0,161796,40,161805,14,161805,1500000,161806,1500000,161806,1500000,161806,1500000,161806,0,161807,0,161807,0,161807,0,161791,0,,
161886,1331060,161884,12,161888,22,161891,11,161894,30,161896,506250,161896,0,161895,1,161293,95,161897,0,161898,0,161293,0,161898,0,161898,0,161901,14,161909,5,161910,1100000,161910,1100000,161911,1100000,161911,1100000,161911,0,161912,0,161912,0,161912,0,161895,0,,
161985,1331416,161984,12,161987,11,161991,12,161993,45,161995,325600,161994,0,161994,1,161389,95,161995,0,161996,0,161390,0,161997,0,161997,0,161999,24,162007,8,162008,1100000,162008,1100000,162009,1100000,162009,1100000,162010,0,162010,0,162011,0,162011,0,161994,0,,
162086,1331540,162084,12,162087,25,162090,37,162093,37,162094,451770,162094,0,162093,1,161489,95,162095,0,162095,0,161490,0,162096,0,162096,0,162097,31,162104,11,162105,900000,162106,900000,162107,900000,162108,900000,162109,0,162109,0,162111,0,162111,0,162093,0,,
162186,1331804,162185,44,162188,33,162193,12,162195,33,162197,362340,162196,0,162196,1,161594,95,162197,0,162198,0,161594,0,162198,0,162199,0,162200,28,162207,11,162208,1100000,162209,1100000,162209,1100000,162210,1100000,162211,0,162211,0,162212,0,162212,0,162196,0,,
162287,1332160,162285,42,162289,14,162291,14,162293,30,162295,407000,162294,0,162294,1,161691,95,162295,0,162296,0,161691,0,162297,0,162297,0,162299,30,162307,9,162307,1100000,162308,1100000,162309,1100000,162309,1100000,162310,0,162310,0,162311,0,162311,0,162294,0,,
162388,1332532,162386,25,162390,40,162394,50,162396,33,162398,602360,162398,0,162397,1,161792,95,162399,0,162399,0,161792,0,162400,0,162400,0,162402,37,162417,12,162418,900000,162418,900000,162419,900000,162419,900000,162420,0,162420,0,162420,0,162421,0,162397,0,,
162488,1331788,162487,44,162492,42,162495,60,162498,40,162499,552420,162499,0,162499,1,161897,95,162500,0,162501,0,161897,0,162501,0,162502,0,162504,47,162516,14,162516,900000,162517,900000,162517,900000,162518,900000,162518,0,162519,0,162519,0,162519,0,162498,0,,
162588,1332284,162587,50,162591,45,162593,37,162595,44,162597,522720,162596,0,162596,1,161996,95,162597,0,162597,0,161996,0,162598,0,162598,0,162599,44,162606,13,162607,1100000,162608,1100000,162608,1100000,162609,1100000,162610,0,162610,0,162611,0,162611,0,162596,0,,
162688,1332920,162687,28,162691,33,162694,25,162696,54,162697,569800,162697,0,162697,1,162095,95,162698,0,162698,0,162095,0,162699,0,162699,0,162700,37,162708,13,162708,1100000,162709,1100000,162710,1100000,162711,1100000,162711,0,162712,0,162712,0,162713,0,162696,0,,
162790,1333540,162788,44,162793,40,162796,12,162799,50,162801,594220,162801,0,162800,1,162197,95,162802,0,162803,0,162197,0,162803,0,162803,0,162806,36,162818,11,162819,900000,162819,900000,162820,900000,162821,900000,162821,0,162822,0,162822,0,162823,0,162800,0,,
162890,1334020,162888,44,162894,41,162897,33,162899,70,162901,558359,162901,0,162900,1,162295,95,162902,0,162903,0,162295,0,162904,0,162904,0,162907,46,162918,15,162919,900000,162919,900000,162919,900000,162920,900000,162921,0,162921,0,162921,0,162922,0,162900,0,,
162991,1334268,162989,37,162994,50,162996,45,162998,60,162999,570240,162999,0,162999,1,162399,95,163000,0,163000,0,162399,0,163001,0,163001,0,163003,48,163012,15,163012,1100000,163013,1100000,163013,1100000,163014,1100000,163014,0,163014,0,163015,0,163015,0,162999,0,,
163091,1335012,163090,40,163094,33,163096,40,163098,60,163099,704110,163099,0,163099,1,162500,95,163099,0,163100,0,162500,0,163101,0,163101,0,163102,45,163111,16,163111,1100000,163112,1100000,163112,1100000,163113,1100000,163113,0,163113,0,163114,0,163114,0,163098,0,,
163193,1335632,163191,41,163196,41,163199,44,163202,30,163203,634920,163203,0,163202,1,162597,95,163204,0,163204,0,162597,0,163205,0,163205,0,163207,39,163218,13,163219,900000,163219,900000,163220,900000,163220,900000,163221,0,163221,0,163222,0,163222,0,163202,0,,
163293,1332036,163291,50,163295,75,163297,72,163299,50,163300,733590,163300,0,163299,1,162698,95,163301,0,163301,0,162698,0,163301,0,163302,0,163303,61,163311,21,163312,1200000,163312,1200000,163313,1200000,163313,1200000,163313,0,163314,0,163314,0,163314,0,163299,0,,
163393,1332160,163392,40,163395,50,163397,40,163399,60,163401,889200,163401,0,163400,1,162802,95,163401,0,163402,0,162802,0,163402,0,163402,0,163404,47,163412,17,163413,1100000,163413,1100000,163414,1100000,163414,1100000,163414,0,163415,0,163415,0,163416,0,163400,0,,
163495,1332392,163493,33,163498,30,163501,45,163503,50,163504,643060,163504,0,163503,1,162902,95,163505,0,163505,0,162902,0,163506,0,163506,0,163508,39,163518,13,163519,700000,163520,700000,163520,700000,163521,700000,163522,0,163522,0,163522,0,163523,0,163503,0,,
163594,1332780,163593,60,163597,63,163599,45,163601,54,163603,450660,163602,0,163602,1,163000,95,163603,0,163604,0,163000,0,163604,0,163605,0,163606,56,163615,19,163615,1100000,163616,1100000,163616,1100000,163617,1100000,163617,0,163617,0,163618,0,163618,0,163602,0,,
163695,1332780,163694,33,163697,40,163699,30,163701,45,163703,602360,163702,0,163702,1,163100,95,163703,0,163703,0,163100,0,163704,0,163704,0,163705,36,163714,13,163715,1100000,163715,1100000,163715,1100000,163716,1100000,163716,0,163716,0,163717,0,163717,0,163702,0,,
163797,1332920,163796,44,163800,50,163802,33,163804,44,163806,695970,163806,0,163805,1,163204,95,163808,0,163810,0,163204,0,163812,0,163812,0,163814,45,163821,14,163821,1100000,163822,1100000,163822,1100000,163822,1100000,163823,0,163823,0,163823,0,163824,0,163805,0,,
163896,1333276,163895,40,163898,33,163900,40,163902,63,163903,716320,163903,0,163903,1,163301,95,163904,0,163904,0,163301,0,163905,0,163905,0,163907,40,163916,14,163916,1100000,163917,1100000,163918,1100000,163918,1100000,163919,0,163919,0,163920,0,163920,0,163903,0,,
163996,1333648,163995,14,163998,27,164000,30,164002,54,164004,508750,164004,0,164003,1,163401,95,164004,0,164005,0,163401,0,164006,0,164006,0,164008,32,164014,11,164015,900000,164016,900000,164016,900000,164017,900000,164017,0,164018,0,164018,0,164018,0,164003,0,,
164098,1334160,164096,12,164100,0,164103,30,164105,11,164106,157410,164106,0,164106,1,163505,95,164107,0,164108,0,163505,0,164108,0,164108,0,164110,17,164118,5,164119,900000,164119,900000,164119,900000,164120,900000,164120,0,164121,0,164121,0,164122,0,164105,0,,
164199,1334284,164197,54,164202,27,164204,0,164206,0,164208,240570,164208,0,164207,1,163603,95,164208,0,164209,0,163603,0,164209,0,164209,0,164211,23,164220,5,164220,1100000,164221,1100000,164221,1100000,164221,1100000,164222,0,164222,0,164222,0,164223,0,164207,0,,
164298,1334656,164297,50,164301,11,164303,12,164305,36,164307,443630,164306,0,164306,1,163703,95,164307,0,164308,0,163703,0,164309,0,164309,0,164311,30,164319,11,164320,1100000,164320,1100000,164321,1100000,164321,1100000,164321,0,164322,0,164322,0,164323,0,164306,0,,
164399,1335044,164398,45,164401,36,164403,25,164405,11,164406,476189,164406,0,164405,1,163809,95,164406,0,164407,0,163809,0,164407,0,164407,0,164409,27,164416,8,164417,900000,164418,900000,164418,900000,164418,900000,164419,0,164419,0,164420,0,164420,0,164405,0,,
164501,1335416,164499,40,164503,27,164505,22,164507,18,164508,317790,164508,0,164508,1,163904,95,164509,0,164510,0,163904,0,164510,0,164510,0,164512,27,164517,8,164518,1100000,164519,1100000,164519,1100000,164520,1100000,164520,0,164520,0,164521,0,164521,0,164507,0,,
164600,1335804,164599,11,164603,33,164605,40,164607,12,164608,390719,164608,0,164608,1,164004,95,164609,0,164610,0,164005,0,164611,0,164611,0,164613,30,164620,11,164620,1100000,164621,1100000,164621,1100000,164621,1100000,164622,0,164622,0,164622,0,164623,0,164607,0,,
164700,1336672,164699,55,164702,30,164705,37,164706,70,164708,781440,164707,0,164707,1,164107,95,164710,0,164714,0,164107,0,164715,0,164715,0,164720,47,164731,19,164732,1500000,164732,1500000,164733,1500000,164733,1500000,164733,0,164734,0,164734,0,164734,0,164707,0,,
164803,1331292,164801,54,164805,30,164808,22,164812,50,164815,1053000,164814,0,164814,1,164208,95,164815,0,164817,0,164208,0,164817,0,164817,0,164819,39,164830,14,164831,1100000,164832,1100000,164832,1100000,164833,1100000,164833,0,164833,0,164834,0,164834,0,164813,0,,
164902,1331540,164901,60,164903,58,164905,14,164908,33,164909,671550,164909,0,164908,1,164308,95,164910,0,164911,0,164308,0,164912,0,164912,0,164914,44,164922,15,164923,1100000,164923,1100000,164924,1100000,164924,1100000,164925,0,164926,0,164927,0,164927,0,164908,0,,
165002,1331788,165001,14,165004,54,165006,25,165007,40,165011,541310,165011,0,165008,1,164407,95,165012,0,165012,0,164407,0,165013,0,165013,0,165015,32,165021,10,165022,900000,165023,900000,165023,900000,165023,900000,165024,0,165024,0,165025,0,165025,0,165008,0,,
165104,1332176,165102,40,165106,25,165108,44,165112,25,165114,397980,165113,0,165113,1,164509,95,165115,0,165117,0,164509,0,165118,0,165118,0,165119,36,165126,10,165127,1100000,165128,1100000,165128,1100000,165129,1100000,165130,0,165130,0,165131,0,165131,0,165112,0,,
165204,1332300,165202,33,165206,25,165208,55,165211,60,165213,704110,165213,0,165212,1,164609,95,165214,0,165215,0,164609,0,165215,0,165215,0,165217,45,165223,16,165224,1100000,165224,1100000,165225,1100000,165225,1100000,165226,0,165226,0,165227,0,165228,0,165211,0,,
165304,1332548,165303,22,165306,37,165307,50,165310,22,165312,533170,165311,0,165311,1,164713,95,165312,0,165314,0,164713,0,165315,0,165315,0,165317,35,165325,12,165326,900000,165327,900000,165328,900000,165328,900000,165329,0,165330,0,165330,0,165331,0,165310,0,,
165405,1332796,165404,50,165407,50,165412,53,165414,50,165416,602910,165415,0,165415,1,164815,95,165416,0,165417,0,164816,0,165417,0,165417,0,165419,47,165427,14,165428,1100000,165429,1100000,165430,1100000,165431,1100000,165431,0,165432,0,165433,0,165433,0,165415,0,,
165505,1333168,165504,54,165507,25,165509,37,165512,40,165514,634920,165513,0,165513,1,164910,95,165514,0,165515,0,164910,0,165516,0,165516,0,165518,42,165525,15,165526,1100000,165526,1100000,165527,1100000,165528,1100000,165528,0,165529,0,165529,0,165530,0,165512,0,,
165605,1333804,165604,33,165607,40,165609,40,165612,50,165614,663410,165613,0,165613,1,165012,95,165615,0,165616,0,165012,0,165617,0,165617,0,165619,38,165629,14,165630,900000,165631,900000,165631,1200000,165632,1200000,165633,0,165633,0,165633,0,165634,0,165612,0,,
165707,1334160,165705,40,165709,33,165712,36,165715,37,165717,558449,165717,0,165716,1,165115,95,165718,0,165719,0,165115,0,165720,0,165720,0,165722,37,165733,12,165734,900000,165735,900000,165735,900000,165736,900000,165736,0,165737,0,165737,0,165737,0,165716,0,,
165807,1334532,165805,33,165809,40,165811,30,165813,66,165815,501929,165814,0,165814,1,165214,95,165815,0,165816,0,165214,0,165817,0,165817,0,165818,44,165824,15,165825,1100000,165826,1100000,165826,1100000,165827,1100000,165828,0,165828,0,165829,0,165830,0,165814,0,,
165907,1335136,165906,33,165909,50,165911,33,165913,55,165914,695970,165914,0,165913,1,165313,95,165914,0,165915,0,165313,0,165916,0,165916,0,165918,42,165924,15,165925,1100000,165925,1100000,165926,1100000,165926,1100000,165927,0,165927,0,165928,0,165928,0,165913,0,,
166008,1335508,166007,40,166010,45,166012,41,166014,60,166016,757020,166016,0,166015,1,165416,95,166017,0,166018,0,165416,0,166018,0,166018,0,166020,43,166026,15,166027,1100000,166027,1100000,166028,1100000,166029,1100000,166029,0,166030,0,166031,0,166031,0,166015,0,,
166107,1335864,166107,14,166109,40,166111,44,166114,54,166115,618640,166115,0,166114,1,165515,95,166115,0,166116,0,165515,0,166117,0,166117,0,166119,44,166126,15,166126,1100000,166127,1100000,166128,1100000,166129,1100000,166129,0,166130,0,166131,0,166131,0,166114,0,,
166208,1331896,166207,63,166209,63,166211,25,166213,50,166215,818070,166214,0,166214,1,165615,95,166215,0,166216,0,165615,0,166216,0,166217,0,166219,51,166226,20,166227,900000,166228,900000,166229,900000,166229,900000,166230,0,166232,0,166233,0,166233,0,166214,0,,
166308,1331896,166307,66,166311,45,166314,50,166316,36,166317,585090,166317,0,166317,1,165719,95,166318,0,166319,0,165719,0,166319,0,166319,0,166321,52,166326,16,166327,1100000,166328,1100000,166329,1100000,166330,1100000,166331,0,166331,0,166332,0,166332,0,166316,0,,
166409,1332036,166408,55,166411,36,166413,54,166415,33,166417,724460,166416,0,166416,1,165816,95,166417,0,166418,0,165816,0,166419,0,166419,0,166421,43,166427,16,166427,1100000,166428,1100000,166429,1100000,166429,1100000,166430,0,166430,0,166431,0,166431,0,166415,0,,
166512,1332424,166509,45,166515,33,166518,63,166521,46,166523,761090,166522,0,166522,1,165915,95,166523,0,166524,0,165915,0,166525,0,166525,0,166527,45,166539,16,166539,900000,166540,900000,166541,900000,166542,900000,166543,0,166543,0,166543,0,166544,0,166521,0,,
166611,1332672,166609,66,166614,50,166616,50,166619,33,166622,591030,166621,0,166620,1,166017,95,166623,0,166624,0,166017,0,166624,0,166625,0,166626,52,166634,16,166635,1100000,166636,1100000,166636,1100000,166637,1100000,166637,0,166637,0,166638,0,166638,0,166620,0,,
166711,1332796,166709,45,166713,55,166716,40,166718,40,166719,732599,166719,0,166718,1,166116,95,166719,0,166720,0,166116,0,166720,0,166720,0,166722,43,166730,15,166731,1100000,166732,1100000,166732,1100000,166733,1100000,166733,0,166734,0,166734,0,166735,0,166718,0,,
166811,1333276,166810,50,166813,50,166815,33,166817,37,166818,691900,166818,0,166818,1,166215,95,166819,0,166820,0,166215,0,166820,0,166821,0,166823,43,166832,15,166833,900000,166833,900000,166834,900000,166834,900000,166835,0,166835,0,166836,0,166836,0,166817,0,,
166914,1333648,166910,44,166916,44,166918,45,166921,33,166922,493020,166922,0,166921,1,166318,95,166922,0,166923,0,166318,0,166924,0,166924,0,166926,41,166933,13,166934,1100000,166934,1100000,166935,1100000,166935,1100000,166936,0,166937,0,166937,0,166937,0,166921,0,,
167012,1334020,167011,28,167014,55,167017,45,167020,50,167022,724460,167022,0,167021,1,166418,95,167023,0,167024,0,166418,0,167025,0,167025,0,167027,51,167035,17,167036,1100000,167036,1100000,167037,1100000,167037,1100000,167038,0,167038,0,167039,0,167039,0,167021,0,,
167112,1334408,167111,37,167114,55,167116,37,167117,33,167119,659340,167119,0,167118,1,166523,95,167119,0,167120,0,166524,0,167121,0,167121,0,167122,35,167127,14,167128,1300000,167128,1300000,167129,1300000,167130,1300000,167130,0,167131,0,167131,0,167131,0,167118,0,,
167213,1334780,167212,20,167215,50,167217,36,167219,22,167220,682240,167220,0,167220,1,166623,95,167221,0,167221,0,166623,0,167222,0,167222,0,167223,30,167229,12,167229,1200000,167230,1200000,167231,1200000,167231,1200000,167232,0,167233,0,167233,0,167233,0,167219,0,,
167313,1334920,167312,40,167315,44,167317,11,167319,11,167320,496080,167320,0,167319,1,166719,95,167321,0,167321,0,166719,0,167322,0,167322,0,167324,28,167330,10,167330,1100000,167331,1100000,167331,1100000,167332,1100000,167333,0,167333,0,167333,0,167333,0,167319,0,,
167413,1335400,167412,33,167415,40,167417,22,167419,40,167420,549450,167420,0,167419,1,166819,95,167420,0,167421,0,166819,0,167421,0,167422,0,167423,32,167428,11,167429,1100000,167429,1100000,167430,1100000,167430,1100000,167430,0,167431,0,167431,0,167431,0,167419,0,,
167519,1335788,167515,20,167524,50,167526,27,167529,33,167530,529099,167530,0,167529,1,166923,95,167531,0,167532,0,166923,0,167533,0,167533,0,167536,38,167543,10,167544,900000,167544,900000,167545,900000,167545,900000,167546,0,167546,0,167546,0,167547,0,167529,0,,
167616,1336376,167614,44,167619,33,167621,50,167623,12,167624,412830,167624,0,167624,1,167007,95,167625,0,167626,0,167007,0,167627,0,167627,0,167628,31,167636,9,167636,1300000,167637,1300000,167637,1300000,167637,1300000,167638,0,167638,0,167638,0,167639,0,167624,0,,
167715,1331044,167714,25,167717,11,167719,75,167720,12,167721,655590,167721,0,167721,1,167023,95,167721,0,167722,0,167023,0,167722,0,167722,0,167723,29,167728,13,167728,1500000,167729,1500000,167729,1500000,167730,1500000,167730,0,167731,0,167731,0,167731,0,167720,0,,
167818,1331432,167816,37,167822,20,167824,45,167827,40,167828,958500,167828,0,167827,1,167119,95,167829,0,167830,0,167120,0,167832,0,167832,0,167835,41,167843,16,167844,900000,167844,900000,167845,900000,167845,900000,167846,0,167847,0,167848,0,167849,0,167827,0,,
167917,1331680,167916,55,167920,44,167922,44,167924,50,167925,573210,167925,0,167924,1,167221,95,167925,0,167926,0,167221,0,167926,0,167926,0,167928,42,167936,13,167937,1100000,167938,1100000,167939,1100000,167939,1100000,167939,0,167940,0,167940,0,167940,0,167924,0,,
168018,1331928,168016,44,168020,22,168022,50,168024,25,168026,573870,168026,0,168025,1,167321,95,168026,0,168027,0,167321,0,168028,0,168028,0,168030,37,168039,16,168040,1100000,168041,1100000,168041,1100000,168042,1100000,168042,0,168043,0,168043,0,168043,0,168025,0,,
168119,1332548,168117,60,168122,45,168125,25,168127,50,168128,732600,168128,0,168128,1,167421,95,168129,0,168131,0,167421,0,168132,0,168132,0,168135,51,168145,15,168145,900000,168146,900000,168148,900000,168148,900000,168149,0,168151,0,168151,0,168152,0,168127,0,,
168220,1332920,168218,44,168223,54,168226,44,168228,60,168229,599940,168229,0,168228,1,167531,95,168230,0,168232,0,167532,0,168233,0,168234,0,168236,51,168244,14,168244,900000,168245,900000,168246,900000,168246,900000,168247,0,168248,0,168249,0,168250,0,168228,0,,
168269,1331184,168268,80,168272,33,168273,40,168275,50,168276,602910,168276,0,168275,1,167625,95,168276,0,168277,0,167626,0,168277,0,168277,0,168279,33,168292,17,168293,1200000,168293,1200000,168294,1200000,168294,1200000,168295,0,168295,0,168295,0,168297,0,168275,0,,
168370,1331804,168368,33,168372,40,168374,50,168376,40,168377,762840,168377,0,168377,1,167721,95,168378,0,168379,0,167722,0,168379,0,168380,0,168382,48,168395,16,168395,1100000,168396,1100000,168397,1100000,168397,1100000,168398,0,168399,0,168399,0,168400,0,168377,0,,
168470,1332300,168469,50,168473,12,168477,37,168481,40,168483,565730,168482,0,168482,1,167829,95,168484,0,168485,0,167829,0,168486,0,168486,0,168492,34,168504,12,168507,900000,168508,900000,168509,900000,168510,900000,168511,0,168512,0,168513,0,168513,0,168481,0,,
168571,1332672,168570,58,168573,40,168575,44,168577,45,168578,555390,168578,0,168577,1,167925,95,168578,0,168579,0,167926,0,168579,0,168579,0,168581,40,168593,13,168594,900000,168595,900000,168596,900000,168598,900000,168599,0,168600,0,168602,0,168603,0,168577,0,,
168671,1333152,168670,30,168673,25,168675,41,168677,40,168678,403920,168678,0,168678,1,168027,95,168679,0,168679,0,168027,0,168679,0,168679,0,168681,37,168691,12,168692,1100000,168693,1100000,168693,1100000,168694,1100000,168695,0,168695,0,168696,0,168697,0,168677,0,,
168772,1333788,168771,44,168774,30,168776,22,168778,40,168779,553520,168779,0,168778,1,168129,95,168779,0,168780,0,168129,0,168780,0,168781,0,168786,39,168795,12,168796,1100000,168796,1100000,168797,1100000,168798,1100000,168798,0,168799,0,168799,0,168800,0,168778,0,,
168873,1334516,168872,40,168876,33,168879,41,168882,37,168884,614570,168883,0,168882,1,168231,95,168885,0,168886,0,168231,0,168887,0,168888,0,168891,39,168911,13,168912,900000,168913,900000,168914,900000,168915,900000,168915,0,168916,0,168917,0,168918,0,168882,0,,
168976,1335012,168974,63,168980,50,168987,54,168991,50,168993,644490,168993,0,168992,1,168276,95,168994,0,168995,0,168276,0,168996,0,168996,0,169000,55,169012,14,169013,900000,169014,900000,169014,900000,169015,900000,169016,0,169017,0,169018,0,169018,0,168992,0,,
169074,1335756,169073,50,169076,54,169078,50,169085,55,169086,620730,169086,0,169085,1,168378,95,169087,0,169088,0,168378,0,169089,0,169089,0,169091,51,169108,16,169108,1100000,169109,1100000,169110,1100000,169111,1100000,169112,0,169113,0,169114,0,169115,0,169085,0,,
169174,1331292,169173,60,169175,50,169177,55,169179,50,169180,875050,169180,0,169179,1,168484,95,169180,0,169181,0,168484,0,169182,0,169183,0,169185,53,169195,20,169195,1200000,169196,1200000,169196,1200000,169197,1200000,169197,0,169198,0,169199,0,169199,0,169179,0,,
169277,1331556,169275,22,169280,40,169285,50,169289,40,169292,711360,169291,0,169290,1,168578,95,169292,0,169294,0,168578,0,169294,0,169294,0,169297,40,169310,16,169311,900000,169312,900000,169312,900000,169313,900000,169313,0,169314,0,169315,0,169316,0,169290,0,,
169375,1332052,169374,63,169377,50,169379,50,169383,50,169385,632610,169385,0,169384,1,168679,95,169386,0,169388,0,168679,0,169388,0,169389,0,169391,48,169402,15,169402,1100000,169403,1100000,169404,1100000,169405,1100000,169406,0,169406,0,169407,0,169407,0,169383,0,,
169476,1332424,169475,50,169477,30,169479,44,169481,37,169483,655270,169483,0,169482,1,168779,95,169484,0,169485,0,168779,0,169486,0,169486,0,169488,40,169498,13,169498,1100000,169499,1100000,169500,1100000,169501,1100000,169501,0,169503,0,169503,0,169504,0,169482,0,,
169578,1332672,169576,55,169581,14,169585,22,169589,22,169592,459910,169592,0,169590,1,168885,95,169593,0,169593,0,168886,0,169594,0,169594,0,169596,35,169611,10,169612,900000,169612,900000,169613,900000,169614,900000,169614,0,169615,0,169619,0,169622,0,169590,0,,
169678,1333044,169676,50,169680,54,169684,50,169687,42,169688,582120,169688,0,169687,1,168994,95,169689,0,169689,0,168994,0,169690,0,169690,0,169692,44,169701,13,169702,900000,169703,900000,169704,900000,169704,900000,169705,0,169706,0,169706,0,169707,0,169687,0,,
169777,1333400,169776,45,169779,33,169781,25,169786,50,169787,454410,169787,0,169786,1,169088,95,169787,0,169788,0,169088,0,169788,0,169788,0,169790,39,169797,14,169798,1100000,169798,1100000,169799,1100000,169799,1100000,169800,0,169800,0,169800,0,169801,0,169786,0,,
169878,1333788,169877,25,169880,60,169882,33,169884,30,169886,602360,169886,0,169885,1,169180,95,169887,0,169887,0,169180,0,169888,0,169888,0,169889,38,169894,13,169895,1100000,169895,1100000,169896,1100000,169896,1100000,169896,0,169897,0,169897,0,169897,0,169885,0,,
169981,1334144,169979,45,169991,50,169994,45,169997,41,170000,736670,169999,0,169998,1,169293,95,170001,0,170002,0,169293,0,170003,0,170004,0,170006,50,170020,13,170021,900000,170022,900000,170023,900000,170023,900000,170024,0,170025,0,170025,0,170026,0,169998,0,,
170079,1334516,170078,33,170081,50,170083,40,170085,50,170086,513809,170086,0,170086,1,169386,95,170087,0,170088,0,169386,0,170088,0,170088,0,170090,36,170095,12,170096,1100000,170097,1100000,170097,1100000,170097,1100000,170098,0,170098,0,170099,0,170099,0,170085,0,,
170180,1334888,170179,30,170182,45,170184,40,170186,12,170188,516890,170188,0,170187,1,169484,95,170188,0,170189,0,169484,0,170189,0,170189,0,170191,32,170197,11,170197,1100000,170198,1100000,170198,1100000,170199,1100000,170199,0,170200,0,170200,0,170201,0,170187,0,,
170281,1335276,170279,40,170284,25,170287,55,170290,33,170291,622710,170291,0,170291,1,169593,95,170292,0,170293,0,169593,0,170293,0,170293,0,170295,38,170307,11,170308,900000,170309,900000,170309,900000,170310,900000,170311,0,170312,0,170312,0,170313,0,170290,0,,
170381,1335648,170379,37,170383,30,170385,40,170387,60,170389,495990,170388,0,170388,1,169689,95,170389,0,170390,0,169689,0,170391,0,170391,0,170393,46,170398,15,170399,1100000,170400,1100000,170401,1100000,170402,1100000,170402,0,170403,0,170404,0,170404,0,170388,0,,
170481,1336160,170480,37,170483,40,170485,36,170488,37,170490,610500,170489,0,170488,1,169787,95,170490,0,170491,0,169788,0,170491,0,170492,0,170493,38,170504,13,170505,1100000,170506,1100000,170506,1100000,170507,1100000,170508,0,170508,0,170509,0,170509,0,170488,0,,
170581,1330952,170580,55,170585,37,170587,77,170588,40,170589,850630,170589,0,170589,1,169887,95,170589,0,170590,0,169887,0,170590,0,170590,0,170592,53,170596,23,170597,1500000,170597,1500000,170597,1500000,170597,1500000,170598,0,170598,0,170598,0,170598,0,170588,0,,
170682,1331200,170681,44,170685,30,170687,54,170690,33,170691,1086750,170691,0,170690,1,170001,95,170692,0,170693,0,170002,0,170693,0,170693,0,170695,40,170704,15,170704,1100000,170705,1100000,170706,1100000,170706,1100000,170707,0,170708,0,170708,0,170709,0,170690,0,,
170783,1331432,170781,45,170785,40,170787,50,170789,25,170791,651200,170791,0,170790,1,170087,95,170792,0,170793,0,170087,0,170793,0,170793,0,170795,35,170802,12,170802,1100000,170803,1100000,170804,1100000,170805,1100000,170806,0,170806,0,170807,0,170808,0,170790,0,,
170883,1331664,170882,25,170886,12,170888,60,170890,37,170892,545380,170891,0,170891,1,170188,95,170892,0,170893,0,170189,0,170893,0,170894,0,170895,36,170904,11,170905,1100000,170905,1100000,170906,1100000,170906,1100000,170907,0,170907,0,170908,0,170908,0,170891,0,,
170986,1332036,170982,44,170989,50,170992,54,170994,36,170995,748880,170995,0,170994,1,170292,95,170996,0,170997,0,170292,0,170997,0,170997,0,170999,45,171009,17,171009,1100000,171010,1100000,171011,1100000,171012,1100000,171013,0,171013,0,171013,0,171014,0,170994,0,,
171086,1332548,171084,50,171089,40,171092,54,171094,40,171096,748880,171096,0,171095,1,170390,95,171096,0,171097,0,170390,0,171098,0,171098,0,171100,45,171112,17,171113,900000,171114,900000,171114,900000,171115,900000,171115,0,171116,0,171116,0,171117,0,171095,0,,
171188,1332672,171185,54,171192,40,171195,55,171198,45,171201,576180,171200,0,171199,1,170490,95,171205,0,171208,0,170491,0,171208,0,171209,0,171211,54,171224,15,171226,900000,171227,900000,171228,900000,171228,900000,171229,0,171229,0,171230,0,171230,0,171199,0,,
171286,1332920,171284,44,171288,50,171290,62,171292,60,171293,641520,171293,0,171293,1,170589,95,171294,0,171294,0,170589,0,171294,0,171295,0,171296,50,171305,14,171305,1100000,171306,1100000,171306,1100000,171307,1100000,171307,0,171307,0,171308,0,171308,0,171293,0,,
171387,1333648,171386,37,171390,41,171392,41,171394,50,171395,687829,171395,0,171394,1,170692,95,171395,0,171396,0,170692,0,171396,0,171396,0,171398,39,171407,14,171408,1100000,171408,1100000,171409,1100000,171410,1100000,171410,0,171411,0,171411,0,171412,0,171394,0,,
171489,1334020,171486,33,171493,25,171496,44,171499,36,171502,561660,171501,0,171500,1,170792,95,171503,0,171504,0,170792,0,171505,0,171506,0,171508,43,171521,13,171522,900000,171523,900000,171524,900000,171526,900000,171527,0,171528,0,171528,0,171529,0,171500,0,,
171587,1334392,171586,55,171590,50,171592,66,171594,50,171595,656370,171595,0,171595,1,170892,95,171596,0,171596,0,170892,0,171597,0,171597,0,171598,47,171608,16,171609,1100000,171609,1100000,171610,1100000,171611,1100000,171611,0,171612,0,171612,0,171613,0,171595,0,,
171688,1334888,171687,33,171690,33,171692,50,171694,44,171696,651200,171696,0,171695,1,170996,95,171696,0,171697,0,170996,0,171697,0,171697,0,171699,39,171708,15,171708,1100000,171709,1100000,171709,1100000,171709,1100000,171710,0,171710,0,171710,0,171711,0,171695,0,,
171790,1335384,171788,45,171794,25,171798,41,171802,61,171804,700040,171804,0,171803,1,171097,95,171806,0,171807,0,171097,0,171807,0,171807,0,171809,53,171816,16,171817,1100000,171817,1100000,171818,1100000,171818,1100000,171819,0,171820,0,171821,0,171821,0,171802,0,,
171888,1335632,171887,54,171891,53,171893,50,171895,63,171896,895400,171896,0,171895,1,171206,95,171896,0,171897,0,171207,0,171897,0,171898,0,171899,50,171909,17,171909,1100000,171910,1100000,171911,1100000,171911,1100000,171912,0,171912,0,171913,0,171913,0,171895,0,,
171989,1336128,171988,54,171991,45,171994,45,171996,63,171997,842490,171997,0,171996,1,171294,95,171997,0,171998,0,171294,0,171998,0,171998,0,172000,53,172012,20,172013,900000,172014,900000,172014,900000,172015,900000,172015,0,172016,0,172016,0,172016,0,171996,0,,
172090,1331556,172089,70,172093,60,172094,55,172097,75,172099,772200,172098,0,172098,1,171395,95,172099,0,172099,0,171395,0,172100,0,172100,0,172102,62,172110,20,172111,1200000,172112,1500000,172112,1500000,172112,1500000,172113,0,172113,0,172113,0,172113,0,172098,0,,
172190,1331556,172189,55,172192,20,172194,30,172196,33,172197,817650,172197,0,172196,1,171503,95,172197,0,172198,0,171503,0,172198,0,172198,0,172200,32,172209,15,172209,1100000,172210,1100000,172210,1100000,172211,1100000,172211,0,172211,0,172212,0,172212,0,172196,0,,
172293,1331680,172291,40,172297,36,172301,36,172305,30,172307,577939,172306,0,172306,1,171596,95,172307,0,172308,0,171596,0,172309,0,172309,0,172311,36,172317,11,172317,1100000,172318,1100000,172319,1100000,172320,1100000,172320,0,172321,0,172322,0,172322,0,172305,0,,
172392,1331928,172391,25,172394,55,172396,25,172398,44,172400,606430,172399,0,172399,1,171696,95,172400,0,172401,0,171696,0,172402,0,172402,0,172404,40,172413,13,172413,1100000,172414,1100000,172414,1100000,172414,1100000,172415,0,172415,0,172416,0,172416,0,172399,0,,
172493,1332440,172492,40,172495,36,172496,40,172498,40,172499,634920,172499,0,172499,1,171806,95,172500,0,172500,0,171806,0,172502,0,172503,0,172505,37,172515,13,172515,900000,172516,900000,172516,900000,172516,900000,172517,0,172517,0,172518,0,172518,0,172499,0,,
172593,1332812,172592,50,172595,27,172596,30,172598,22,172600,383130,172599,0,172599,1,171897,95,172600,0,172601,0,171897,0,172601,0,172601,0,172603,32,172608,10,172609,1100000,172609,1100000,172609,1100000,172610,1100000,172610,0,172610,0,172611,0,172611,0,172599,0,,
172693,1333060,172692,11,172695,45,172697,30,172699,20,172700,431419,172699,0,172699,1,171997,95,172700,0,172701,0,171998,0,172701,0,172701,0,172703,28,172708,9,172709,1100000,172709,1100000,172709,1100000,172710,1100000,172710,0,172710,0,172711,0,172711,0,172699,0,,
172794,1333524,172793,33,172798,30,172800,0,172802,0,172803,256409,172803,0,172802,1,172099,95,172803,0,172804,0,172099,0,172804,0,172804,0,172806,17,172812,5,172813,1100000,172813,1100000,172813,1100000,172814,1100000,172814,0,172814,0,172815,0,172815,0,172802,0,,
172894,1333896,172893,11,172896,40,172898,22,172900,11,172901,341880,172901,0,172900,1,172198,95,172902,0,172902,0,172198,0,172903,0,172903,0,172905,24,172913,8,172913,1100000,172914,1100000,172914,1100000,172915,1100000,172915,0,172916,0,172916,0,172916,0,172900,0,,
172998,1334284,172996,33,173002,30,173007,30,173011,20,173013,459909,173013,0,173012,1,172307,95,173014,0,173016,0,172308,0,173017,0,173018,0,173021,23,173032,8,173033,900000,173034,900000,173035,900000,173036,900000,173037,0,173038,0,173039,0,173039,0,173011,0,,
173095,1334764,173094,12,173097,22,173099,37,173102,45,173103,344520,173103,0,173102,1,172400,95,173104,0,173104,0,172400,0,173104,0,173105,0,173106,35,173113,9,173113,1100000,173114,1100000,173114,1100000,173114,1100000,173115,0,173115,0,173116,0,173116,0,173102,0,,
173196,1335136,173195,22,173198,30,173200,40,173202,22,173203,463980,173203,0,173202,1,172500,95,173203,0,173204,0,172500,0,173204,0,173204,0,173206,25,173212,9,173212,1100000,173213,1100000,173213,1100000,173213,1100000,173214,0,173214,0,173214,0,173215,0,173202,0,,
173300,1335508,173298,0,173304,27,173308,10,173312,30,173314,272690,173314,0,173313,1,172600,95,173315,0,173317,0,172600,0,173318,0,173319,0,173321,17,173333,6,173334,1100000,173334,1100000,173335,1100000,173335,1100000,173336,0,173338,0,173338,0,173339,0,173313,0,,
173397,1336144,173396,37,173399,12,173401,0,173403,28,173404,313390,173404,0,173404,1,172700,95,173405,0,173405,0,172700,0,173406,0,173406,0,173407,20,173414,5,173415,1100000,173416,1100000,173417,1100000,173418,1100000,173419,0,173419,0,173420,0,173421,0,173403,0,,
173497,1331060,173496,44,173499,87,173500,40,173502,50,173504,899470,173503,0,173502,1,172803,95,173505,0,173506,0,172804,0,173507,0,173507,0,173508,56,173513,24,173514,1500000,173514,1500000,173514,1500000,173514,1500000,173515,0,173515,0,173515,0,173515,0,173502,0,,
173598,1331292,173597,55,173600,30,173602,30,173608,30,173610,978750,173609,0,173609,1,172902,95,173610,0,173611,0,172902,0,173612,0,173612,0,173613,39,173619,15,173623,1100000,173624,1100000,173624,1100000,173625,1100000,173626,0,173626,0,173627,0,173628,0,173608,0,,
173699,1331788,173698,60,173701,36,173703,50,173705,40,173707,757020,173706,0,173706,1,173015,95,173707,0,173708,0,173015,0,173709,0,173709,0,173711,43,173717,18,173718,1100000,173718,1100000,173718,1100000,173719,1100000,173719,0,173719,0,173720,0,173721,0,173705,0,,
173800,1332160,173799,44,173803,45,173807,63,173810,45,173812,801790,173812,0,173811,1,173104,95,173813,0,173813,0,173104,0,173814,0,173814,0,173816,46,173828,14,173829,1100000,173829,1100000,173830,1100000,173831,1100000,173831,0,173831,0,173832,0,173832,0,173811,0,,
173899,1332160,173898,40,173901,40,173905,30,173908,69,173909,728530,173909,0,173909,1,173204,95,173910,0,173911,0,173204,0,173911,0,173911,0,173913,50,173919,17,173919,1100000,173920,1100000,173921,1100000,173921,1100000,173922,0,173923,0,173923,0,173924,0,173908,0,,
174000,1332532,173999,33,174002,60,174004,25,174006,54,174008,700040,174008,0,174007,1,173316,95,174009,0,174010,0,173316,0,174011,0,174011,0,174012,45,174018,16,174019,1100000,174019,1100000,174019,1100000,174020,1100000,174020,0,174021,0,174022,0,174023,0,174007,0,,
174102,1332656,174100,50,174106,54,174109,45,174111,40,174113,769230,174112,0,174112,1,173405,95,174113,0,174114,0,173405,0,174114,0,174114,0,174116,47,174123,14,174124,1100000,174124,1100000,174126,1100000,174126,1100000,174127,0,174127,0,174127,0,174128,0,174112,0,,
174201,1331804,174200,50,174203,44,174207,44,174209,28,174211,675620,174211,0,174210,1,173505,95,174211,0,174212,0,173505,0,174213,0,174213,0,174215,44,174222,15,174223,1100000,174224,1100000,174225,1100000,174225,1100000,174226,0,174226,0,174227,0,174227,0,174210,0,,
174302,1332300,174301,33,174307,46,174311,30,174314,63,174316,700040,174316,0,174315,1,173610,95,174317,0,174318,0,173610,0,174318,0,174318,0,174322,41,174334,15,174334,900000,174335,900000,174335,900000,174336,900000,174336,0,174336,0,174337,0,174337,0,174314,0,,
174402,1332904,174401,45,174404,37,174407,40,174410,72,174411,576180,174411,0,174410,1,173708,95,174411,0,174412,0,173708,0,174412,0,174413,0,174414,51,174420,15,174421,1100000,174422,1100000,174423,1100000,174423,1100000,174424,0,174425,0,174426,0,174427,0,174410,0,,
174503,1333524,174502,50,174505,36,174507,33,174510,63,174511,740740,174511,0,174511,1,173813,95,174512,0,174512,0,173813,0,174513,0,174513,0,174514,46,174520,16,174521,1100000,174522,1100000,174523,1100000,174524,1100000,174524,0,174525,0,174526,0,174526,0,174510,0,,
174604,1334036,174603,25,174608,50,174612,40,174614,54,174616,687830,174616,0,174615,1,173910,95,174617,0,174617,0,173910,0,174618,0,174618,0,174620,40,174632,13,174632,900000,174633,900000,174633,900000,174634,900000,174634,0,174635,0,174635,0,174636,0,174615,0,,
174703,1334408,174702,40,174706,40,174708,37,174711,60,174712,525690,174712,0,174711,1,174009,95,174712,0,174713,0,174009,0,174713,0,174713,0,174715,47,174723,16,174723,1100000,174724,1100000,174725,1100000,174726,1100000,174726,0,174727,0,174727,0,174727,0,174711,0,,
174804,1334996,174803,33,174807,50,174809,33,174811,44,174813,651200,174812,0,174812,1,174113,95,174813,0,174814,0,174113,0,174814,0,174814,0,174816,42,174822,15,174823,1100000,174824,1100000,174825,1100000,174826,1100000,174826,0,174827,0,174827,0,174828,0,174812,0,,
174907,1335756,174904,44,174911,22,174914,50,174916,60,174918,716319,174918,0,174917,1,174212,95,174918,0,174919,0,174212,0,174919,0,174920,0,174922,47,174937,14,174938,1100000,174938,1100000,174940,1100000,174944,1200000,174947,0,174948,0,174948,0,174949,0,174917,0,,
175007,1331292,175004,55,175009,55,175011,60,175013,44,175014,897820,175013,0,175013,1,174317,95,175014,0,175015,0,174317,0,175015,0,175015,0,175017,52,175024,23,175024,1300000,175025,1300000,175025,1300000,175026,1300000,175026,0,175027,0,175027,0,175027,0,175013,0,,
175108,1331928,175104,45,175110,40,175113,50,175115,33,175116,895439,175116,0,175115,1,174412,95,175116,0,175117,0,174412,0,175117,0,175117,0,175119,41,175129,15,175130,900000,175131,900000,175131,900000,175132,900000,175132,0,175133,0,175133,0,175134,0,175115,0,,
175206,1332052,175205,45,175208,55,175211,37,175213,33,175214,504900,175214,0,175214,1,174512,95,175215,0,175215,0,174512,0,175215,0,175216,0,175217,44,175224,14,175225,1100000,175226,1100000,175227,1100000,175227,1100000,175228,0,175228,0,175228,0,175228,0,175213,0,,
175307,1332408,175305,44,175309,55,175311,50,175313,22,175314,695970,175314,0,175314,1,174617,95,175315,0,175315,0,174617,0,175316,0,175316,0,175318,43,175325,15,175325,1100000,175326,1100000,175327,1100000,175327,1100000,175328,0,175328,0,175328,0,175329,0,175314,0,,
175408,1332780,175407,33,175411,50,175414,33,175416,40,175418,634920,175417,0,175417,1,174713,95,175418,0,175419,0,174713,0,175419,0,175419,0,175421,39,175431,13,175432,900000,175433,900000,175433,900000,175433,900000,175434,0,175434,0,175435,0,175435,0,175417,0,,
175508,1333168,175506,45,175510,60,175512,25,175514,33,175515,484110,175515,0,175515,1,174813,95,175516,0,175516,0,174813,0,175517,0,175517,0,175518,42,175525,14,175526,1100000,175527,1100000,175527,1100000,175528,1100000,175529,0,175529,0,175529,0,175530,0,175515,0,,
175608,1333556,175607,44,175610,40,175611,30,175613,30,175614,586080,175614,0,175614,1,174918,95,175615,0,175615,0,174919,0,175616,0,175616,0,175617,34,175623,12,175623,1100000,175624,1100000,175624,1100000,175625,1100000,175625,0,175625,0,175626,0,175626,0,175614,0,,
175708,1333680,175707,12,175710,33,175712,30,175714,27,175715,415140,175715,0,175715,1,175014,95,175716,0,175716,0,175014,0,175717,0,175717,0,175718,24,175725,7,175726,1100000,175726,1100000,175726,1100000,175727,1100000,175727,0,175727,0,175728,0,175728,0,175714,0,,
175810,1333896,175808,30,175812,30,175814,40,175816,44,175818,586080,175818,0,175817,1,175116,95,175818,0,175819,0,175116,0,175819,0,175819,0,175821,37,175830,14,175831,1100000,175832,1100000,175832,1100000,175832,1100000,175833,0,175833,0,175833,0,175834,0,175817,0,,
175912,1334408,175909,66,175914,22,175917,40,175919,36,175921,667480,175921,0,175920,1,175215,95,175922,0,175923,0,175215,0,175923,0,175924,0,175926,41,175935,13,175936,1100000,175936,1100000,175937,1100000,175937,1100000,175938,0,175938,0,175938,0,175938,0,175920,0,,
176010,1334656,176009,25,176013,33,176015,60,176017,44,176018,659340,176018,0,176017,1,175315,95,176019,0,176020,0,175315,0,176021,0,176021,0,176022,42,176031,15,176032,1100000,176032,1100000,176032,1100000,176033,1100000,176033,0,176033,0,176034,0,176034,0,176017,0,,
176111,1335028,176109,25,176113,45,176115,30,176117,45,176118,590150,176118,0,176118,1,175418,95,176119,0,176119,0,175418,0,176120,0,176120,0,176121,38,176130,13,176131,900000,176131,900000,176132,900000,176132,900000,176133,0,176133,0,176134,0,176134,0,176118,0,,
176211,1335384,176210,50,176213,40,176215,55,176218,25,176219,504900,176219,0,176219,1,175516,95,176220,0,176220,0,175516,0,176221,0,176221,0,176223,42,176231,14,176232,1100000,176233,1100000,176233,1100000,176234,1100000,176234,0,176235,0,176235,0,176236,0,176218,0,,
176312,1335756,176311,44,176314,36,176316,50,176318,33,176319,663410,176319,0,176319,1,175615,95,176319,0,176320,0,175615,0,176321,0,176321,0,176322,42,176331,15,176332,1100000,176332,1100000,176333,1100000,176333,1100000,176333,0,176334,0,176334,0,176334,0,176318,0,,
176413,1331168,176412,50,176414,33,176416,75,176417,77,176418,956449,176418,0,176418,1,175716,95,176418,0,176419,0,175716,0,176419,0,176419,0,176420,56,176428,24,176429,1500000,176429,1500000,176429,1500000,176429,1500000,176430,0,176430,0,176430,0,176431,0,176418,0,,
176515,1331416,176513,30,176518,41,176520,40,176523,10,176526,816750,176525,0,176524,1,175818,95,176527,0,176528,0,175818,0,176529,0,176530,0,176533,36,176543,12,176544,900000,176545,900000,176546,900000,176547,900000,176547,0,176548,0,176548,0,176548,0,176524,0,,
176616,1331788,176614,22,176618,40,176620,63,176622,30,176623,460350,176623,0,176623,1,175922,95,176624,0,176625,0,175922,0,176625,0,176625,0,176627,36,176633,10,176634,1100000,176634,1100000,176634,1100000,176635,1100000,176635,0,176636,0,176636,0,176636,0,176622,0,,
176715,1332036,176714,22,176717,36,176719,37,176721,30,176723,508750,176723,0,176722,1,176019,95,176723,0,176724,0,176019,0,176724,0,176725,0,176726,30,176733,11,176733,1100000,176734,1100000,176734,1100000,176735,1100000,176735,0,176735,0,176736,0,176736,0,176722,0,,
176816,1332176,176815,11,176819,0,176822,40,176824,20,176825,288970,176825,0,176824,1,176119,95,176826,0,176827,0,176119,0,176827,0,176827,0,176829,16,176836,5,176837,900000,176838,900000,176838,900000,176839,900000,176839,0,176839,0,176840,0,176840,0,176824,0,,
176916,1332408,176915,0,176918,27,176920,54,176922,20,176923,299970,176923,0,176923,1,176220,95,176924,0,176924,0,176220,0,176925,0,176925,0,176927,30,176932,9,176933,1100000,176933,1100000,176934,1100000,176934,1100000,176934,0,176935,0,176935,0,176935,0,176922,0,,
177017,1332532,177015,22,177018,36,177020,30,177022,22,177023,447700,177023,0,177023,1,176320,95,177024,0,177024,0,176320,0,177025,0,177025,0,177026,27,177032,9,177032,1100000,177033,1100000,177033,1100000,177034,1100000,177034,0,177034,0,177035,0,177035,0,177023,0,,
177117,1332780,177116,36,177119,36,177121,60,177123,12,177124,586080,177124,0,177124,1,176418,95,177125,0,177126,0,176419,0,177126,0,177126,0,177128,37,177134,10,177134,1100000,177135,1100000,177135,1100000,177136,1100000,177136,0,177136,0,177137,0,177137,0,177123,0,,
177218,1333152,177217,12,177220,11,177222,54,177224,33,177228,447700,177228,0,177227,1,176527,95,177229,0,177230,0,176527,0,177230,0,177231,0,177232,30,177238,10,177239,1100000,177239,1100000,177239,1100000,177240,1100000,177240,0,177241,0,177241,0,177242,0,177227,0,,
177319,1333400,177318,40,177323,33,177326,54,177331,30,177333,638990,177333,0,177332,1,176624,95,177334,0,177336,0,176624,0,177337,0,177337,0,177341,44,177351,14,177352,900000,177353,900000,177353,900000,177354,900000,177354,0,177355,0,177355,0,177355,0,177331,0,,
177419,1333756,177418,40,177421,33,177423,72,177425,40,177427,549450,177426,0,177426,1,176723,95,177427,0,177428,0,176723,0,177429,0,177429,0,177431,41,177438,17,177438,1200000,177439,1200000,177439,1200000,177440,1200000,177441,0,177441,0,177442,0,177443,0,177425,0,,
177519,1334128,177518,54,177522,36,177523,44,177526,30,177528,767520,177528,0,177527,1,176826,95,177529,0,177530,0,176826,0,177530,0,177531,0,177533,41,177539,15,177539,1100000,177540,1100000,177540,1100000,177540,1100000,177541,0,177541,0,177542,0,177542,0,177527,0,,
177622,1334376,177620,50,177623,33,177625,25,177628,30,177630,561660,177630,0,177629,1,176924,95,177630,0,177631,0,176924,0,177632,0,177632,0,177633,40,177640,13,177641,1100000,177642,1100000,177642,1100000,177643,1100000,177644,0,177644,0,177645,0,177646,0,177629,0,,
177721,1334624,177720,66,177723,30,177725,14,177728,33,177729,582010,177729,0,177728,1,177024,95,177730,0,177731,0,177024,0,177732,0,177732,0,177734,39,177740,12,177741,1100000,177742,1100000,177742,1100000,177743,1100000,177743,0,177744,0,177745,0,177746,0,177728,0,,
177824,1335136,177822,62,177827,33,177831,22,177834,40,177836,638990,177835,0,177834,1,177125,95,177838,0,177839,0,177125,0,177840,0,177840,0,177847,41,177866,14,177867,900000,177870,900000,177872,900000,177873,900000,177873,0,177874,0,177876,0,177877,0,177834,0,,
177922,1332904,177921,70,177924,60,177926,77,177928,80,177929,852390,177929,0,177928,1,177229,95,177930,0,177931,0,177229,0,177931,0,177932,0,177933,70,177939,25,177940,1100000,177941,1100000,177941,1100000,177941,1100000,177942,0,177942,0,177943,0,177943,0,177928,0,,
178022,1332904,178021,50,178024,58,178026,25,178029,36,178030,687829,178030,0,178029,1,177334,95,178030,0,178031,0,177335,0,178031,0,178032,0,178033,41,178039,13,178039,1100000,178040,1100000,178040,1100000,178040,1100000,178041,0,178041,0,178041,0,178042,0,178029,0,,
178123,1332904,178122,40,178126,44,178129,33,178132,33,178134,610500,178133,0,178133,1,177427,95,178134,0,178135,0,177428,0,178135,0,178136,0,178138,39,178148,13,178148,1100000,178149,1100000,178149,1100000,178150,1100000,178150,0,178151,0,178151,0,178151,0,178133,0,,
178222,1333416,178221,55,178224,90,178226,37,178229,50,178230,944240,178230,0,178229,1,177529,95,178231,0,178231,0,177529,0,178231,0,178232,0,178233,59,178240,24,178240,1500000,178241,1500000,178241,1500000,178242,1500000,178242,0,178242,0,178243,0,178243,0,178229,0,,
178323,1333944,178322,50,178325,44,178328,22,178330,63,178332,1208250,178332,0,178331,1,177630,95,178332,0,178333,0,177631,0,178333,0,178333,0,178335,45,178340,20,178341,1100000,178341,1100000,178342,1100000,178342,1100000,178343,0,178343,0,178344,0,178344,0,178331,0,,
178426,1334068,178424,33,178431,44,178433,44,178435,50,178437,695970,178436,0,178436,1,177730,95,178437,0,178438,0,177730,0,178439,0,178439,0,178441,45,178449,12,178449,1100000,178450,1100000,178450,1100000,178451,1100000,178451,0,178452,0,178452,0,178452,0,178435,0,,
178525,1334548,178524,44,178527,44,178529,33,178531,12,178532,541310,178532,0,178532,1,177838,95,178533,0,178534,0,177839,0,178534,0,178534,0,178536,33,178543,11,178543,1100000,178544,1100000,178544,1100000,178545,1100000,178546,0,178546,0,178547,0,178547,0,178531,0,,
178626,1334796,178624,0,178628,45,178631,25,178633,0,178635,284900,178635,0,178634,1,177930,95,178635,0,178636,0,177930,0,178637,0,178637,0,178639,19,178645,6,178646,900000,178647,900000,178647,900000,178647,900000,178648,0,178648,0,178649,0,178649,0,178634,0,,
178726,1335168,178725,0,178728,40,178730,33,178732,0,178733,216810,178733,0,178733,1,178031,95,178734,0,178734,0,178031,0,178735,0,178735,0,178737,20,178743,5,178743,1100000,178744,1100000,178745,1100000,178745,1100000,178746,0,178746,0,178746,0,178747,0,178733,0,,
178826,1335540,178825,0,178828,44,178830,22,178832,12,178833,317460,178833,0,178833,1,178134,95,178834,0,178834,0,178134,0,178835,0,178835,0,178836,20,178842,7,178843,1100000,178843,1100000,178843,1100000,178844,1100000,178844,0,178844,0,178845,0,178845,0,178833,0,,
178930,1335680,178928,11,178934,30,178938,22,178941,36,178943,402930,178943,0,178942,1,178231,95,178944,0,178945,0,178231,0,178946,0,178946,0,178948,25,178956,6,178957,900000,178957,900000,178958,900000,178958,900000,178959,0,178959,0,178959,0,178960,0,178942,0,,
179027,1336036,179026,30,179030,12,179032,55,179034,25,179035,362340,179035,0,179034,1,178332,95,179036,0,179036,0,178332,0,179037,0,179037,0,179038,33,179045,11,179045,1100000,179046,1100000,179046,1100000,179046,1100000,179047,0,179047,0,179048,0,179048,0,179034,0,,
179128,1336408,179127,45,179130,18,179132,44,179134,11,179136,480260,179135,0,179135,1,178437,95,179136,0,179137,0,178438,0,179137,0,179137,0,179139,26,179144,9,179145,1100000,179146,1100000,179146,1100000,179146,1100000,179147,0,179147,0,179147,0,179148,0,179135,0,,
179230,1336656,179228,22,179233,20,179235,22,179238,30,179239,382580,179239,0,179239,1,178533,95,179240,0,179241,0,178533,0,179241,0,179241,0,179243,27,179253,8,179254,900000,179254,900000,179255,900000,179255,900000,179256,0,179256,0,179256,0,179257,0,179238,0,,
179329,1333200,179327,50,179333,45,179335,70,179337,80,179338,727650,179338,0,179338,1,178636,95,179339,0,179339,0,178636,0,179340,0,179340,0,179342,64,179348,24,179349,1100000,179349,1100000,179349,1100000,179350,1100000,179350,0,179351,0,179351,0,179352,0,179337,0,,
179429,1332952,179428,36,179431,22,179433,55,179434,60,179435,704110,179435,0,179435,1,178734,95,179436,0,179436,0,178734,0,179436,0,179437,0,179438,35,179443,15,179444,1100000,179444,1100000,179444,1100000,179445,1100000,179445,0,179446,0,179446,0,179446,0,179435,0,,
179533,1332952,179531,10,179537,0,179543,10,179546,41,179547,248269,179547,0,179546,1,178834,95,179548,0,179549,0,178834,0,179550,0,179550,0,179553,33,179558,8,179559,1100000,179560,1100000,179560,1100000,179561,1100000,179561,0,179562,0,179562,0,179563,0,179546,0,,
179631,1333184,179630,44,179633,40,179636,44,179638,40,179639,683760,179639,0,179638,1,178944,95,179640,0,179641,0,178944,0,179641,0,179642,0,179643,30,179652,11,179653,1100000,179654,1100000,179654,1100000,179655,1100000,179655,0,179656,0,179656,0,179657,0,179638,0,,
179732,1333308,179730,50,179734,25,179736,25,179738,50,179739,610500,179739,0,179738,1,179036,95,179740,0,179740,0,179036,0,179741,0,179741,0,179743,41,179754,13,179755,900000,179755,900000,179755,900000,179756,900000,179756,0,179757,0,179757,0,179757,0,179738,0,,
179832,1333648,179831,44,179835,63,179838,33,179840,25,179841,490050,179841,0,179840,1,179136,95,179842,0,179842,0,179136,0,179843,0,179843,0,179844,41,179852,13,179853,1100000,179854,1100000,179854,1100000,179854,1100000,179855,0,179855,0,179855,0,179856,0,179840,0,,
179933,1333648,179932,25,179936,33,179938,60,179940,33,179941,614569,179941,0,179941,1,179240,95,179942,0,179943,0,179240,0,179943,0,179943,0,179945,40,179953,13,179954,1100000,179954,1100000,179954,1100000,179955,1100000,179955,0,179956,0,179956,0,179956,0,179941,0,,
180035,1332672,180033,33,180038,33,180041,44,180044,54,180046,667480,180046,0,180045,1,179339,95,180047,0,180048,0,179339,0,180049,0,180050,0,180053,47,180061,15,180062,900000,180063,900000,180064,900000,180065,900000,180066,0,180067,0,180068,0,180068,0,180044,0,,
180135,1333168,180134,37,180138,44,180140,50,180142,37,180143,498960,180143,0,180142,1,179436,95,180143,0,180144,0,179436,0,180144,0,180144,0,180147,27,180154,9,180155,1100000,180155,1100000,180156,1100000,180157,1100000,180157,0,180158,0,180158,0,180158,0,180142,0,,
180235,1333664,180233,37,180237,14,180239,50,180241,37,180242,561660,180242,0,180242,1,179548,95,180243,0,180243,0,179548,0,180243,0,180244,0,180245,36,180254,12,180254,1100000,180255,1100000,180255,1100000,180256,1100000,180256,0,180256,0,180257,0,180257,0,180242,0,,
180337,1334176,180335,33,180341,22,180345,33,180354,70,180357,643060,180357,0,180356,1,179640,95,180358,0,180359,0,179640,0,180359,0,180360,0,180363,48,180374,12,180376,1100000,180376,1100000,180377,1100000,180377,1100000,180378,0,180378,0,180378,0,180379,0,180356,0,,
180436,1334780,180435,50,180438,28,180441,55,180443,44,180444,720390,180444,0,180443,1,179740,95,180444,0,180445,0,179740,0,180446,0,180448,0,180451,37,180457,15,180458,1100000,180458,1100000,180459,1100000,180459,1100000,180459,0,180460,0,180460,0,180460,0,180443,0,,
180536,1335044,180535,25,180538,40,180541,45,180543,45,180544,630850,180543,0,180543,1,179842,95,180544,0,180544,0,179842,0,180545,0,180545,0,180547,38,180555,12,180556,1100000,180556,1100000,180556,1100000,180557,1100000,180557,0,180557,0,180558,0,180558,0,180543,0,,
180641,1335664,180639,25,180644,45,180647,50,180650,37,180652,638990,180652,0,180651,1,179942,95,180653,0,180654,0,179942,0,180655,0,180656,0,180660,46,180670,13,180671,1100000,180671,1100000,180672,1100000,180672,1100000,180672,0,180673,0,180673,0,180673,0,180650,0,,
180740,1336036,180739,44,180742,44,180744,37,180746,33,180748,643060,180748,0,180747,1,180048,95,180749,0,180750,0,180048,0,180750,0,180751,0,180753,42,180761,14,180761,1200000,180762,1200000,180763,1200000,180765,1200000,180766,0,180766,0,180767,0,180767,0,180747,0,,
180839,1332548,180838,66,180841,50,180843,50,180845,40,180846,964080,180846,0,180845,1,180143,95,180847,0,180848,0,180143,0,180848,0,180849,0,180850,44,180856,21,180857,1200000,180857,1200000,180858,1200000,180858,1200000,180858,0,180859,0,180859,0,180859,0,180845,0,,
180940,1332920,180939,0,180942,45,180944,33,180949,37,180951,538199,180951,0,180950,1,180243,95,180951,0,180952,0,180243,0,180952,0,180953,0,180954,31,180960,9,180961,1100000,180961,1100000,180962,1100000,180962,1100000,180963,0,180964,0,180964,0,180965,0,180950,0,,
181040,1333168,181039,14,181042,25,181044,44,181049,50,181051,541310,181051,0,181050,1,180358,95,181051,0,181052,0,180358,0,181052,0,181052,0,181054,32,181059,12,181060,1100000,181060,1100000,181060,1100000,181061,1100000,181061,0,181061,0,181062,0,181062,0,181050,0,,
181142,1333292,181140,37,181145,40,181150,30,181155,22,181156,525030,181156,0,181155,1,180444,95,181157,0,181157,0,180445,0,181158,0,181158,0,181159,38,181168,12,181169,1100000,181169,1100000,181169,1100000,181170,1100000,181171,0,181171,0,181172,0,181172,0,181155,0,,
181242,1333540,181241,45,181244,54,181246,55,181249,50,181250,830280,181250,0,181249,1,180544,95,181251,0,181252,0,180544,0,181252,0,181253,0,181254,52,181262,18,181263,1100000,181264,1100000,181265,1100000,181266,1100000,181266,0,181267,0,181267,0,181268,0,181249,0,,
181342,1333788,181341,44,181344,36,181346,54,181348,22,181349,634920,181349,0,181348,1,180653,95,181350,0,181351,0,180653,0,181351,0,181352,0,181354,33,181361,12,181361,900000,181362,900000,181362,900000,181363,900000,181363,0,181364,0,181364,0,181364,0,181348,0,,
181443,1333912,181441,22,181445,27,181448,33,181450,11,181452,276210,181451,0,181451,1,180749,95,181452,0,181453,0,180749,0,181453,0,181453,0,181455,25,181461,7,181461,1100000,181462,1100000,181462,1100000,181462,1100000,181463,0,181463,0,181463,0,181464,0,181451,0,,
181543,1334160,181542,22,181545,40,181550,50,181553,41,181554,622710,181554,0,181553,1,180847,95,181554,0,181555,0,180847,0,181555,0,181555,0,181557,38,181562,13,181563,1300000,181566,1300000,181567,1300000,181568,1300000,181568,0,181568,0,181568,0,181569,0,181553,0,,
181645,1334548,181643,33,181648,20,181651,50,181654,33,181656,724880,181656,0,181655,1,180951,95,181656,0,181657,0,180952,0,181658,0,181658,0,181660,38,181670,14,181671,900000,181672,900000,181672,900000,181673,900000,181674,0,181675,0,181675,0,181676,0,181655,0,,
181744,1334780,181743,50,181746,33,181753,66,181755,50,181756,591030,181756,0,181755,1,181051,95,181757,0,181758,0,181051,0,181758,0,181758,0,181760,46,181769,17,181770,1100000,181771,1100000,181771,1100000,181771,1100000,181772,0,181772,0,181772,0,181773,0,181755,0,,
181845,1335152,181844,30,181847,22,181850,28,181852,33,181854,459910,181853,0,181853,1,181157,95,181854,0,181856,0,181157,0,181856,0,181856,0,181858,34,181864,11,181864,1100000,181865,1100000,181866,1100000,181867,1100000,181867,0,181868,0,181869,0,181869,0,181852,0,,
181945,1335524,181944,28,181948,45,181951,54,181953,50,181955,720390,181954,0,181954,1,181251,95,181956,0,181958,0,181251,0,181958,0,181958,0,181960,45,181968,15,181968,1100000,181969,1100000,181970,1100000,181971,1100000,181971,0,181971,0,181972,0,181972,0,181953,0,,
182048,1335896,182044,40,182052,44,182055,53,182057,50,182059,761090,182058,0,182058,1,181350,95,182059,0,182060,0,181350,0,182061,0,182061,0,182062,48,182072,20,182072,1100000,182073,1100000,182073,1100000,182074,1100000,182074,0,182074,0,182075,0,182075,0,182058,0,,
182150,1336020,182147,45,182154,60,182157,70,182159,37,182162,862840,182161,0,182160,1,181452,95,182163,0,182165,0,181452,0,182167,0,182167,0,182170,52,182179,16,182180,900000,182181,900000,182182,900000,182183,900000,182184,0,182185,0,182187,0,182187,0,182160,0,,
182251,1336748,182249,75,182257,55,182259,63,182265,55,182267,736560,182266,0,182266,1,181554,95,182267,0,182269,0,181554,0,182269,0,182269,0,182273,65,182279,22,182282,1400000,182283,1400000,182284,1400000,182284,1400000,182285,0,182285,0,182286,0,182286,0,182266,0,,
182355,1332656,182354,50,182358,50,182360,44,182362,37,182363,1089620,182363,0,182363,1,181656,95,182364,0,182368,0,181657,0,182369,0,182369,0,182372,48,182378,21,182379,1100000,182379,1100000,182380,1100000,182380,1100000,182381,0,182381,0,182382,0,182383,0,182362,0,,
182452,1332780,182449,45,182459,44,182462,33,182465,45,182468,679690,182467,0,182466,1,181757,95,182469,0,182471,0,181757,0,182472,0,182472,0,182474,43,182484,14,182485,1200000,182486,1200000,182486,1200000,182487,1200000,182487,0,182488,0,182488,0,182488,0,182465,0,,
182552,1332780,182551,66,182555,54,182560,45,182563,33,182564,926640,182564,0,182563,1,181855,95,182564,0,182565,0,181855,0,182566,0,182566,0,182567,43,182574,16,182578,1100000,182578,1100000,182579,1100000,182579,1100000,182579,0,182580,0,182580,0,182580,0,182563,0,,
182653,1333028,182650,36,182655,54,182658,33,182660,30,182662,622709,182661,0,182661,1,181956,95,182662,0,182663,0,181957,0,182663,0,182663,0,182665,40,182676,14,182677,1100000,182678,1100000,182678,1100000,182679,1100000,182679,0,182680,0,182680,0,182680,0,182661,0,,
182752,1333556,182751,14,182755,70,182759,55,182761,44,182762,744810,182762,0,182762,1,182059,95,182763,0,182764,0,182060,0,182764,0,182764,0,182766,47,182773,17,182774,1100000,182774,1100000,182774,1100000,182775,1100000,182775,0,182775,0,182776,0,182776,0,182761,0,,
182854,1333648,182853,40,182856,45,182859,40,182861,33,182862,643060,182862,0,182862,1,182163,95,182863,0,182863,0,182164,0,182863,0,182864,0,182865,38,182873,14,182873,1100000,182874,1100000,182874,1100000,182874,1100000,182875,0,182876,0,182876,0,182877,0,182861,0,,
182955,1334020,182953,30,182957,44,182959,22,182962,36,182963,537240,182963,0,182962,1,182268,95,182963,0,182964,0,182268,0,182964,0,182964,0,182966,31,182975,11,182976,900000,182976,900000,182977,900000,182977,900000,182977,0,182978,0,182978,0,182979,0,182962,0,,
183054,1334268,183053,25,183057,36,183059,12,183061,37,183062,326700,183062,0,183061,1,182367,95,183062,0,183063,0,182368,0,183063,0,183063,0,183065,28,183073,9,183073,1100000,183074,1100000,183075,1100000,183075,1100000,183076,0,183076,0,183076,0,183076,0,183061,0,,
183155,1334640,183154,22,183157,22,183159,11,183161,36,183163,370370,183163,0,183162,1,182469,95,183163,0,183163,0,182470,0,183164,0,183164,0,183165,26,183173,9,183173,1100000,183174,1100000,183174,1100000,183174,1100000,183175,0,183175,0,183176,0,183176,0,183162,0,,
183263,1334888,183261,0,183269,20,183273,45,183279,36,183281,411070,183280,0,183280,1,182564,95,183281,0,183282,0,182564,0,183283,0,183283,0,183285,27,183296,6,183297,900000,183298,900000,183298,900000,183299,900000,183299,0,183299,0,183300,0,183300,0,183279,0,,
183357,1335260,183356,33,183359,70,183362,14,183364,28,183366,430650,183365,0,183365,1,182662,95,183366,0,183371,0,182662,0,183372,0,183372,0,183374,41,183380,13,183381,1100000,183382,1100000,183382,1100000,183382,1100000,183383,0,183384,0,183384,0,183385,0,183365,0,,
183457,1335756,183456,28,183459,55,183461,33,183463,40,183464,634920,183464,0,183464,1,182763,95,183465,0,183466,0,182763,0,183466,0,183467,0,183469,38,183475,13,183476,1100000,183476,1100000,183477,1100000,183477,1100000,183477,0,183478,0,183478,0,183478,0,183464,0,,
183560,1336128,183558,22,183564,58,183568,50,183572,36,183574,675619,183574,0,183573,1,182863,95,183575,0,183576,0,182863,0,183577,0,183577,0,183579,47,183592,14,183593,900000,183593,900000,183594,900000,183594,900000,183595,0,183595,0,183596,0,183596,0,183572,0,,
183659,1336376,183657,63,183662,54,183664,33,183666,50,183668,594000,183667,0,183667,1,182963,95,183668,0,183669,0,182963,0,183670,0,183671,0,183674,50,183682,15,183683,1100000,183683,1100000,183684,1100000,183685,1100000,183686,0,183687,0,183687,0,183688,0,183667,0,,
183758,1332656,183757,55,183760,44,183762,80,183764,55,183765,952380,183764,0,183764,1,183062,95,183765,0,183766,0,183063,0,183766,0,183766,0,183768,51,183776,23,183776,1500000,183776,1500000,183777,1500000,183777,1500000,183777,0,183778,0,183778,0,183778,0,183764,0,,
183859,1332656,183858,0,183862,40,183865,33,183868,22,183872,641250,183871,0,183870,1,183163,95,183873,0,183874,0,183163,0,183875,0,183875,0,183879,34,183892,14,183893,900000,183894,900000,183895,900000,183895,900000,183896,0,183896,0,183896,0,183897,0,183868,0,,
183961,1332904,183959,55,183964,61,183972,55,183975,50,183976,656370,183976,0,183975,1,183281,95,183977,0,183978,0,183282,0,183979,0,183980,0,183982,56,183995,16,183995,900000,183996,900000,183996,900000,183997,900000,183997,0,183998,0,183998,0,183998,0,183975,0,,
184060,1333276,184058,44,184062,66,184064,33,184069,25,184071,498960,184071,0,184070,1,183367,95,184075,0,184076,0,183370,0,184076,0,184076,0,184078,42,184084,14,184085,1100000,184086,1100000,184086,1100000,184087,1100000,184088,0,184088,0,184089,0,184089,0,184069,0,,
184161,1333524,184160,22,184164,50,184167,33,184170,40,184171,590150,184171,0,184170,1,183465,95,184172,0,184174,0,183465,0,184175,0,184175,0,184177,38,184185,13,184186,1100000,184186,1100000,184187,1100000,184188,1100000,184188,0,184189,0,184189,0,184189,0,184170,0,,
184263,1333648,184262,60,184266,40,184271,41,184275,61,184276,822140,184276,0,184275,1,183575,95,184277,0,184278,0,183576,0,184278,0,184279,0,184281,48,184291,17,184292,1100000,184292,1100000,184293,1100000,184293,1100000,184293,0,184294,0,184294,0,184294,0,184275,0,,
184362,1333896,184361,44,184365,50,184371,63,184374,50,184376,842490,184376,0,184375,1,183669,95,184377,0,184378,0,183669,0,184379,0,184379,0,184381,52,184389,18,184390,1100000,184391,1100000,184391,1300000,184392,1300000,184392,0,184392,0,184393,0,184393,0,184375,0,,
184463,1334516,184461,44,184466,33,184470,60,184473,45,184475,873040,184475,0,184474,1,183765,95,184476,0,184478,0,183765,0,184478,0,184478,0,184481,45,184492,17,184493,900000,184494,900000,184494,900000,184495,900000,184495,0,184496,0,184496,0,184497,0,184474,0,,
184564,1334640,184563,41,184570,58,184573,63,184577,33,184579,579150,184578,0,184578,1,183873,95,184579,0,184581,0,183873,0,184582,0,184582,0,184584,53,184597,13,184598,900000,184599,900000,184599,900000,184599,900000,184600,0,184601,0,184601,0,184602,0,184577,0,,
184666,1335028,184664,66,184670,54,184673,45,184677,61,184679,671220,184679,0,184678,1,183977,95,184680,0,184681,0,183978,0,184682,0,184682,0,184685,56,184696,15,184697,900000,184697,900000,184698,900000,184698,900000,184699,0,184699,0,184699,0,184700,0,184678,0,,
184768,1335276,184766,22,184772,53,184776,36,184778,50,184780,478170,184780,0,184779,1,184075,95,184781,0,184782,0,184075,0,184783,0,184785,0,184787,38,184797,10,184798,900000,184798,900000,184799,900000,184799,900000,184800,0,184800,0,184801,0,184802,0,184779,0,,
184871,1335632,184868,36,184874,50,184877,25,184880,33,184882,427680,184882,0,184881,1,184172,95,184883,0,184885,0,184173,0,184886,0,184887,0,184889,40,184899,10,184900,900000,184901,900000,184902,900000,184902,900000,184903,0,184904,0,184904,0,184905,0,184881,0,,
184917,1335880,184915,66,184919,33,184922,25,184925,60,184926,546480,184926,0,184925,1,184277,95,184926,0,184927,0,184278,0,184928,0,184928,0,184930,28,184938,8,184939,900000,184939,900000,184939,900000,184940,900000,184940,0,184941,0,184941,0,184942,0,184925,0,,
185017,1336128,185016,50,185019,33,185021,20,185024,30,185025,395010,185025,0,185024,1,184378,95,185026,0,185026,0,184378,0,185027,0,185027,0,185032,34,185039,9,185039,900000,185040,900000,185040,900000,185041,900000,185041,0,185042,0,185042,0,185042,0,185024,0,,
185116,1336748,185115,40,185118,54,185120,22,185122,70,185123,552420,185123,0,185122,1,184477,95,185123,0,185124,0,184477,0,185124,0,185124,0,185126,47,185136,16,185137,1500000,185138,1500000,185139,1500000,185139,1500000,185140,0,185140,0,185141,0,185141,0,185122,0,,
185217,1332656,185216,33,185219,40,185224,0,185226,44,185227,789750,185227,0,185227,1,184580,95,185228,0,185228,0,184580,0,185229,0,185229,0,185230,32,185236,14,185237,1200000,185237,1200000,185241,1200000,185241,1200000,185242,0,185242,0,185243,0,185243,0,185227,0,,
185317,1332780,185316,33,185320,55,185322,25,185324,40,185325,716040,185325,0,185325,1,184680,95,185326,0,185326,0,184680,0,185327,0,185330,0,185331,38,185339,13,185340,1100000,185340,1100000,185341,1100000,185341,1100000,185341,0,185342,0,185342,0,185342,0,185325,0,,
185418,1333028,185417,22,185420,60,185424,12,185426,33,185428,516890,185427,0,185427,1,184782,95,185428,0,185428,0,184782,0,185429,0,185429,0,185431,32,185441,12,185442,1100000,185443,1100000,185443,1100000,185443,1100000,185444,0,185444,0,185444,0,185444,0,185427,0,,
185519,1333152,185517,25,185521,60,185524,40,185526,33,185527,643060,185527,0,185527,1,184884,95,185528,0,185529,0,184884,0,185529,0,185529,0,185531,41,185539,17,185540,1100000,185541,1100000,185542,1100000,185543,1100000,185543,0,185544,0,185544,0,185545,0,185526,0,,
185619,1333540,185618,44,185622,44,185626,25,185628,50,185629,663410,185629,0,185629,1,184927,95,185630,0,185631,0,184927,0,185632,0,185632,0,185634,41,185645,13,185646,900000,185646,900000,185647,900000,185647,900000,185648,0,185648,0,185648,0,185649,0,185628,0,,
185720,1333804,185718,50,185722,50,185725,40,185727,60,185728,594000,185728,0,185727,1,185026,95,185728,0,185729,0,185026,0,185729,0,185729,0,185731,46,185739,17,185739,1100000,185740,1100000,185741,1100000,185742,1100000,185742,0,185743,0,185743,0,185743,0,185727,0,,
185821,1332780,185819,25,185824,16,185827,25,185829,58,185830,504679,185829,0,185829,1,185123,95,185830,0,185831,0,185123,0,185831,0,185831,0,185833,40,185842,11,185843,1100000,185844,1100000,185844,1100000,185844,1100000,185845,0,185845,0,185845,0,185846,0,185829,0,,
185925,1333260,185920,66,185928,25,185931,36,185934,30,185935,638990,185935,0,185934,1,185228,95,185936,0,185937,0,185228,0,185938,0,185939,0,185942,43,185950,15,185950,1100000,185951,1100000,185951,1100000,185952,1100000,185953,0,185953,0,185954,0,185955,0,185934,0,,
186021,1333756,186020,60,186024,54,186026,37,186029,37,186030,765160,186030,0,186029,1,185326,95,186031,0,186031,0,185326,0,186032,0,186032,0,186034,47,186043,17,186043,1500000,186044,1500000,186044,1500000,186044,1500000,186044,0,186045,0,186045,0,186046,0,186029,0,,
186122,1334252,186121,55,186125,40,186127,25,186129,25,186130,978750,186130,0,186130,1,185428,95,186131,0,186131,0,185428,0,186132,0,186132,0,186133,34,186145,15,186146,900000,186146,900000,186147,900000,186147,900000,186147,0,186148,0,186148,0,186149,0,186129,0,,
186224,1334748,186223,60,186226,60,186228,33,186231,45,186232,588060,186232,0,186231,1,185528,95,186232,0,186233,0,185528,0,186233,0,186233,0,186235,48,186244,16,186244,1100000,186245,1100000,186245,1100000,186246,1100000,186246,0,186246,0,186247,0,186247,0,186231,0,,
186324,1335120,186322,44,186327,50,186329,55,186331,45,186332,789580,186332,0,186331,1,185630,95,186332,0,186333,0,185630,0,186333,0,186333,0,186335,47,186345,17,186345,1100000,186346,1100000,186346,1100000,186347,1100000,186347,0,186347,0,186347,0,186348,0,186331,0,,
186428,1335492,186424,44,186431,54,186433,33,186435,54,186436,752950,186436,0,186435,1,185728,95,186439,0,186441,0,185728,0,186441,0,186441,0,186443,47,186449,15,186450,1100000,186451,1100000,186451,1100000,186451,1100000,186452,0,186452,0,186452,0,186453,0,186435,0,,
186524,1335740,186523,44,186527,25,186529,25,186531,50,186532,586080,186532,0,186531,1,185830,95,186532,0,186533,0,185830,0,186533,0,186533,0,186535,38,186545,13,186546,1100000,186547,1100000,186547,1100000,186547,1100000,186548,0,186548,0,186548,0,186549,0,186531,0,,
186625,1331804,186623,40,186627,50,186630,22,186632,55,186634,679690,186633,0,186633,1,185936,95,186634,0,186635,0,185937,0,186635,0,186636,0,186638,40,186644,14,186645,900000,186646,900000,186646,900000,186647,900000,186647,0,186648,0,186648,0,186648,0,186633,0,,
186725,1332052,186724,25,186728,11,186730,20,186732,44,186734,297000,186734,0,186733,1,186031,95,186734,0,186735,0,186031,0,186736,0,186736,0,186738,25,186745,8,186746,1100000,186746,1100000,186746,1100000,186747,1100000,186747,0,186747,0,186748,0,186748,0,186733,0,,
186825,1332408,186824,33,186828,38,186830,33,186832,45,186833,606430,186833,0,186832,1,186131,95,186833,0,186834,0,186131,0,186834,0,186834,0,186836,37,186843,13,186844,1100000,186844,1100000,186845,1100000,186845,1100000,186845,0,186846,0,186846,0,186846,0,186832,0,,
186926,1332532,186925,27,186928,0,186930,18,186932,22,186933,272690,186933,0,186932,1,186232,95,186934,0,186934,0,186233,0,186935,0,186935,0,186937,17,186944,6,186945,900000,186945,900000,186946,900000,186946,900000,186947,0,186947,0,186948,0,186948,0,186932,0,,
187027,1332780,187026,33,187028,12,187030,45,187032,55,187034,430650,187034,0,187033,1,186333,95,187034,0,187035,0,186333,0,187035,0,187035,0,187037,37,187043,9,187044,1100000,187044,1100000,187045,1100000,187045,1100000,187045,0,187046,0,187046,0,187046,0,187033,0,,
187127,1333152,187126,22,187129,27,187131,22,187133,50,187134,492470,187134,0,187133,1,186440,95,187134,0,187135,0,186440,0,187135,0,187136,0,187137,30,187143,11,187143,1100000,187144,1100000,187144,1100000,187145,1100000,187145,0,187145,0,187146,0,187146,0,187133,0,,
187228,1333540,187227,10,187231,11,187235,20,187239,30,187242,288970,187242,0,187241,1,186532,95,187243,0,187244,0,186532,0,187245,0,187246,0,187249,19,187257,6,187258,900000,187258,900000,187259,900000,187259,900000,187260,0,187260,0,187261,0,187261,0,187240,0,,
187328,1333772,187327,22,187330,20,187332,27,187334,54,187335,365310,187335,0,187334,1,186634,95,187336,0,187337,0,186634,0,187337,0,187337,0,187339,33,187344,10,187345,1100000,187346,1100000,187346,1100000,187346,1100000,187347,0,187347,0,187347,0,187347,0,187334,0,,
187429,1334020,187427,33,187430,40,187432,12,187434,44,187435,525030,187435,0,187435,1,186735,95,187436,0,187436,0,186735,0,187436,0,187436,0,187441,35,187447,14,187448,1100000,187448,1100000,187448,1100000,187449,1100000,187449,0,187449,0,187450,0,187450,0,187434,0,,
187530,1334268,187528,40,187532,54,187534,40,187536,33,187538,679690,187538,0,187537,1,186833,95,187540,0,187541,0,186834,0,187542,0,187543,0,187545,45,187552,12,187554,900000,187555,1100000,187556,1100000,187556,1100000,187557,0,187558,0,187558,0,187559,0,187537,0,,
187629,1334500,187628,44,187631,60,187633,33,187635,25,187636,610940,187636,0,187636,1,186934,95,187637,0,187638,0,186934,0,187638,0,187638,0,187641,36,187648,15,187649,1100000,187650,1100000,187650,1100000,187651,1100000,187651,0,187652,0,187652,0,187653,0,187635,0,,
187730,1334624,187729,37,187732,44,187734,37,187735,22,187737,569800,187736,0,187736,1,187034,95,187737,0,187738,0,187034,0,187738,0,187738,0,187740,34,187746,12,187747,1100000,187747,1100000,187748,1100000,187748,1100000,187748,0,187749,0,187749,0,187749,0,187736,0,,
187831,1335012,187830,33,187833,28,187835,55,187837,36,187838,618640,187838,0,187837,1,187134,95,187839,0,187841,0,187135,0,187842,0,187842,0,187844,43,187850,12,187851,1100000,187851,1100000,187852,1100000,187852,1100000,187853,0,187853,0,187853,0,187853,0,187837,0,,
187931,1335260,187930,33,187933,40,187935,50,187937,25,187938,602360,187938,0,187937,1,187243,95,187938,0,187939,0,187244,0,187940,0,187940,0,187942,37,187948,13,187948,1100000,187949,1100000,187949,1100000,187949,1100000,187950,0,187950,0,187951,0,187951,0,187937,0,,
188032,1336020,188031,10,188034,63,188036,40,188038,22,188039,549450,188039,0,188039,1,187336,95,188040,0,188040,0,187336,0,188041,0,188042,0,188043,33,188052,10,188053,1500000,188053,1500000,188054,1500000,188054,1500000,188055,0,188055,0,188056,0,188056,0,188039,0,,
188133,1332052,188131,30,188135,40,188136,44,188138,11,188140,843750,188139,0,188139,1,187436,95,188140,0,188141,0,187436,0,188142,0,188142,0,188144,32,188149,14,188150,1100000,188151,1100000,188151,1100000,188152,1100000,188152,0,188152,0,188153,0,188153,0,188139,0,,
188233,1332316,188232,44,188235,36,188237,33,188239,20,188240,541310,188240,0,188239,1,187540,95,188241,0,188243,0,187540,0,188243,0,188244,0,188246,35,188252,12,188253,1100000,188253,1100000,188254,1100000,188254,1100000,188254,0,188255,0,188255,0,188255,0,188239,0,,
188334,1332688,188333,60,188337,22,188343,40,188345,36,188347,643060,188346,0,188346,1,187637,95,188347,0,188348,0,187637,0,188348,0,188348,0,188350,40,188356,14,188356,1100000,188357,1100000,188358,1100000,188359,1100000,188360,0,188360,0,188361,0,188361,0,188346,0,,
188434,1332812,188433,37,188436,60,188438,44,188440,25,188442,675620,188442,0,188441,1,187737,95,188443,0,188444,0,187737,0,188444,0,188444,0,188446,41,188452,15,188452,1100000,188453,1100000,188453,1100000,188453,1100000,188454,0,188454,0,188454,0,188455,0,188441,0,,
188534,1333028,188533,36,188536,50,188538,12,188540,40,188542,561660,188542,0,188541,1,187839,95,188543,0,188545,0,187840,0,188546,0,188546,0,188548,35,188555,12,188556,900000,188557,900000,188558,900000,188559,900000,188560,0,188561,0,188562,0,188563,0,188540,0,,
188635,1333292,188634,44,188637,60,188639,22,188641,25,188643,448470,188643,0,188642,1,187939,95,188644,0,188645,0,187939,0,188645,0,188645,0,188647,38,188652,13,188653,1100000,188653,1100000,188654,1100000,188654,1100000,188654,0,188655,0,188655,0,188655,0,188642,0,,
188735,1333556,188734,28,188737,37,188739,50,188742,30,188743,590150,188743,0,188742,1,188040,95,188744,0,188745,0,188040,0,188745,0,188745,0,188747,38,188753,13,188753,1100000,188754,1100000,188754,1100000,188754,1100000,188755,0,188755,0,188755,0,188755,0,188742,0,,
188836,1333896,188835,45,188838,50,188840,25,188844,33,188845,622710,188845,0,188844,1,188140,95,188846,0,188846,0,188140,0,188847,0,188847,0,188848,38,188854,12,188855,1100000,188856,1100000,188856,1100000,188856,1100000,188857,0,188858,0,188858,0,188859,0,188844,0,,
188938,1334144,188937,40,188940,36,188943,54,188945,50,188947,732600,188947,0,188946,1,188241,95,188947,0,188948,0,188242,0,188949,0,188949,0,188951,44,188958,17,188959,1100000,188960,1100000,188961,1100000,188961,1100000,188962,0,188962,0,188963,0,188963,0,188946,0,,
189039,1334408,189038,50,189042,50,189045,50,189048,50,189049,814000,189049,0,189049,1,188347,95,189050,0,189051,0,188347,0,189052,0,189052,0,189054,48,189067,15,189067,900000,189068,900000,189069,900000,189069,900000,189070,0,189070,0,189070,0,189071,0,189048,0,,
189139,1334764,189138,60,189141,28,189144,40,189146,33,189148,478170,189147,0,189147,1,188443,95,189148,0,189149,0,188443,0,189149,0,189149,0,189151,40,189159,14,189159,1100000,189160,1100000,189161,1100000,189161,1100000,189162,0,189162,0,189163,0,189163,0,189147,0,,
189239,1335276,189238,33,189242,45,189244,50,189246,25,189247,622710,189247,0,189247,1,188543,95,189248,0,189248,0,188544,0,189249,0,189249,0,189250,40,189256,14,189257,1100000,189258,1100000,189258,1100000,189259,1100000,189260,0,189261,0,189261,0,189262,0,189247,0,,
189341,1335648,189339,40,189344,54,189347,54,189350,0,189351,602360,189351,0,189350,1,188644,95,189352,0,189352,0,188644,0,189353,0,189353,0,189355,45,189365,12,189366,900000,189366,900000,189367,900000,189367,900000,189368,0,189368,0,189369,0,189369,0,189350,0,,
189442,1335896,189440,60,189445,42,189448,50,189450,36,189452,558360,189451,0,189451,1,188744,95,189452,0,189453,0,188744,0,189453,0,189453,0,189455,45,189465,13,189466,1100000,189466,1100000,189467,1100000,189467,1100000,189468,0,189468,0,189469,0,189469,0,189451,0,,
189543,1332548,189542,57,189545,80,189547,37,189548,44,189550,887260,189549,0,189549,1,188846,95,189550,0,189551,0,188846,0,189552,0,189552,0,189553,58,189560,22,189561,1500000,189562,1500000,189562,1500000,189563,1500000,189563,0,189563,0,189564,0,189564,0,189549,0,,
189642,1332812,189641,40,189644,45,189647,54,189649,36,189650,1181250,189649,0,189649,1,188948,95,189650,0,189651,0,188948,0,189651,0,189652,0,189654,41,189666,18,189667,900000,189668,900000,189668,900000,189668,900000,189669,0,189669,0,189670,0,189670,0,189649,0,,
189742,1333028,189741,40,189745,60,189747,40,189748,53,189750,573210,189749,0,189749,1,189050,95,189751,0,189752,0,189050,0,189753,0,189753,0,189755,51,189764,15,189764,1100000,189765,1100000,189765,1100000,189765,1100000,189766,0,189766,0,189766,0,189767,0,189749,0,,
189843,1333276,189842,45,189846,50,189848,50,189850,45,189851,773300,189851,0,189850,1,189148,95,189851,0,189852,0,189148,0,189852,0,189852,0,189854,45,189862,17,189863,1100000,189863,1100000,189864,1100000,189864,1100000,189864,0,189865,0,189865,0,189865,0,189850,0,,
189944,1333400,189942,40,189948,36,189951,45,189953,41,189955,659340,189955,0,189954,1,189248,95,189955,0,189956,0,189248,0,189957,0,189957,0,189959,38,189968,14,189969,900000,189969,900000,189970,900000,189970,900000,189971,0,189971,0,189972,0,189972,0,189954,0,,
190043,1333524,190042,37,190048,33,190050,55,190052,25,190054,445500,190053,0,190053,1,189352,95,190054,0,190055,0,189352,0,190055,0,190056,0,190057,38,190066,11,190066,1100000,190067,1100000,190067,1100000,190068,1100000,190068,0,190068,0,190068,0,190069,0,190053,0,,
190143,1334160,190142,50,190145,44,190147,80,190149,66,190150,976800,190150,0,190150,1,189452,95,190151,0,190151,0,189452,0,190152,0,190152,0,190153,61,190160,23,190161,1200000,190161,1200000,190162,1200000,190162,1200000,190162,0,190163,0,190163,0,190163,0,190149,0,,
190245,1334408,190243,45,190248,28,190249,28,190251,36,190253,641160,190252,0,190252,1,189551,95,190253,0,190254,0,189551,0,190254,0,190255,0,190256,34,190262,12,190263,1100000,190263,1100000,190264,1100000,190264,1100000,190264,0,190265,0,190265,0,190265,0,190252,0,,
190344,1334764,190343,11,190347,58,190349,27,190351,30,190352,512819,190352,0,190351,1,189650,95,190352,0,190353,0,189650,0,190354,0,190354,0,190355,35,190363,12,190364,1100000,190365,1100000,190365,1100000,190366,1100000,190366,0,190366,0,190367,0,190367,0,190351,0,,
190447,1334764,190445,40,190451,37,190453,40,190456,40,190457,638990,190457,0,190456,1,189751,95,190458,0,190459,0,189751,0,190460,0,190460,0,190463,42,190472,15,190473,900000,190473,900000,190474,900000,190474,900000,190475,0,190475,0,190476,0,190477,0,190456,0,,
190546,1335028,190544,70,190548,40,190551,37,190553,58,190554,608849,190553,0,190553,1,189851,95,190554,0,190555,0,189852,0,190555,0,190555,0,190557,44,190566,15,190566,1100000,190567,1100000,190567,1100000,190568,1100000,190569,0,190569,0,190569,0,190570,0,190553,0,,
190647,1335400,190646,33,190649,22,190651,45,190653,50,190654,610500,190654,0,190653,1,189956,95,190654,0,190655,0,189956,0,190656,0,190656,0,190657,38,190666,13,190666,1100000,190667,1100000,190667,1100000,190667,1100000,190668,0,190668,0,190668,0,190669,0,190653,0,,
190749,1335772,190747,44,190751,30,190753,33,190755,50,190756,638990,190756,0,190755,1,190054,95,190757,0,190757,0,190054,0,190758,0,190758,0,190759,41,190767,14,190768,1100000,190768,1100000,190769,1100000,190769,1100000,190769,0,190770,0,190770,0,190771,0,190755,0,,
190848,1335880,190847,40,190850,25,190853,44,190854,14,190856,500610,190855,0,190855,1,190151,95,190856,0,190856,0,190151,0,190857,0,190857,0,190860,33,190869,10,190869,1100000,190870,1100000,190871,1100000,190871,1100000,190872,0,190872,0,190872,0,190873,0,190855,0,,
190949,1336268,190947,50,190952,12,190954,22,190957,54,190958,561660,190958,0,190957,1,190253,95,190959,0,190960,0,190253,0,190960,0,190960,0,190963,37,190972,10,190973,900000,190974,900000,190974,900000,190975,900000,190975,0,190976,0,190976,0,190977,0,190957,0,,
191047,1332656,191047,22,191049,22,191051,33,191052,100,191053,525690,191053,0,191053,1,190353,95,191053,0,191054,0,190353,0,191054,0,191054,0,191056,45,191061,17,191061,1500000,191062,1500000,191062,1500000,191062,1500000,191063,0,191063,0,191063,0,191063,0,191052,0,,
191149,1332904,191148,20,191151,27,191153,22,191155,33,191157,688500,191157,0,191156,1,190458,95,191157,0,191158,0,190458,0,191158,0,191158,0,191160,24,191168,12,191168,1200000,191169,1200000,191169,1200000,191169,1200000,191170,0,191170,0,191170,0,191171,0,191156,0,,
191249,1332904,191248,30,191251,40,191254,33,191256,58,191258,753480,191258,0,191257,1,190554,95,191258,0,191259,0,190554,0,191261,0,191261,0,191264,43,191272,14,191273,900000,191274,900000,191274,900000,191275,900000,191275,0,191275,0,191276,0,191277,0,191257,0,,
191350,1333152,191348,55,191352,22,191354,60,191356,30,191357,495990,191357,0,191357,1,190655,95,191358,0,191358,0,190655,0,191359,0,191359,0,191360,38,191368,12,191369,1100000,191369,1100000,191370,1100000,191370,1100000,191370,0,191371,0,191371,0,191372,0,191356,0,,
191450,1333276,191449,25,191452,40,191454,50,191456,50,191457,671550,191457,0,191457,1,190757,95,191458,0,191458,0,190757,0,191459,0,191459,0,191460,42,191468,15,191468,1100000,191469,1100000,191469,1100000,191469,1100000,191470,0,191470,0,191471,0,191471,0,191456,0,,
191552,1333540,191550,33,191554,40,191556,45,191559,33,191561,614569,191561,0,191560,1,190856,95,191562,0,191564,0,190856,0,191565,0,191565,0,191568,41,191575,12,191576,900000,191576,900000,191578,900000,191579,900000,191579,0,191581,0,191581,0,191582,0,191559,0,,
191651,1332548,191650,44,191653,45,191655,70,191657,33,191658,570240,191658,0,191658,1,190959,95,191659,0,191659,0,190959,0,191664,0,191664,0,191666,48,191672,15,191672,1100000,191673,1100000,191673,1100000,191674,1100000,191674,0,191674,0,191675,0,191675,0,191658,0,,
191752,1333060,191751,33,191754,40,191756,60,191758,28,191759,655270,191759,0,191759,1,191053,95,191761,0,191762,0,191053,0,191763,0,191763,0,191765,43,191772,15,191772,1100000,191773,1100000,191773,1100000,191774,1100000,191774,0,191774,0,191774,0,191775,0,191758,0,,
191853,1333292,191852,33,191856,36,191858,40,191861,54,191863,663410,191862,0,191861,1,191157,95,191864,0,191865,0,191158,0,191866,0,191867,0,191869,40,191876,15,191877,900000,191879,900000,191880,900000,191881,900000,191882,0,191882,0,191883,0,191884,0,191861,0,,
191953,1333772,191952,45,191955,40,191956,33,191958,50,191959,498960,191959,0,191959,1,191259,95,191961,0,191964,0,191259,0,191965,0,191965,0,191967,43,191976,15,191976,1100000,191977,1100000,191978,1100000,191979,1100000,191979,0,191981,0,191982,0,191982,0,191959,0,,
192053,1334392,192052,60,192055,41,192057,50,192059,37,192061,765160,192060,0,192059,1,191358,95,192061,0,192062,0,191358,0,192063,0,192064,0,192066,48,192073,17,192073,1100000,192074,1100000,192074,1100000,192074,1100000,192075,0,192075,0,192075,0,192076,0,192059,0,,
192155,1334640,192153,60,192157,33,192160,33,192163,50,192165,716319,192164,0,192163,1,191458,95,192165,0,192166,0,191458,0,192167,0,192167,0,192169,43,192175,13,192175,1100000,192176,1100000,192176,1100000,192180,1100000,192181,0,192181,0,192182,0,192182,0,192163,0,,
192254,1335120,192253,40,192257,70,192259,37,192261,40,192263,761089,192262,0,192262,1,191563,95,192263,0,192264,0,191563,0,192265,0,192265,0,192267,45,192273,16,192274,1100000,192274,1100000,192275,1100000,192275,1100000,192276,0,192276,0,192276,0,192277,0,192261,0,,
192356,1335616,192354,22,192358,30,192364,30,192367,44,192369,512820,192368,0,192368,1,191659,95,192369,0,192371,0,191659,0,192371,0,192371,0,192373,33,192384,11,192384,900000,192386,900000,192386,900000,192387,900000,192387,0,192388,0,192388,0,192388,0,192368,0,,
192456,1335972,192455,40,192459,40,192463,45,192466,55,192468,534600,192467,0,192467,1,191762,95,192468,0,192469,0,191762,0,192469,0,192469,0,192472,45,192479,15,192480,1100000,192481,1100000,192482,1100000,192483,1100000,192484,0,192484,0,192485,0,192485,0,192467,0,,
192556,1332640,192555,62,192558,50,192559,44,192561,60,192563,879120,192563,0,192562,1,191864,95,192564,0,192565,0,191864,0,192566,0,192566,0,192568,51,192575,18,192576,1100000,192576,1100000,192577,1100000,192577,1100000,192577,0,192578,0,192578,0,192579,0,192562,0,,
192657,1332764,192656,30,192660,30,192663,11,192665,22,192667,378510,192667,0,192666,1,191961,95,192668,0,192669,0,191961,0,192669,0,192669,0,192671,24,192679,9,192679,900000,192680,900000,192680,900000,192681,900000,192681,0,192682,0,192682,0,192683,0,192666,0,,
192758,1333028,192756,40,192760,22,192762,12,192764,11,192766,252450,192765,0,192765,1,192062,95,192766,0,192767,0,192062,0,192768,0,192768,0,192769,22,192776,6,192777,1100000,192777,1100000,192778,1100000,192778,1100000,192779,0,192779,0,192779,0,192780,0,192765,0,,
192858,1333168,192857,50,192860,22,192863,12,192865,36,192867,488400,192867,0,192866,1,192165,95,192868,0,192869,0,192165,0,192869,0,192869,0,192871,31,192877,11,192878,1100000,192879,1100000,192879,1100000,192880,1100000,192881,0,192882,0,192883,0,192883,0,192866,0,,
192959,1333292,192958,54,192962,36,192965,30,192967,30,192969,610500,192969,0,192968,1,192263,95,192970,0,192971,0,192264,0,192971,0,192971,0,192973,40,192983,14,192984,900000,192984,900000,192985,900000,192986,900000,192987,0,192987,0,192987,0,192988,0,192968,0,,
193059,1333648,193058,44,193061,50,193063,37,193065,33,193067,487080,193067,0,193066,1,192370,95,193067,0,193068,0,192370,0,193068,0,193068,0,193070,38,193075,14,193076,1100000,193077,1100000,193077,1100000,193078,1100000,193078,0,193079,0,193079,0,193080,0,193066,0,,
193159,1334020,193158,50,193162,37,193165,30,193167,25,193169,577940,193168,0,193168,1,192468,95,193169,0,193170,0,192468,0,193170,0,193170,0,193172,40,193177,15,193178,1100000,193178,1100000,193180,1100000,193181,1100000,193182,0,193183,0,193183,0,193184,0,193167,0,,
193261,1334392,193259,50,193265,45,193268,37,193271,45,193273,720390,193272,0,193272,1,192564,95,193273,0,193274,0,192564,0,193274,0,193274,0,193276,41,193287,12,193288,900000,193288,900000,193289,900000,193289,900000,193290,0,193290,0,193291,0,193291,0,193272,0,,
193362,1334516,193360,33,193365,33,193368,37,193371,54,193372,466290,193372,0,193371,1,192668,95,193373,0,193373,0,192668,0,193374,0,193374,0,193376,42,193386,12,193387,1100000,193387,1100000,193388,1100000,193388,1100000,193389,0,193389,0,193389,0,193390,0,193371,0,,
193461,1334888,193460,44,193467,45,193469,22,193471,60,193473,695970,193472,0,193472,1,192767,95,193473,0,193474,0,192767,0,193475,0,193475,0,193477,42,193486,15,193487,1100000,193487,1100000,193488,1100000,193488,1100000,193489,0,193489,0,193490,0,193490,0,193472,0,,
193562,1335260,193561,54,193564,45,193567,40,193569,55,193570,789580,193570,0,193569,1,192868,95,193571,0,193571,0,192868,0,193572,0,193572,0,193574,52,193579,18,193580,1100000,193581,900000,193582,900000,193583,900000,193584,0,193585,0,193586,0,193587,0,193569,0,,
193664,1335616,193662,54,193667,40,193670,45,193673,50,193674,620730,193674,0,193674,1,192970,95,193675,0,193676,0,192970,0,193676,0,193676,0,193678,42,193690,12,193691,1100000,193691,1100000,193691,1100000,193692,1100000,193692,0,193693,0,193693,0,193694,0,193673,0,,
193763,1335864,193762,33,193766,41,193769,60,193771,40,193773,708179,193772,0,193772,1,193067,95,193773,0,193774,0,193067,0,193775,0,193775,0,193777,48,193786,17,193786,1100000,193787,1100000,193788,1100000,193788,1100000,193789,0,193789,0,193789,0,193790,0,193772,0,,
193863,1336144,193862,37,193865,25,193867,55,193869,30,193870,598290,193869,0,193869,1,193169,95,193870,0,193871,0,193169,0,193871,0,193871,0,193872,33,193877,14,193877,1400000,193878,1400000,193878,1400000,193878,1400000,193879,0,193879,0,193879,0,193879,0,193869,0,,
193965,1336764,193963,54,193969,40,193973,54,193975,50,193977,1191960,193977,0,193976,1,193273,95,193978,0,193978,0,193274,0,193979,0,193979,0,193982,53,193989,19,193990,1200000,193990,1200000,193991,1200000,193991,1300000,193992,0,193992,0,193992,0,193992,0,193976,0,,
194065,1332424,194064,77,194068,50,194070,50,194072,44,194073,1062880,194073,0,194073,1,193373,95,194074,0,194074,0,193373,0,194075,0,194075,0,194076,50,194085,20,194086,1100000,194086,1100000,194087,1100000,194087,1100000,194087,0,194088,0,194088,0,194088,0,194073,0,,
194165,1332796,194164,33,194167,45,194170,62,194172,30,194173,691900,194173,0,194172,1,193473,95,194173,0,194174,0,193473,0,194174,0,194174,0,194176,43,194184,16,194184,1100000,194185,1100000,194186,1100000,194186,1100000,194187,0,194187,0,194188,0,194188,0,194172,0,,
194268,1332796,194266,44,194271,33,194273,40,194276,40,194277,638990,194277,0,194276,1,193571,95,194278,0,194278,0,193571,0,194279,0,194279,0,194281,37,194291,14,194291,900000,194292,900000,194292,900000,194293,900000,194293,0,194293,0,194294,0,194294,0,194276,0,,
194367,1332920,194365,50,194369,44,194371,45,194373,55,194374,576180,194374,0,194374,1,193675,95,194375,0,194376,0,193675,0,194377,0,194377,0,194378,47,194388,15,194389,1100000,194389,1100000,194390,1100000,194391,1100000,194391,0,194392,0,194392,0,194392,0,194373,0,,
194467,1333260,194465,33,194469,36,194471,33,194473,54,194474,634920,194474,0,194474,1,193773,95,194474,0,194475,0,193773,0,194476,0,194476,0,194477,40,194486,15,194486,1100000,194487,1100000,194487,1100000,194487,1100000,194488,0,194488,0,194488,0,194489,0,194473,0,,
194570,1333384,194568,30,194575,50,194578,27,194582,44,194584,614570,194584,0,194583,1,193870,95,194585,0,194587,0,193870,0,194588,0,194588,0,194590,43,194597,13,194598,900000,194599,900000,194600,900000,194602,900000,194604,0,194605,0,194606,0,194606,0,194582,0,,
194668,1333772,194667,70,194670,40,194672,37,194675,40,194676,555390,194676,0,194675,1,193978,95,194677,0,194678,0,193978,0,194678,0,194678,0,194680,44,194689,17,194690,1100000,194691,1100000,194692,1100000,194692,1100000,194693,0,194693,0,194693,0,194694,0,194675,0,,
194768,1334160,194767,12,194771,41,194773,25,194775,40,194776,480260,194776,0,194775,1,194074,95,194776,0,194777,0,194074,0,194777,0,194777,0,194779,30,194786,7,194787,1100000,194787,1100000,194788,1100000,194788,1100000,194788,0,194789,0,194789,0,194789,0,194775,0,,
194872,1334408,194869,11,194876,30,194880,22,194884,33,194886,390720,194886,0,194885,1,194173,95,194887,0,194889,0,194174,0,194890,0,194891,0,194894,34,194906,8,194907,900000,194907,900000,194907,900000,194908,900000,194908,0,194909,0,194909,0,194909,0,194885,0,,
194969,1334888,194968,25,194972,55,194974,33,194976,45,194977,469260,194977,0,194977,1,194278,95,194978,0,194978,0,194278,0,194978,0,194979,0,194980,29,194987,11,194988,1100000,194988,1100000,194989,1100000,194989,1100000,194989,0,194990,0,194991,0,194991,0,194976,0,,
195071,1335260,195070,22,195073,22,195075,54,195077,25,195078,500610,195078,0,195078,1,194375,95,195079,0,195079,0,194375,0,195079,0,195080,0,195081,33,195090,9,195090,1100000,195091,1100000,195092,1100000,195092,1100000,195092,0,195093,0,195093,0,195093,0,195078,0,,
195173,1335384,195171,25,195176,36,195179,44,195182,12,195184,476190,195184,0,195183,1,194475,95,195185,0,195187,0,194475,0,195188,0,195188,0,195191,36,195199,11,195200,900000,195201,900000,195202,900000,195203,900000,195204,0,195205,0,195205,0,195206,0,195182,0,,
195273,1335648,195272,40,195276,28,195278,50,195280,33,195281,448470,195281,0,195280,1,194586,95,195286,0,195286,0,194586,0,195287,0,195287,0,195289,34,195295,11,195296,1100000,195296,1100000,195297,1100000,195297,1100000,195297,0,195298,0,195299,0,195300,0,195280,0,,
195373,1335912,195371,33,195375,45,195376,60,195378,14,195379,618640,195379,0,195379,1,194677,95,195380,0,195380,0,194677,0,195381,0,195381,0,195383,41,195390,14,195390,1100000,195391,1100000,195391,1100000,195392,1100000,195392,0,195392,0,195393,0,195393,0,195379,0,,
195476,1336284,195473,40,195479,50,195484,33,195488,40,195491,663410,195490,0,195489,1,194776,95,195492,0,195493,0,194776,0,195493,0,195493,0,195496,42,195511,13,195511,900000,195512,900000,195513,900000,195514,900000,195515,0,195517,0,195518,0,195520,0,195489,0,,
195574,1332780,195573,55,195575,77,195577,44,195579,70,195580,730620,195580,0,195580,1,194888,95,195581,0,195582,0,194888,0,195583,0,195583,0,195585,63,195592,23,195593,1200000,195593,1200000,195593,1200000,195594,1200000,195594,0,195594,0,195595,0,195595,0,195579,0,,
195674,1333168,195673,60,195677,41,195678,30,195680,14,195682,678600,195681,0,195681,1,194978,95,195683,0,195684,0,194978,0,195684,0,195685,0,195687,37,195694,13,195694,1100000,195695,1100000,195695,1100000,195695,1100000,195696,0,195696,0,195696,0,195697,0,195681,0,,
195776,1333152,195774,50,195779,50,195783,37,195788,25,195790,659340,195789,0,195789,1,195079,95,195790,0,195792,0,195079,0,195792,0,195792,0,195794,42,195805,12,195806,900000,195806,900000,195807,900000,195808,900000,195808,0,195808,0,195809,0,195809,0,195788,0,,
195876,1333524,195875,60,195879,33,195882,40,195885,45,195888,528660,195887,0,195886,1,195185,95,195888,0,195889,0,195186,0,195890,0,195890,0,195893,45,195901,13,195902,900000,195903,900000,195904,900000,195905,900000,195906,0,195906,0,195907,0,195907,0,195886,0,,
195977,1333648,195975,44,195980,25,195983,60,195986,44,195988,513809,195988,0,195987,1,195286,95,195989,0,195990,0,195286,0,195990,0,195991,0,195993,44,196001,13,196002,900000,196003,900000,196004,900000,196005,900000,196006,0,196006,0,196006,0,196007,0,195987,0,,
196076,1333772,196075,33,196078,40,196080,50,196082,40,196086,484110,196084,0,196083,1,195380,95,196087,0,196088,0,195380,0,196088,0,196089,0,196091,36,196096,13,196097,1100000,196097,1100000,196098,1100000,196098,1100000,196099,0,196102,0,196103,0,196103,0,196083,0,,
196177,1334144,196176,33,196179,33,196181,55,196184,40,196185,655270,196185,0,196184,1,195492,95,196186,0,196187,0,195492,0,196187,0,196187,0,196189,43,196197,16,196198,1100000,196198,1100000,196199,1100000,196199,1100000,196200,0,196200,0,196202,0,196202,0,196184,0,,
196278,1334408,196276,55,196279,36,196281,40,196285,27,196287,643060,196287,0,196286,1,195581,95,196288,0,196289,0,195582,0,196290,0,196290,0,196292,39,196298,14,196298,1000000,196299,1000000,196299,1000000,196301,1000000,196301,0,196302,0,196303,0,196304,0,196286,0,,
196380,1334656,196378,50,196384,50,196387,25,196390,55,196391,630000,196391,0,196391,1,195683,95,196392,0,196393,0,195683,0,196394,0,196394,0,196396,50,196404,12,196405,1100000,196406,1100000,196406,1100000,196406,1100000,196407,0,196407,0,196407,0,196408,0,196390,0,,
196478,1335012,196477,54,196480,28,196482,50,196485,54,196486,757020,196486,0,196485,1,195790,95,196487,0,196488,0,195791,0,196488,0,196488,0,196490,44,196497,17,196498,1100000,196499,1100000,196499,1100000,196499,1100000,196500,0,196501,0,196502,0,196503,0,196485,0,,
196578,1335276,196577,36,196580,45,196583,40,196586,40,196588,655270,196588,0,196587,1,195889,95,196589,0,196590,0,195889,0,196591,0,196591,0,196593,41,196600,13,196601,900000,196602,900000,196603,900000,196604,900000,196605,0,196606,0,196607,0,196607,0,196587,0,,
196681,1335648,196679,37,196684,55,196687,45,196691,54,196693,567270,196692,0,196692,1,195989,95,196693,0,196695,0,195989,0,196695,0,196696,0,196698,50,196708,12,196709,900000,196709,900000,196710,900000,196710,900000,196711,0,196711,0,196712,0,196712,0,196691,0,,
196780,1335756,196779,0,196782,33,196785,50,196787,30,196789,335610,196788,0,196788,1,196088,95,196789,0,196791,0,196088,0,196792,0,196792,0,196794,29,196799,11,196800,1100000,196801,1100000,196802,1100000,196802,1100000,196803,0,196803,0,196804,0,196804,0,196788,0,,
196880,1336144,196879,36,196882,20,196885,41,196887,45,196888,577939,196888,0,196888,1,196186,95,196889,0,196890,0,196186,0,196891,0,196891,0,196893,34,196899,12,196900,1100000,196900,1100000,196901,1100000,196902,1100000,196902,0,196903,0,196904,0,196904,0,196887,0,,
196980,1332532,196979,25,196982,90,196984,12,196986,45,196987,700040,196987,0,196986,1,196288,95,196987,0,196988,0,196288,0,196988,0,196988,0,196989,44,196994,18,196994,1500000,196995,1500000,196995,1500000,196995,1500000,196996,0,196996,0,196996,0,196996,0,196986,0,,
197082,1332780,197081,20,197088,12,197091,11,197094,50,197096,627750,197096,0,197095,1,196393,95,197096,0,197097,0,196393,0,197097,0,197097,0,197099,27,197107,9,197108,1100000,197108,1100000,197109,1100000,197109,1100000,197109,0,197110,0,197110,0,197110,0,197095,0,,
197182,1333028,197181,40,197186,36,197191,22,197193,30,197194,520960,197194,0,197194,1,196487,95,197195,0,197196,0,196487,0,197197,0,197197,0,197199,35,197208,12,197209,1100000,197209,1100000,197210,1100000,197210,1100000,197211,0,197211,0,197211,0,197212,0,197193,0,,
197282,1333276,197281,50,197291,33,197294,44,197297,33,197298,651200,197298,0,197297,1,196589,95,197299,0,197299,0,196590,0,197300,0,197300,0,197304,39,197314,13,197314,900000,197315,900000,197315,900000,197316,900000,197316,0,197317,0,197319,0,197320,0,197297,0,,
197383,1333540,197381,50,197385,25,197388,66,197390,28,197391,501930,197391,0,197391,1,196694,95,197392,0,197393,0,196694,0,197393,0,197394,0,197395,47,197407,12,197407,1100000,197408,1100000,197408,1100000,197408,1100000,197409,0,197409,0,197409,0,197410,0,197390,0,,
197483,1333788,197482,54,197489,50,197493,54,197495,44,197497,822140,197496,0,197496,1,196790,95,197497,0,197498,0,196791,0,197499,0,197499,0,197501,47,197510,18,197511,1100000,197511,1100000,197512,1100000,197512,1100000,197513,0,197513,0,197513,0,197514,0,197496,0,,
197585,1332672,197583,44,197588,50,197592,44,197595,33,197597,695970,197596,0,197596,1,196889,95,197597,0,197599,0,196889,0,197599,0,197599,0,197602,45,197613,15,197613,1000000,197614,1000000,197614,1000000,197615,1000000,197615,0,197615,0,197616,0,197616,0,197595,0,,
197684,1333044,197683,45,197687,40,197689,25,197692,55,197693,577500,197693,0,197692,1,196987,95,197694,0,197695,0,196987,0,197696,0,197696,0,197697,42,197707,13,197708,1100000,197708,1100000,197709,1100000,197710,1100000,197710,0,197711,0,197711,0,197711,0,197692,0,,
197785,1333556,197783,54,197788,33,197791,37,197793,50,197794,708180,197794,0,197793,1,197028,95,197795,0,197796,0,197028,0,197796,0,197796,0,197798,44,197806,16,197807,1100000,197807,1100000,197808,1100000,197808,1100000,197808,0,197809,0,197809,0,197809,0,197793,0,,
197888,1334284,197885,40,197894,36,197898,40,197900,44,197908,651200,197907,0,197901,1,197096,95,197908,0,197909,0,197096,0,197910,0,197910,0,197912,38,197923,13,197924,900000,197925,900000,197925,900000,197926,900000,197926,0,197927,0,197927,0,197927,0,197901,0,,
197988,1334656,197986,50,197994,41,197998,50,198001,28,198003,501930,198003,0,198002,1,197195,95,198004,0,198006,0,197195,0,198007,0,198007,0,198010,47,198021,14,198022,900000,198023,900000,198024,900000,198025,900000,198026,0,198026,0,198026,0,198027,0,198001,0,,
198088,1335152,198086,40,198091,33,198094,50,198096,50,198097,513809,198097,0,198096,1,197299,95,198098,0,198098,0,197299,0,198099,0,198099,0,198101,37,198109,11,198110,1100000,198111,1100000,198111,1100000,198111,1100000,198112,0,198112,0,198112,0,198113,0,198096,0,,
198191,1335912,198189,44,198193,20,198195,20,198197,40,198199,504680,198198,0,198198,1,197392,95,198199,0,198200,0,197392,0,198201,0,198201,0,198203,33,198210,11,198211,1300000,198211,1300000,198212,1300000,198212,1300000,198212,0,198213,0,198213,0,198213,0,198198,0,,
198289,1336532,198287,33,198292,33,198295,50,198299,44,198301,852800,198300,0,198300,1,197497,95,198302,0,198303,0,197498,0,198304,0,198305,0,198308,40,198318,13,198319,900000,198320,900000,198321,900000,198322,900000,198323,0,198324,0,198325,0,198326,0,198299,0,,
198396,1333680,198394,55,198398,50,198400,50,198402,60,198403,638550,198403,0,198403,1,197598,95,198404,0,198405,0,197598,0,198406,0,198406,0,198408,54,198414,18,198415,1300000,198415,1300000,198416,1300000,198416,1300000,198416,0,198417,0,198417,0,198417,0,198402,0,,
198491,1333820,198490,50,198493,40,198495,28,198497,25,198499,762190,198499,0,198498,1,197694,95,198499,0,198500,0,197694,0,198500,0,198500,0,198502,36,198510,14,198511,1100000,198511,1100000,198512,1100000,198512,1100000,198513,0,198513,0,198513,0,198514,0,198498,0,,
198594,1333820,198590,50,198598,44,198601,45,198605,40,198610,728530,198608,0,198606,1,197795,95,198611,0,198612,0,197795,0,198613,0,198613,0,198615,52,198627,14,198627,900000,198628,900000,198628,900000,198629,900000,198629,0,198630,0,198630,0,198630,0,198606,0,,
198690,1333820,198688,55,198692,50,198694,40,198697,50,198698,579150,198698,0,198697,1,197909,95,198698,0,198699,0,197909,0,198699,0,198699,0,198701,38,198710,12,198711,1100000,198712,1100000,198712,1100000,198713,1100000,198713,0,198714,0,198714,0,198714,0,198697,0,,
198791,1334052,198789,44,198793,50,198795,44,198797,50,198798,765160,198798,0,198798,1,198004,95,198799,0,198799,0,198005,0,198799,0,198799,0,198801,47,198809,15,198810,1100000,198810,1100000,198811,1100000,198811,1100000,198812,0,198812,0,198812,0,198812,0,198797,0,,
198893,1334036,198892,20,198897,45,198899,22,198902,36,198908,500610,198908,0,198904,1,198098,95,198909,0,198911,0,198098,0,198911,0,198912,0,198914,37,198926,12,198927,900000,198928,900000,198928,900000,198929,900000,198929,0,198930,0,198930,0,198931,0,198903,0,,
198992,1334284,198991,44,198995,14,198997,33,198999,55,199001,433620,199000,0,199000,1,198199,95,199001,0,199002,0,198200,0,199003,0,199003,0,199005,32,199014,10,199014,1100000,199015,1100000,199016,1100000,199017,1100000,199017,0,199018,0,199018,0,199018,0,199000,0,,
199094,1334284,199092,12,199096,22,199098,25,199100,36,199101,386650,199101,0,199101,1,198302,95,199102,0,199102,0,198303,0,199103,0,199103,0,199105,29,199113,11,199114,1100000,199114,1100000,199115,1100000,199115,1100000,199116,0,199116,0,199116,0,199116,0,199100,0,,
199197,1334640,199194,36,199202,22,199204,27,199208,33,199209,480260,199209,0,199208,1,198404,95,199210,0,199211,0,198404,0,199212,0,199213,0,199215,29,199226,9,199227,900000,199227,900000,199228,900000,199228,900000,199229,0,199229,0,199229,0,199230,0,199208,0,,
199299,1334780,199297,30,199307,27,199312,30,199317,50,199319,406890,199319,0,199318,1,198499,95,199320,0,199322,0,198499,0,199323,0,199323,0,199326,37,199336,9,199337,900000,199338,900000,199338,900000,199339,900000,199340,0,199341,0,199342,0,199342,0,199317,0,,
199399,1335152,199398,45,199402,44,199404,55,199407,25,199409,501930,199408,0,199408,1,198612,95,199409,0,199411,0,198612,0,199411,0,199412,0,199413,31,199419,10,199420,1100000,199421,1100000,199421,1100000,199422,1100000,199423,0,199423,0,199424,0,199425,0,199408,0,,
199497,1335756,199496,40,199499,11,199500,22,199508,30,199512,419210,199512,0,199511,1,198698,95,199512,0,199513,0,198699,0,199513,0,199513,0,199515,35,199526,12,199526,1100000,199527,1100000,199528,1100000,199528,1100000,199529,0,199529,0,199529,0,199529,0,199511,0,,
199603,1336004,199601,37,199613,60,199615,53,199618,40,199621,773300,199620,0,199619,1,198799,95,199621,0,199623,0,198799,0,199623,0,199624,0,199629,47,199639,14,199640,900000,199642,900000,199643,900000,199643,900000,199644,0,199644,0,199645,0,199645,0,199619,0,,
199699,1336268,199697,44,199701,42,199703,44,199705,62,199707,570240,199706,0,199706,1,198909,95,199707,0,199711,0,198910,0,199712,0,199712,0,199714,50,199726,16,199727,1100000,199727,1100000,199728,1100000,199728,1100000,199728,0,199729,0,199729,0,199729,0,199705,0,,
199799,1332532,199798,45,199801,90,199803,55,199806,50,199808,976800,199807,0,199807,1,199001,95,199808,0,199809,0,199001,0,199809,0,199810,0,199812,62,199816,27,199817,1500000,199817,1500000,199817,1500000,199818,1500000,199818,0,199818,0,199818,0,199818,0,199807,0,,
199907,1332672,199902,50,199915,50,199920,30,199930,36,199932,1120500,199932,0,199931,1,199102,95,199932,0,199933,0,199102,0,199933,0,199934,0,199936,43,199949,14,199950,900000,199950,900000,199951,900000,199951,900000,199952,0,199952,0,199952,0,199953,0,199931,0,,
200000,1332672,199999,77,200003,33,200006,28,200009,44,200011,540540,200010,0,200009,1,199210,95,200012,0,200013,0,199210,0,200014,0,200014,0,200016,44,200023,15,200024,1100000,200025,1100000,200026,1100000,200026,1100000,200027,0,200027,0,200027,0,200028,0,200009,0,,
200101,1333028,200099,54,200103,50,200108,45,200111,40,200113,769230,200113,0,200111,1,199321,95,200114,0,200115,0,199321,0,200116,0,200116,0,200117,44,200127,16,200128,1100000,200129,1100000,200130,1100000,200130,1100000,200131,0,200131,0,200132,0,200132,0,200111,0,,
200201,1333400,200200,63,200205,44,200213,40,200216,50,200218,801790,200217,0,200217,1,199409,95,200218,0,200219,0,199410,0,200220,0,200221,0,200227,50,200235,17,200236,900000,200236,900000,200237,900000,200237,900000,200238,0,200238,0,200239,0,200240,0,200216,0,,
200303,1333648,200301,40,200307,55,200312,33,200315,44,200317,510840,200316,0,200316,1,199512,95,200318,0,200319,0,199512,0,200319,0,200320,0,200322,45,200333,13,200334,900000,200334,900000,200335,900000,200335,900000,200336,0,200336,0,200336,0,200337,0,200315,0,,
200403,1333896,200402,55,200407,44,200411,33,200414,37,200415,501930,200415,0,200414,1,199622,95,200416,0,200417,0,199622,0,200418,0,200418,0,200421,41,200432,13,200433,1100000,200433,1100000,200434,1100000,200434,1100000,200434,0,200434,0,200435,0,200435,0,200414,0,,
200503,1334160,200502,45,200505,60,200508,25,200510,44,200512,708180,200512,0,200511,1,199711,95,200513,0,200514,0,199711,0,200514,0,200515,0,200516,44,200523,15,200523,1100000,200524,1100000,200525,1100000,200525,1100000,200526,0,200527,0,200527,0,200527,0,200511,0,,
200603,1334640,200602,55,200611,54,200613,22,200615,30,200616,655270,200616,0,200615,1,199808,95,200616,0,200617,0,199809,0,200617,0,200617,0,200619,39,200632,13,200632,900000,200633,900000,200633,900000,200634,900000,200634,0,200635,0,200635,0,200635,0,200615,0,,
200704,1334888,200703,22,200707,60,200710,25,200713,40,200715,436590,200714,0,200714,1,199933,95,200715,0,200716,0,199933,0,200717,0,200717,0,200719,39,200731,14,200731,900000,200732,900000,200732,900000,200733,900000,200733,0,200734,0,200734,0,200734,0,200713,0,,
200806,1335260,200804,37,200811,44,200814,36,200818,33,200820,445500,200819,0,200818,1,200012,95,200821,0,200822,0,200012,0,200823,0,200823,0,200827,40,200835,11,200836,900000,200836,900000,200837,900000,200837,900000,200838,0,200838,0,200839,0,200839,0,200818,0,,
200905,1335508,200904,50,200908,33,200911,14,200914,37,200915,397979,200915,0,200914,1,200114,95,200916,0,200916,0,200114,0,200917,0,200917,0,200919,30,200927,11,200928,1100000,200928,1100000,200929,1100000,200929,1100000,200930,0,200930,0,200931,0,200931,0,200914,0,,
201007,1335756,201004,33,201012,36,201014,63,201016,33,201018,671550,201017,0,201017,1,200219,95,201018,0,201019,0,200219,0,201019,0,201019,0,201021,41,201029,15,201030,1100000,201030,1100000,201031,1100000,201031,1100000,201032,0,201032,0,201032,0,201033,0,201017,0,,
201108,1335896,201106,40,201112,12,201115,50,201119,30,201121,537240,201121,0,201120,1,200318,95,201122,0,201123,0,200318,0,201124,0,201124,0,201127,35,201137,9,201138,900000,201139,900000,201140,900000,201141,900000,201142,0,201143,0,201143,0,201144,0,201119,0,,
201206,1332672,201205,33,201208,80,201210,37,201212,30,201214,534600,201213,0,201213,1,200416,95,201214,0,201215,0,200417,0,201215,0,201216,0,201217,47,201230,15,201231,1200000,201231,1200000,201232,1200000,201232,1200000,201232,0,201233,0,201233,0,201234,0,201213,0,,
201307,1332904,201306,30,201309,27,201311,40,201313,22,201314,556920,201314,0,201314,1,200513,95,201315,0,201316,0,200513,0,201317,0,201317,0,201319,27,201328,10,201329,1100000,201329,1100000,201330,1100000,201331,1100000,201332,0,201332,0,201333,0,201333,0,201314,0,,
201408,1333276,201406,44,201410,30,201412,60,201414,30,201416,667480,201415,0,201415,1,200617,95,201417,0,201418,0,200617,0,201418,0,201419,0,201421,40,201433,16,201434,900000,201434,900000,201435,900000,201436,900000,201437,0,201437,0,201438,0,201439,0,201415,0,,
201510,1333524,201508,54,201513,50,201517,50,201521,37,201523,567270,201523,0,201522,1,200715,95,201525,0,201527,0,200716,0,201529,0,201529,0,201532,51,201546,12,201547,900000,201548,900000,201548,900000,201549,900000,201549,0,201549,0,201550,0,201550,0,201522,0,,
201609,1333788,201607,33,201613,40,201615,33,201617,58,201619,487080,201619,0,201618,1,200821,95,201620,0,201621,0,200821,0,201622,0,201622,0,201623,44,201634,13,201635,1000000,201636,1000000,201636,1000000,201637,1000000,201637,0,201637,0,201638,0,201638,0,201618,0,,
201711,1333788,201709,33,201713,45,201715,40,201718,37,201719,542500,201719,0,201718,1,200916,95,201719,0,201720,0,200916,0,201721,0,201721,0,201723,38,201732,14,201733,1100000,201734,1100000,201734,1100000,201735,1100000,201736,0,201736,0,201737,0,201737,0,201718,0,,
201809,1334020,201808,50,201812,44,201815,30,201817,33,201819,638990,201819,0,201818,1,201018,95,201820,0,201821,0,201018,0,201822,0,201822,0,201824,38,201834,14,201835,1100000,201835,1100000,201836,1100000,201836,1100000,201836,0,201837,0,201837,0,201837,0,201818,0,,
201912,1334284,201910,50,201916,41,201920,22,201925,22,201927,549450,201927,0,201926,1,201122,95,201929,0,201931,0,201122,0,201933,0,201933,0,201936,40,201948,10,201949,900000,201949,900000,201950,900000,201950,900000,201951,0,201951,0,201952,0,201952,0,201925,0,,
202013,1334532,202009,54,202015,33,202018,45,202020,14,202021,433620,202021,0,202020,1,201214,95,202021,0,202022,0,201214,0,202023,0,202023,0,202025,30,202035,9,202036,1100000,202036,1100000,202036,1100000,202037,1100000,202037,0,202037,0,202038,0,202038,0,202020,0,,
202111,1334780,202109,12,202114,27,202116,12,202118,40,202120,370370,202120,0,202119,1,201315,95,202121,0,202121,0,201315,0,202122,0,202122,0,202124,27,202132,8,202133,1100000,202133,1100000,202134,1100000,202134,1100000,202134,0,202135,0,202135,0,202136,0,202119,0,,
202214,1335168,202212,27,202219,0,202224,27,202228,36,202231,366299,202231,0,202229,1,201417,95,202232,0,202234,0,201417,0,202235,0,202236,0,202239,27,202252,9,202253,900000,202254,900000,202255,900000,202256,900000,202257,0,202257,0,202258,0,202258,0,202229,0,,
202313,1335540,202311,33,202317,36,202319,33,202322,60,202324,481140,202324,0,202323,1,201526,95,202325,0,202327,0,201526,0,202327,0,202328,0,202330,37,202342,11,202342,900000,202343,900000,202344,900000,202345,900000,202346,0,202346,0,202347,0,202347,0,202323,0,,
202413,1335788,202411,41,202415,40,202418,30,202421,45,202423,463319,202422,0,202421,1,201620,95,202423,0,202429,0,201620,0,202430,0,202431,0,202433,40,202438,12,202439,1100000,202439,1100000,202440,1100000,202440,1100000,202441,0,202441,0,202442,0,202442,0,202421,0,,
202513,1336128,202512,50,202516,36,202518,36,202520,33,202522,630849,202522,0,202521,1,201720,95,202522,0,202523,0,201720,0,202524,0,202524,0,202526,41,202536,14,202537,1100000,202537,1100000,202538,1100000,202538,1100000,202538,0,202539,0,202539,0,202539,0,202521,0,,
202614,1333152,202613,50,202616,90,202618,50,202620,55,202621,997150,202621,0,202620,1,201820,95,202621,0,202622,0,201820,0,202623,0,202623,0,202624,60,202631,23,202632,1500000,202632,1500000,202633,1500000,202633,1500000,202634,0,202634,0,202634,0,202635,0,202620,0,,
202714,1333152,202713,40,202716,40,202718,25,202721,30,202722,911250,202722,0,202721,1,201930,95,202722,0,202723,0,201930,0,202724,0,202727,0,202730,35,202739,16,202740,1100000,202740,1100000,202741,1100000,202741,1100000,202742,0,202743,0,202743,0,202744,0,202721,0,,
202770,1333400,202769,60,202772,62,202774,57,202777,57,202778,960520,202778,0,202777,1,202022,95,202779,0,202780,0,202022,0,202780,0,202781,0,202782,57,202789,19,202789,1100000,202790,1100000,202790,1100000,202790,1100000,202791,0,202792,0,202792,0,202793,0,202777,0,,
202870,1333648,202869,45,202872,25,202874,50,202877,33,202878,622710,202878,0,202877,1,202121,95,202879,0,202880,0,202121,0,202881,0,202881,0,202883,35,202890,12,202891,900000,202892,900000,202893,900000,202894,900000,202895,0,202896,0,202897,0,202898,0,202877,0,,
202971,1333648,202970,44,202973,33,202974,14,202977,60,202978,448469,202978,0,202977,1,202233,95,202979,0,202980,0,202233,0,202981,0,202981,0,202982,41,202989,12,202989,1100000,202990,1100000,202990,1100000,202990,1100000,202991,0,202991,0,202992,0,202992,0,202977,0,,
203071,1333772,203070,14,203073,25,203075,25,203078,50,203079,463980,203079,0,203078,1,202326,95,203080,0,203081,0,202326,0,203081,0,203081,0,203083,32,203088,11,203089,1100000,203089,1100000,203089,1100000,203090,1100000,203090,0,203091,0,203091,0,203092,0,203078,0,,
203173,1333912,203172,22,203178,22,203184,45,203187,50,203189,565730,203188,0,203188,1,202423,95,203189,0,203190,0,202428,0,203191,0,203191,0,203195,36,203206,11,203207,900000,203207,900000,203208,900000,203209,900000,203209,0,203210,0,203212,0,203213,0,203188,0,,
203272,1334036,203271,75,203274,33,203277,33,203280,37,203282,528660,203281,0,203281,1,202522,95,203282,0,203284,0,202523,0,203284,0,203285,0,203286,50,203293,15,203294,1000000,203295,1000000,203296,1000000,203297,1000000,203297,0,203298,0,203298,0,203298,0,203280,0,,
203373,1334408,203372,44,203375,22,203377,30,203379,36,203380,462000,203380,0,203379,1,202622,95,203381,0,203381,0,202622,0,203382,0,203382,0,203384,25,203390,9,203390,1100000,203391,1100000,203391,1100000,203392,1100000,203392,0,203393,0,203393,0,203394,0,203379,0,,
203473,1334036,203472,50,203475,36,203480,25,203482,12,203483,500609,203483,0,203483,1,202723,95,203484,0,203484,0,202723,0,203484,0,203485,0,203486,32,203492,11,203492,1100000,203493,1100000,203494,1100000,203494,1100000,203495,0,203496,0,203496,0,203497,0,203483,0,,
203574,1334624,203573,50,203577,54,203581,33,203583,25,203585,659339,203584,0,203584,1,202779,95,203585,0,203586,0,202779,0,203587,0,203587,0,203589,40,203599,12,203600,900000,203601,900000,203601,900000,203602,900000,203602,0,203603,0,203603,0,203604,0,203584,0,,
203674,1335120,203673,44,203676,50,203679,25,203682,33,203683,451440,203683,0,203682,1,202879,95,203683,0,203684,0,202879,0,203684,0,203684,0,203686,38,203692,13,203693,1100000,203694,1100000,203694,1100000,203695,1100000,203696,0,203697,0,203697,0,203697,0,203682,0,,
203775,1335632,203774,30,203777,50,203779,40,203782,22,203783,577940,203783,0,203783,1,202979,95,203784,0,203785,0,202979,0,203785,0,203786,0,203787,37,203793,13,203794,1100000,203795,1100000,203796,1100000,203797,1100000,203797,0,203798,0,203798,0,203799,0,203782,0,,
203879,1336144,203874,25,203883,58,203885,40,203888,12,203889,549449,203889,0,203888,1,203080,95,203889,0,203890,0,203080,0,203891,0,203891,0,203893,35,203903,11,203904,900000,203904,900000,203905,900000,203905,900000,203906,0,203906,0,203906,0,203907,0,203888,0,,
203976,1336764,203974,44,203978,55,203981,44,203983,50,203984,573210,203984,0,203984,1,203189,95,203985,0,203985,0,203190,0,203986,0,203986,0,203987,52,203996,16,203997,1100000,203998,1100000,203999,1100000,204000,1100000,204001,0,204001,0,204002,0,204002,0,203984,0,,
204075,1333184,204075,50,204077,55,204080,58,204082,63,204083,919819,204083,0,204082,1,203282,95,204083,0,204084,0,203283,0,204084,0,204084,0,204085,56,204090,23,204090,1300000,204091,1300000,204091,1300000,204091,1300000,204092,0,204092,0,204092,0,204092,0,204082,0,,
204177,1333308,204176,33,204181,45,204184,30,204186,36,204187,767520,204187,0,204187,1,203381,95,204188,0,204189,0,203381,0,204189,0,204189,0,204191,37,204202,13,204203,900000,204203,900000,204204,900000,204204,900000,204205,0,204205,0,204205,0,204206,0,204186,0,,
204277,1333556,204276,45,204279,60,204282,40,204284,33,204285,528660,204285,0,204284,1,203484,95,204285,0,204286,0,203484,0,204286,0,204286,0,204288,42,204294,13,204295,1100000,204295,1100000,204296,1100000,204296,1100000,204297,0,204297,0,204297,0,204297,0,204284,0,,
204377,1333820,204376,0,204379,30,204381,12,204383,33,204384,305250,204384,0,204384,1,203585,95,204385,0,204385,0,203586,0,204386,0,204386,0,204387,20,204393,6,204394,1100000,204394,1100000,204394,1100000,204395,1100000,204395,0,204396,0,204396,0,204396,0,204383,0,,
204479,1333944,204477,20,204481,9,204483,12,204486,36,204487,313390,204487,0,204486,1,203683,95,204488,0,204488,0,203683,0,204489,0,204489,0,204491,23,204498,7,204499,900000,204499,900000,204500,900000,204500,900000,204501,0,204501,0,204502,0,204502,0,204486,0,,
204579,1334408,204577,45,204580,12,204582,25,204584,20,204585,302940,204585,0,204585,1,203784,95,204586,0,204586,0,203784,0,204586,0,204587,0,204588,27,204594,8,204595,1100000,204595,1100000,204596,1100000,204596,1100000,204597,0,204597,0,204598,0,204598,0,204584,0,,
204679,1334780,204678,12,204681,30,204683,33,204685,20,204686,386650,204686,0,204685,1,203890,95,204686,0,204687,0,203890,0,204687,0,204687,0,204689,21,204694,8,204695,1100000,204695,1100000,204696,1100000,204696,1100000,204696,0,204697,0,204697,0,204697,0,204685,0,,
204780,1334888,204779,30,204783,20,204785,20,204787,22,204789,374440,204789,0,204788,1,203985,95,204789,0,204790,0,203985,0,204791,0,204791,0,204793,24,204800,8,204801,900000,204802,900000,204802,900000,204802,900000,204803,0,204803,0,204804,0,204804,0,204788,0,,
204881,1335012,204879,22,204884,30,204886,36,204889,54,204890,421740,204890,0,204889,1,204083,95,204890,0,204892,0,204083,0,204892,0,204892,0,204894,38,204902,9,204902,900000,204903,900000,204903,900000,204904,900000,204904,0,204905,0,204905,0,204905,0,204889,0,,
204981,1335260,204979,54,204983,11,204984,11,204987,12,204988,261360,204988,0,204987,1,204188,95,204988,0,204989,0,204188,0,204989,0,204989,0,204991,22,204997,7,204998,1100000,204998,1100000,204998,1100000,204999,1100000,204999,0,204999,0,205000,0,205000,0,204987,0,,
205085,1336128,205083,55,205087,36,205089,55,205091,50,205092,797720,205092,0,205091,1,204286,95,205093,0,205093,0,204286,0,205093,0,205094,0,205095,50,205103,18,205104,1100000,205104,1100000,205104,1100000,205105,1100000,205105,0,205105,0,205106,0,205106,0,205091,0,,
205183,1336392,205181,63,205186,25,205188,40,205191,22,205192,610500,205192,0,205192,1,204385,95,205193,0,205194,0,204385,0,205194,0,205194,0,205197,40,205206,10,205206,900000,205207,900000,205207,900000,205208,900000,205208,0,205209,0,205209,0,205209,0,205191,0,,
205284,1336640,205282,50,205286,36,205290,30,205292,37,205293,454409,205293,0,205292,1,204488,95,205293,0,205294,0,204488,0,205295,0,205295,0,205297,35,205304,11,205305,1100000,205306,1100000,205306,1100000,205306,1100000,205307,0,205308,0,205308,0,205308,0,205292,0,,
205382,1337136,205381,33,205384,27,205386,11,205388,22,205389,378510,205389,0,205389,1,204586,95,205389,0,205390,0,204586,0,205390,0,205390,0,205392,25,205397,8,205398,1100000,205398,1100000,205399,1100000,205399,1100000,205399,0,205400,0,205400,0,205400,0,205388,0,,
205484,1337740,205482,40,205487,25,205489,20,205492,30,205494,468050,205494,0,205493,1,204686,95,205495,0,205496,0,204686,0,205496,0,205497,0,205498,28,205506,9,205506,1200000,205507,1200000,205507,1200000,205507,1200000,205508,0,205508,0,205508,0,205509,0,205493,0,,
205583,1333524,205582,70,205584,10,205586,22,205587,25,205588,594359,205588,0,205588,1,204789,95,205589,0,205589,0,204789,0,205589,0,205589,0,205591,30,205597,14,205598,900000,205599,900000,205599,900000,205599,900000,205600,0,205601,0,205601,0,205601,0,205588,0,,
205684,1334020,205683,27,205687,33,205689,36,205691,45,205692,418770,205692,0,205691,1,204891,95,205692,0,205693,0,204891,0,205693,0,205693,0,205695,36,205703,12,205703,1100000,205704,1100000,205705,1100000,205706,1100000,205706,0,205707,0,205707,0,205707,0,205691,0,,
205785,1334392,205783,25,205787,36,205789,22,205791,66,205792,606430,205792,0,205791,1,204988,95,205792,0,205793,0,204988,0,205793,0,205793,0,205795,37,205802,14,205803,1100000,205803,1100000,205804,1100000,205804,1100000,205805,0,205805,0,205805,0,205806,0,205791,0,,
205888,1334408,205886,22,205891,30,205895,14,205898,60,205901,512819,205900,0,205899,1,205093,95,205902,0,205903,0,205093,0,205904,0,205904,0,205907,37,205916,7,205917,900000,205918,900000,205919,900000,205919,900000,205920,0,205920,0,205921,0,205921,0,205899,0,,
205986,1334888,205985,25,205988,54,205990,25,205992,54,205993,469260,205993,0,205993,1,205193,95,205994,0,205994,0,205193,0,205994,0,205994,0,205996,35,206003,11,206003,1100000,206004,1100000,206004,1100000,206004,1100000,206005,0,206005,0,206005,0,206006,0,205992,0,,
206087,1335400,206086,30,206089,10,206091,30,206093,55,206094,508750,206094,0,206093,1,205294,95,206094,0,206098,0,205294,0,206099,0,206099,0,206101,34,206107,13,206108,1100000,206108,1100000,206108,1100000,206109,1100000,206109,0,206109,0,206110,0,206110,0,206093,0,,
206189,1335524,206187,50,206191,33,206194,14,206196,25,206200,496540,206199,0,206197,1,205390,95,206201,0,206202,0,205390,0,206203,0,206203,0,206205,40,206211,11,206212,1100000,206212,1100000,206213,1100000,206214,1100000,206215,0,206216,0,206217,0,206217,0,206197,0,,
206288,1335524,206287,70,206290,40,206292,40,206294,44,206296,789580,206295,0,206295,1,205495,95,206296,0,206299,0,205495,0,206299,0,206300,0,206301,44,206307,15,206308,1100000,206308,1100000,206309,1100000,206309,1100000,206309,0,206309,0,206310,0,206310,0,206295,0,,
206388,1335648,206387,33,206390,36,206392,25,206394,30,206397,504679,206396,0,206395,1,205589,95,206398,0,206399,0,205589,0,206401,0,206401,0,206403,33,206411,12,206412,1100000,206412,1100000,206413,1100000,206414,1100000,206415,0,206416,0,206416,0,206417,0,206395,0,,
206489,1336004,206487,33,206491,40,206493,44,206495,50,206497,679690,206497,0,206496,1,205692,95,206498,0,206500,0,205693,0,206500,0,206501,0,206503,42,206509,16,206509,1100000,206510,1100000,206510,1100000,206510,1100000,206511,0,206511,0,206511,0,206512,0,206496,0,,
206589,1336144,206588,58,206591,30,206593,14,206594,25,206596,516890,206595,0,206595,1,205793,95,206597,0,206599,0,205793,0,206600,0,206600,0,206602,35,206609,11,206610,900000,206610,900000,206611,900000,206611,900000,206612,0,206612,0,206613,0,206613,0,206595,0,,
206690,1336624,206688,55,206692,44,206694,25,206696,44,206701,498960,206700,0,206699,1,205902,95,206701,0,206702,0,205902,0,206703,0,206703,0,206704,39,206709,14,206710,1200000,206711,1200000,206711,1200000,206711,1200000,206712,0,206712,0,206712,0,206715,0,206696,0,,
206790,1336996,206789,40,206792,12,206794,41,206796,33,206798,589680,206797,0,206796,1,205994,95,206798,0,206800,0,205994,0,206800,0,206801,0,206802,31,206808,11,206809,1100000,206809,1100000,206810,1100000,206810,1100000,206811,0,206811,0,206811,0,206812,0,206796,0,,
206891,1337244,206889,45,206893,33,206894,20,206897,63,206899,655270,206898,0,206897,1,206094,95,206900,0,206901,0,206094,0,206902,0,206902,0,206904,43,206910,15,206911,1100000,206911,1100000,206912,1100000,206912,1100000,206912,0,206913,0,206913,0,206914,0,206897,0,,
206992,1335400,206990,37,206994,50,206995,70,206998,50,206999,842490,206999,0,206999,1,206201,95,207000,0,207001,0,206202,0,207001,0,207001,0,207003,52,207009,19,207009,1300000,207010,1300000,207010,1300000,207010,1300000,207011,0,207011,0,207011,0,207012,0,206998,0,,
207091,1334516,207090,14,207093,40,207095,54,207098,37,207099,772850,207099,0,207098,1,206296,95,207100,0,207101,0,206298,0,207101,0,207101,0,207103,36,207110,14,207111,1100000,207111,1100000,207112,1100000,207112,1100000,207112,0,207113,0,207113,0,207113,0,207098,0,,
207192,1334516,207191,40,207194,36,207196,44,207198,12,207200,537240,207200,0,207199,1,206398,95,207201,0,207202,0,206399,0,207203,0,207203,0,207205,35,207210,11,207211,1100000,207211,1100000,207212,1100000,207212,1100000,207212,0,207213,0,207213,0,207214,0,207199,0,,
207293,1334516,207292,36,207296,22,207299,54,207301,0,207303,455840,207303,0,207302,1,206498,95,207304,0,207305,0,206499,0,207305,0,207305,0,207307,35,207313,12,207314,1100000,207315,1100000,207315,1100000,207316,1100000,207317,0,207318,0,207318,0,207319,0,207302,0,,
207393,1334764,207392,25,207395,25,207397,60,207399,54,207400,667480,207400,0,207399,1,206598,95,207401,0,207401,0,206598,0,207402,0,207402,0,207403,38,207410,12,207410,1200000,207411,1200000,207411,1200000,207411,1200000,207412,0,207412,0,207412,0,207413,0,207399,0,,
207494,1334888,207493,14,207496,30,207499,37,207503,36,207504,547560,207504,0,207503,1,206701,95,207505,0,207506,0,206702,0,207507,0,207508,0,207510,30,207519,11,207519,1100000,207520,1100000,207521,1100000,207522,1100000,207522,0,207523,0,207523,0,207523,0,207503,0,,
207594,1335012,207593,45,207596,50,207601,55,207603,50,207604,814000,207604,0,207603,1,206799,95,207604,0,207605,0,206799,0,207605,0,207606,0,207607,53,207613,18,207613,1100000,207613,1100000,207614,1100000,207615,1100000,207615,0,207616,0,207616,0,207617,0,207603,0,,
207694,1335384,207693,36,207696,36,207698,37,207701,40,207702,606430,207702,0,207701,1,206900,95,207703,0,207704,0,206900,0,207704,0,207704,0,207706,38,207712,14,207713,900000,207713,900000,207713,900000,207714,900000,207715,0,207716,0,207717,0,207718,0,207701,0,,
207795,1335648,207794,50,207797,45,207802,58,207804,50,207805,602910,207805,0,207804,1,207000,95,207806,0,207806,0,207000,0,207806,0,207807,0,207808,47,207814,15,207815,1100000,207816,1100000,207816,1100000,207817,1100000,207818,0,207819,0,207819,0,207820,0,207804,0,,
207895,1335880,207894,53,207897,33,207899,40,207902,44,207903,691900,207903,0,207902,1,207100,95,207903,0,207904,0,207100,0,207905,0,207906,0,207908,48,207914,16,207915,1100000,207915,1100000,207916,1100000,207917,1100000,207917,0,207917,0,207918,0,207918,0,207902,0,,
207996,1336128,207995,66,207998,44,208001,45,208003,45,208005,814000,208004,0,208004,1,207201,95,208005,0,208006,0,207201,0,208007,0,208007,0,208009,47,208016,15,208017,1100000,208018,1100000,208018,1100000,208019,1100000,208019,0,208019,0,208020,0,208021,0,208004,0,,
208096,1336872,208095,50,208098,44,208101,45,208103,25,208104,667480,208104,0,208103,1,207304,95,208105,0,208105,0,207304,0,208106,0,208106,0,208107,41,208113,15,208113,1100000,208114,1100000,208114,1100000,208115,1100000,208115,0,208116,0,208117,0,208117,0,208103,0,,
208198,1337136,208196,25,208201,25,208204,45,208207,30,208208,508750,208208,0,208207,1,207401,95,208209,0,208209,0,207401,0,208210,0,208210,0,208212,33,208224,11,208225,1100000,208225,1100000,208226,1100000,208226,1100000,208227,0,208227,0,208227,0,208227,0,208207,0,,
208297,1337384,208296,28,208300,44,208303,25,208306,25,208307,496540,208307,0,208306,1,207506,95,208308,0,208309,0,207506,0,208309,0,208309,0,208311,29,208320,13,208321,1100000,208321,1100000,208322,1100000,208323,1100000,208324,0,208324,0,208325,0,208325,0,208306,0,,
208399,1337880,208397,50,208402,50,208404,25,208407,33,208408,643060,208408,0,208407,1,207604,95,208409,0,208409,0,207605,0,208409,0,208410,0,208412,45,208424,15,208425,900000,208426,900000,208426,900000,208427,900000,208428,0,208428,0,208429,0,208429,0,208407,0,,
208498,1333664,208497,60,208499,81,208501,66,208503,37,208505,724680,208504,0,208504,1,207703,95,208505,0,208506,0,207703,0,208506,0,208506,0,208507,56,208513,24,208513,1300000,208513,1300000,208514,1300000,208514,1300000,208514,0,208515,0,208515,0,208516,0,208504,0,,
208599,1334020,208597,12,208601,22,208604,60,208606,30,208607,660920,208607,0,208606,1,207806,95,208607,0,208608,0,207806,0,208608,0,208608,0,208610,33,208616,12,208617,1100000,208618,1100000,208618,1100000,208619,1100000,208620,0,208621,0,208621,0,208622,0,208606,0,,
208700,1334268,208699,33,208704,33,208707,54,208710,40,208712,651200,208711,0,208711,1,207904,95,208712,0,208712,0,207904,0,208713,0,208713,0,208714,40,208723,12,208724,1100000,208724,1100000,208724,1100000,208725,1100000,208725,0,208726,0,208726,0,208726,0,208711,0,,
208800,1334268,208799,40,208803,62,208805,25,208807,33,208809,651200,208808,0,208808,1,208005,95,208809,0,208810,0,208006,0,208811,0,208811,0,208813,44,208821,16,208821,1100000,208822,1100000,208823,1100000,208823,1100000,208824,0,208824,0,208825,0,208825,0,208808,0,,
208900,1334516,208899,28,208903,0,208906,50,208909,22,208911,407000,208911,0,208910,1,208105,95,208911,0,208912,0,208105,0,208913,0,208913,0,208915,25,208926,7,208927,900000,208928,900000,208928,900000,208928,900000,208929,0,208929,0,208930,0,208930,0,208909,0,,
209001,1334904,208999,37,209003,12,209005,55,209007,14,209008,350460,209008,0,209008,1,208209,95,209009,0,209009,0,208209,0,209010,0,209010,0,209011,33,209019,12,209020,1100000,209021,1100000,209021,1100000,209022,1100000,209023,0,209023,0,209023,0,209024,0,209008,0,,
209101,1333648,209100,33,209103,25,209106,55,209108,53,209109,675620,209109,0,209108,1,208308,95,209110,0,209111,0,208308,0,209111,0,209111,0,209113,42,209121,15,209121,1100000,209122,1100000,209123,1100000,209123,1100000,209124,0,209124,0,209125,0,209125,0,209108,0,,
209203,1334160,209201,25,209206,0,209209,72,209211,44,209213,573870,209213,0,209212,1,208409,95,209213,0,209214,0,208409,0,209214,0,209214,0,209217,38,209228,10,209228,900000,209229,900000,209229,900000,209230,900000,209230,0,209231,0,209231,0,209231,0,209212,0,,
209302,1334656,209301,45,209305,36,209307,60,209309,25,209310,493020,209310,0,209309,1,208505,95,209311,0,209311,0,208505,0,209312,0,209312,0,209313,44,209322,15,209323,1100000,209323,1100000,209324,1100000,209324,1100000,209325,0,209325,0,209326,0,209326,0,209309,0,,
209403,1335152,209401,40,209405,14,209407,54,209409,40,209410,602360,209410,0,209409,1,208608,95,209411,0,209411,0,208608,0,209412,0,209412,0,209413,38,209421,14,209421,1200000,209422,1200000,209423,1200000,209423,1200000,209424,0,209424,0,209424,0,209425,0,209409,0,,
209503,1335648,209502,46,209506,44,209508,54,209510,44,209511,879840,209511,0,209511,1,208712,95,209512,0,209512,0,208712,0,209513,0,209513,0,209514,46,209524,16,209524,1100000,209525,1100000,209525,1100000,209526,1100000,209526,0,209526,0,209527,0,209527,0,209511,0,,
209604,1336160,209602,40,209606,22,209608,60,209610,36,209612,643060,209611,0,209611,1,208809,95,209612,0,209613,0,208809,0,209613,0,209613,0,209615,42,209625,15,209625,1100000,209626,1100000,209626,1100000,209626,1100000,209627,0,209627,0,209627,0,209627,0,209611,0,,
209706,1336392,209704,37,209709,33,209712,33,209714,44,209716,598290,209715,0,209715,1,208911,95,209716,0,209717,0,208912,0,209718,0,209718,0,209722,34,209730,13,209731,900000,209731,900000,209732,900000,209732,900000,209733,0,209733,0,209734,0,209735,0,209714,0,,
209805,1336996,209804,33,209808,45,209810,54,209812,55,209813,555390,209813,0,209812,1,209009,95,209813,0,209814,0,209009,0,209814,0,209814,0,209816,46,209825,14,209826,1100000,209826,1100000,209826,1100000,209827,1100000,209827,0,209828,0,209828,0,209828,0,209812,0,,
209911,1336128,209904,55,209917,46,209919,22,209921,50,209922,704110,209922,0,209921,1,209110,95,209922,0,209923,0,209110,0,209923,0,209923,0,209925,47,209930,16,209930,1300000,209931,1300000,209931,1500000,209932,1500000,209932,0,209932,0,209932,0,209933,0,209921,0,,
210007,1333912,210005,40,210009,25,210012,12,210014,33,210015,650200,210015,0,210014,1,209213,95,210016,0,210018,0,209214,0,210018,0,210018,0,210020,25,210027,10,210027,1100000,210028,1100000,210028,1100000,210028,1100000,210029,0,210029,0,210029,0,210030,0,210014,0,,
210106,1334284,210105,22,210109,11,210111,45,210113,25,210114,419210,210114,0,210113,1,209311,95,210115,0,210115,0,209311,0,210116,0,210116,0,210118,28,210126,8,210127,1100000,210127,1100000,210127,1100000,210128,1100000,210128,0,210128,0,210129,0,210129,0,210113,0,,
210207,1334532,210206,30,210209,44,210211,14,210213,41,210215,525030,210215,0,210214,1,209411,95,210215,0,210216,0,209411,0,210217,0,210217,0,210219,33,210228,12,210229,900000,210229,900000,210230,900000,210230,900000,210231,0,210231,0,210231,0,210232,0,210214,0,,
210307,1334656,210306,33,210309,44,210312,53,210314,33,210315,484110,210315,0,210314,1,209512,95,210316,0,210316,0,209512,0,210317,0,210317,0,210318,43,210327,13,210328,1100000,210329,1100000,210329,1100000,210330,1100000,210330,0,210331,0,210331,0,210332,0,210314,0,,
210408,1335276,210407,25,210411,40,210413,60,210414,45,210416,691900,210415,0,210415,1,209612,95,210416,0,210416,0,209612,0,210417,0,210417,0,210419,41,210426,14,210427,1100000,210427,1100000,210428,1100000,210428,1100000,210428,0,210429,0,210429,0,210429,0,210415,0,,
210509,1335524,210507,33,210514,45,210516,44,210519,33,210520,630850,210520,0,210519,1,209716,95,210521,0,210522,0,209717,0,210523,0,210523,0,210525,46,210531,15,210531,1100000,210532,1100000,210532,1100000,210532,1100000,210533,0,210533,0,210533,0,210534,0,210519,0,,
210611,1335912,210610,44,210613,55,210615,40,210617,30,210618,687830,210618,0,210617,1,209813,95,210618,0,210621,0,209814,0,210622,0,210622,0,210624,43,210630,16,210631,1100000,210631,1100000,210632,1100000,210632,1100000,210632,0,210633,0,210633,0,210633,0,210617,0,,
210713,1335912,210711,58,210716,33,210719,36,210723,45,210725,700040,210724,0,210723,1,209922,95,210725,0,210726,0,209923,0,210727,0,210728,0,210730,43,210740,14,210741,900000,210742,900000,210743,900000,210744,900000,210745,0,210746,0,210746,0,210747,0,210723,0,,
210814,1336004,210813,55,210816,25,210818,30,210820,37,210824,436590,210824,0,210823,1,210017,95,210825,0,210825,0,210017,0,210826,0,210826,0,210828,34,210834,11,210834,1100000,210835,1100000,210836,1100000,210837,1100000,210837,0,210838,0,210839,0,210839,0,210823,0,,
210914,1336144,210913,54,210916,36,210918,37,210921,54,210922,736670,210922,0,210921,1,210115,95,210923,0,210924,0,210115,0,210924,0,210924,0,210926,46,210933,17,210933,1100000,210934,1100000,210934,1100000,210935,1100000,210935,0,210936,0,210936,0,210937,0,210921,0,,
211016,1336516,211014,40,211018,14,211022,37,211026,50,211027,573870,211027,0,211026,1,210216,95,211028,0,211029,0,210216,0,211030,0,211030,0,211032,33,211039,11,211040,1200000,211040,1200000,211041,1200000,211041,1200000,211042,0,211042,0,211043,0,211043,0,211026,0,,
211116,1336640,211115,33,211121,25,211123,40,211127,22,211128,561600,211128,0,211127,1,210316,95,211129,0,211129,0,210316,0,211130,0,211130,0,211132,30,211143,10,211143,1100000,211144,1100000,211144,1100000,211145,1100000,211145,0,211146,0,211146,0,211146,0,211127,0,,
211216,1336888,211215,14,211218,45,211220,25,211223,55,211224,565730,211224,0,211223,1,210416,95,211225,0,211226,0,210416,0,211226,0,211226,0,211228,39,211233,13,211234,1100000,211234,1100000,211235,1100000,211235,1100000,211236,0,211237,0,211237,0,211238,0,211223,0,,
211316,1337600,211315,50,211319,45,211322,12,211324,55,211326,659339,211325,0,211325,1,210521,95,211326,0,211327,0,210522,0,211328,0,211328,0,211330,43,211338,18,211339,1100000,211340,1100000,211340,1100000,211342,1300000,211342,0,211343,0,211343,0,211344,0,211324,0,,
211422,1333772,211421,50,211425,44,211427,33,211428,60,211429,836690,211429,0,211429,1,210619,95,211430,0,211430,0,210619,0,211431,0,211432,0,211433,46,211444,18,211445,900000,211445,900000,211446,900000,211447,1100000,211447,0,211448,0,211448,0,211449,0,211429,0,,
211523,1334020,211522,60,211526,50,211528,25,211530,12,211532,449789,211531,0,211531,1,210726,95,211532,0,211533,0,210726,0,211534,0,211534,0,211536,38,211545,13,211546,1100000,211547,1100000,211547,1100000,211548,1100000,211548,0,211549,0,211549,0,211549,0,211530,0,,
211623,1334144,211622,44,211625,33,211627,40,211630,33,211631,610500,211631,0,211630,1,210825,95,211631,0,211632,0,210825,0,211632,0,211632,0,211634,35,211642,12,211643,900000,211644,900000,211645,900000,211646,900000,211646,0,211647,0,211647,0,211648,0,211630,0,,
211727,1334392,211726,40,211729,30,211731,37,211733,50,211734,466290,211734,0,211734,1,210923,95,211735,0,211736,0,210923,0,211737,0,211737,0,211739,41,211746,15,211747,1100000,211747,1100000,211747,1100000,211748,1100000,211748,0,211748,0,211749,0,211749,0,211734,0,,
211825,1334516,211823,50,211827,30,211829,25,211831,60,211833,671550,211832,0,211832,1,211028,95,211833,0,211834,0,211029,0,211834,0,211835,0,211836,43,211844,15,211845,1100000,211846,1100000,211846,1100000,211847,1100000,211847,0,211847,0,211848,0,211848,0,211832,0,,
211925,1334872,211924,25,211928,33,211931,37,211934,33,211935,520960,211935,0,211934,1,211129,95,211936,0,211938,0,211129,0,211939,0,211939,0,211942,28,211951,11,211952,900000,211952,900000,211953,900000,211954,900000,211955,0,211956,0,211956,0,211957,0,211934,0,,
212026,1335120,212025,45,212028,40,212030,50,212032,60,212034,579150,212033,0,212033,1,211225,95,212034,0,212035,0,211225,0,212035,0,212035,0,212037,50,212046,14,212047,1100000,212047,1100000,212047,1100000,212048,1100000,212048,0,212048,0,212049,0,212049,0,212033,0,,
212126,1335260,212124,55,212128,40,212130,25,212132,45,212133,671550,212133,0,212132,1,211326,95,212133,0,212134,0,211327,0,212134,0,212134,0,212136,43,212144,15,212144,1100000,212145,1100000,212146,1100000,212146,1100000,212146,0,212147,0,212147,0,212148,0,212132,0,,
212228,1335756,212226,40,212230,25,212233,40,212236,25,212238,529100,212237,0,212236,1,211430,95,212238,0,212240,0,211430,0,212241,0,212241,0,212243,38,212251,12,212252,1100000,212253,1100000,212254,1100000,212254,1100000,212255,0,212256,0,212256,0,212257,0,212236,0,,
212327,1336004,212326,45,212329,54,212332,50,212334,44,212335,785510,212335,0,212334,1,211532,95,212336,0,212337,0,211533,0,212338,0,212338,0,212341,43,212347,17,212348,1100000,212348,1100000,212349,1100000,212349,1100000,212350,0,212350,0,212350,0,212351,0,212334,0,,
212427,1336252,212426,37,212429,36,212432,45,212434,50,212435,683760,212434,0,212434,1,211632,95,212435,0,212435,0,211632,0,212436,0,212436,0,212437,43,212446,13,212446,1100000,212447,1100000,212447,1100000,212447,1100000,212448,0,212448,0,212448,0,212449,0,212434,0,,
212528,1336764,212527,40,212530,54,212532,40,212534,30,212536,667480,212535,0,212535,1,211735,95,212536,0,212540,0,211735,0,212541,0,212541,0,212543,46,212549,15,212549,1100000,212550,1100000,212550,1100000,212551,1100000,212551,0,212551,0,212552,0,212552,0,212535,0,,
212628,1337244,212627,40,212631,53,212633,54,212635,50,212636,801790,212636,0,212635,1,211833,95,212636,0,212638,0,211833,0,212638,0,212639,0,212641,43,212648,17,212649,1100000,212649,1100000,212650,1100000,212651,1100000,212651,0,212651,0,212652,0,212652,0,212635,0,,
212731,1337244,212729,44,212733,33,212736,50,212739,44,212741,695970,212741,0,212740,1,211936,95,212742,0,212744,0,211936,0,212745,0,212745,0,212747,47,212756,14,212757,900000,212758,900000,212759,900000,212759,900000,212760,0,212761,0,212761,0,212762,0,212740,0,,
212832,1337988,212831,54,212834,50,212839,75,212843,55,212845,694980,212845,0,212844,1,212034,95,212847,0,212849,0,212034,0,212849,0,212850,0,212852,65,212873,23,212874,1500000,212877,1500000,212878,1500000,212879,1500000,212879,0,212880,0,212880,0,212881,0,212844,0,,
212929,1334640,212928,60,212931,70,212932,62,212934,55,212935,1667250,212934,0,212934,1,212133,95,212935,0,212935,0,212133,0,212936,0,212936,0,212937,48,212944,22,212945,1500000,212945,1500000,212945,1500000,212946,1500000,212946,0,212946,0,212946,0,212947,0,212934,0,,
213032,1334640,213030,30,213035,55,213038,25,213044,41,213046,1019250,213046,0,213045,1,212239,95,213047,0,213048,0,212239,0,213049,0,213049,0,213051,42,213060,13,213061,1100000,213061,1100000,213062,1100000,213063,1100000,213063,0,213063,0,213064,0,213064,0,213044,0,,
213132,1334904,213130,60,213134,25,213136,40,213138,25,213140,610500,213140,0,213139,1,212336,95,213141,0,213142,0,212336,0,213143,0,213143,0,213145,41,213153,15,213153,1100000,213154,1100000,213154,1100000,213154,1100000,213155,0,213156,0,213156,0,213157,0,213139,0,,
213232,1334904,213231,40,213233,11,213235,25,213237,22,213238,398860,213238,0,213238,1,212435,95,213239,0,213240,0,212435,0,213241,0,213242,0,213244,23,213252,8,213252,900000,213253,900000,213253,900000,213254,900000,213254,0,213255,0,213255,0,213256,0,213237,0,,
213336,1335168,213334,50,213342,22,213345,20,213347,41,213348,395010,213348,0,213347,1,212536,95,213348,0,213348,0,212536,0,213349,0,213351,0,213353,36,213362,8,213363,1100000,213363,1100000,213363,1100000,213364,1100000,213364,0,213364,0,213365,0,213365,0,213347,0,,
213435,1335648,213434,40,213437,33,213439,22,213442,22,213443,476190,213443,0,213442,1,212637,95,213443,0,213444,0,212637,0,213444,0,213444,0,213446,21,213451,8,213452,1100000,213453,1100000,213453,1100000,213453,1100000,213454,0,213454,0,213455,0,213455,0,213442,0,,
213535,1335896,213534,25,213537,40,213540,45,213542,14,213544,504680,213544,0,213543,1,212743,95,213545,0,213546,0,212743,0,213547,0,213547,0,213549,34,213557,11,213558,900000,213558,900000,213559,900000,213560,900000,213561,0,213562,0,213563,0,213564,0,213543,0,,
213637,1336144,213635,44,213641,45,213644,50,213647,45,213648,546480,213648,0,213648,1,212847,95,213649,0,213649,0,212847,0,213649,0,213650,0,213651,44,213659,13,213660,1100000,213661,1100000,213661,1100000,213661,1100000,213662,0,213662,0,213662,0,213663,0,213647,0,,
213736,1336268,213735,25,213738,28,213741,25,213743,50,213745,520960,213745,0,213744,1,212935,95,213745,0,213746,0,212935,0,213746,0,213746,0,213748,34,213757,10,213758,1100000,213759,1100000,213759,1100000,213760,1100000,213761,0,213761,0,213762,0,213762,0,213744,0,,
213837,1336624,213836,33,213840,40,213842,60,213845,12,213846,590150,213846,0,213845,1,213047,95,213846,0,213847,0,213048,0,213847,0,213847,0,213849,39,213854,15,213855,1100000,213856,1100000,213856,1100000,213857,1100000,213857,0,213860,0,213860,0,213861,0,213845,0,,
213939,1336996,213937,50,213943,50,213947,54,213949,45,213951,809930,213951,0,213950,1,213141,95,213951,0,213952,0,213141,0,213952,0,213952,0,213954,48,213963,14,213963,1100000,213964,1100000,213964,1100000,213964,1100000,213965,0,213965,0,213966,0,213966,0,213950,0,,
214038,1337244,214037,54,214041,14,214043,33,214045,55,214047,634920,214046,0,214046,1,213239,95,214047,0,214048,0,213239,0,214048,0,214048,0,214050,44,214056,16,214057,1100000,214057,1100000,214058,1100000,214059,1100000,214060,0,214061,0,214061,0,214061,0,214046,0,,
214143,1337492,214141,40,214147,22,214149,22,214152,33,214153,476190,214153,0,214152,1,213348,95,214153,0,214154,0,213348,0,214154,0,214155,0,214157,26,214166,9,214167,900000,214168,900000,214168,900000,214168,900000,214169,0,214169,0,214170,0,214170,0,214152,0,,
214243,1338236,214242,44,214245,70,214247,33,214251,33,214252,534600,214252,0,214252,1,213443,95,214253,0,214253,0,213443,0,214254,0,214254,0,214256,48,214267,16,214267,1300000,214268,1300000,214268,1300000,214269,1300000,214270,0,214270,0,214270,0,214271,0,214252,0,,
214346,1334020,214345,54,214348,81,214350,50,214353,33,214354,1161940,214354,0,214353,1,213545,95,214354,0,214355,0,213545,0,214355,0,214355,0,214359,53,214366,22,214366,1100000,214367,1100000,214367,1100000,214367,1100000,214368,0,214368,0,214368,0,214369,0,214353,0,,
214447,1334268,214446,22,214450,55,214453,30,214455,50,214457,638990,214457,0,214456,1,213649,95,214458,0,214459,0,213649,0,214461,0,214461,0,214464,46,214472,14,214473,900000,214473,900000,214474,900000,214476,900000,214476,0,214477,0,214478,0,214479,0,214456,0,,
214547,1334516,214546,58,214549,41,214552,54,214554,66,214555,650430,214555,0,214554,1,213745,95,214555,0,214556,0,213746,0,214557,0,214558,0,214559,48,214566,18,214567,1100000,214567,1100000,214568,1100000,214568,1100000,214568,0,214569,0,214569,0,214569,0,214554,0,,
214648,1334764,214646,50,214650,50,214652,40,214654,60,214655,814000,214655,0,214654,1,213846,95,214655,0,214656,0,213846,0,214657,0,214657,0,214659,48,214666,16,214667,1100000,214667,1100000,214667,1100000,214668,1100000,214668,0,214668,0,214669,0,214669,0,214654,0,,
214750,1335012,214749,36,214753,22,214758,36,214762,40,214764,545380,214764,0,214762,1,213951,95,214765,0,214766,0,213952,0,214766,0,214767,0,214768,41,214780,14,214781,900000,214781,900000,214782,900000,214782,900000,214783,0,214783,0,214783,0,214784,0,214762,0,,
214848,1335260,214847,58,214851,63,214853,44,214854,40,214856,608850,214855,0,214855,1,214047,95,214856,0,214858,0,214047,0,214858,0,214859,0,214861,46,214868,17,214869,1100000,214869,1100000,214869,1100000,214870,1100000,214870,0,214870,0,214871,0,214871,0,214855,0,,
214898,1335384,214897,25,214900,40,214902,60,214904,40,214905,671550,214905,0,214904,1,214154,95,214905,0,214906,0,214154,0,214907,0,214908,0,214910,40,214918,17,214918,1200000,214919,1200000,214919,1200000,214920,1200000,214921,0,214921,0,214921,0,214922,0,214904,0,,
214999,1334764,214998,40,215001,41,215003,25,215007,55,215010,753480,215009,0,215008,1,214253,95,215011,0,215013,0,214253,0,215013,0,215014,0,215016,45,215025,13,215026,900000,215027,900000,215028,900000,215028,900000,215029,0,215030,0,215031,0,215032,0,215008,0,,
215099,1335012,215098,40,215101,44,215103,37,215105,63,215106,546480,215106,0,215106,1,214354,95,215107,0,215109,0,214354,0,215110,0,215111,0,215113,48,215119,15,215119,1100000,215120,1100000,215120,1100000,215120,1100000,215121,0,215121,0,215121,0,215122,0,215106,0,,
215200,1335260,215199,40,215202,30,215204,66,215205,45,215206,736670,215206,0,215206,1,214458,95,215207,0,215209,0,214459,0,215209,0,215210,0,215212,46,215219,16,215219,1100000,215219,1100000,215220,1100000,215220,1100000,215221,0,215221,0,215221,0,215221,0,215206,0,,
215301,1335384,215300,40,215303,40,215306,44,215308,45,215311,687830,215310,0,215309,1,214555,95,215312,0,215314,0,214556,0,215314,0,215314,0,215317,45,215324,14,215325,900000,215326,900000,215327,900000,215327,900000,215329,0,215332,0,215333,0,215334,0,215309,0,,
215400,1335988,215399,50,215402,63,215404,33,215407,45,215409,567270,215408,0,215407,1,214655,95,215409,0,215411,0,214656,0,215411,0,215412,0,215413,46,215420,17,215420,1100000,215421,1100000,215421,1100000,215421,1100000,215422,0,215422,0,215422,0,215423,0,215407,0,,
215501,1336484,215500,50,215503,50,215505,25,215506,33,215508,643060,215508,0,215507,1,214765,95,215509,0,215511,0,214765,0,215512,0,215512,0,215514,37,215520,13,215521,1100000,215521,1100000,215522,1100000,215522,1100000,215522,0,215523,0,215523,0,215523,0,215507,0,,
215602,1336980,215600,33,215606,44,215611,36,215616,36,215620,606430,215619,0,215618,1,214856,95,215621,0,215622,0,214857,0,215622,0,215623,0,215627,41,215638,12,215639,1100000,215639,1100000,215640,1100000,215641,1100000,215642,0,215642,0,215643,0,215645,0,215618,0,,
215702,1337740,215701,44,215704,37,215707,55,215709,28,215711,667480,215711,0,215710,1,214906,95,215712,0,215713,0,214906,0,215713,0,215714,0,215716,45,215730,16,215731,1100000,215731,1100000,215733,1100000,215733,1100000,215734,0,215735,0,215735,0,215736,0,215710,0,,
215802,1334764,215801,55,215803,57,215805,55,215807,50,215808,883190,215808,0,215807,1,215012,95,215808,0,215809,0,215012,0,215810,0,215810,0,215812,50,215818,19,215819,1200000,215819,1200000,215819,1200000,215820,1200000,215820,0,215821,0,215821,0,215821,0,215807,0,,
215903,1334888,215901,36,215904,30,215906,50,215909,12,215911,599040,215910,0,215909,1,215108,95,215912,0,215913,0,215108,0,215913,0,215913,0,215915,33,215922,13,215922,1100000,215923,1100000,215923,1100000,215923,1100000,215924,0,215924,0,215924,0,215925,0,215909,0,,
216003,1335012,216002,33,216005,36,216007,44,216009,44,216012,638990,216011,0,216010,1,215207,95,216012,0,216013,0,215208,0,216014,0,216014,0,216016,42,216022,15,216023,1100000,216023,1100000,216024,1100000,216024,1100000,216024,0,216025,0,216025,0,216026,0,216010,0,,
216104,1335136,216103,25,216107,45,216109,12,216113,50,216115,537240,216114,0,216113,1,215312,95,216116,0,216116,0,215313,0,216117,0,216117,0,216119,33,216129,10,216131,900000,216131,900000,216132,900000,216133,900000,216134,0,216134,0,216135,0,216136,0,216113,0,,
216205,1335508,216204,55,216208,25,216212,37,216215,42,216217,472230,216216,0,216216,1,215410,95,216217,0,216218,0,215410,0,216218,0,216218,0,216220,36,216234,12,216234,1100000,216235,1100000,216236,1100000,216236,1100000,216237,0,216238,0,216238,0,216238,0,216215,0,,
216305,1335756,216304,45,216307,22,216309,33,216311,28,216312,520960,216312,0,216311,1,215509,95,216313,0,216314,0,215509,0,216314,0,216314,0,216316,36,216324,11,216325,1100000,216325,1100000,216326,1100000,216327,1100000,216328,0,216328,0,216329,0,216329,0,216311,0,,
216405,1335880,216404,37,216407,33,216409,22,216411,28,216413,488400,216412,0,216412,1,215621,95,216413,0,216414,0,215622,0,216414,0,216414,0,216416,31,216423,11,216423,900000,216424,900000,216424,900000,216425,900000,216426,0,216427,0,216428,0,216428,0,216411,0,,
216507,1336128,216505,45,216511,30,216518,45,216520,45,216521,490049,216521,0,216521,1,215712,95,216522,0,216522,0,215712,0,216523,0,216523,0,216524,42,216533,12,216534,1100000,216534,1100000,216535,1100000,216535,1100000,216536,0,216536,0,216536,0,216536,0,216520,0,,
216606,1336408,216605,55,216608,37,216610,14,216613,37,216614,582010,216614,0,216614,1,215808,95,216615,0,216616,0,215809,0,216617,0,216618,0,216619,34,216628,12,216629,1100000,216629,1100000,216630,1100000,216631,1100000,216631,0,216632,0,216633,0,216633,0,216613,0,,
216706,1336796,216705,50,216708,33,216710,12,216713,45,216715,569800,216715,0,216714,1,215912,95,216716,0,216718,0,215912,0,216719,0,216719,0,216721,36,216731,12,216732,900000,216732,900000,216733,900000,216734,900000,216734,0,216735,0,216735,0,216735,0,216714,0,,
216807,1336996,216806,54,216811,60,216813,40,216815,45,216817,591030,216817,0,216816,1,216012,95,216817,0,216818,0,216013,0,216819,0,216819,0,216820,48,216826,16,216826,1100000,216827,1100000,216828,1100000,216828,1100000,216829,0,216830,0,216830,0,216831,0,216816,0,,
216908,1337368,216907,54,216910,37,216912,33,216914,33,216916,638990,216916,0,216915,1,216116,95,216916,0,216917,0,216116,0,216918,0,216918,0,216920,42,216926,16,216927,1100000,216927,1100000,216928,1100000,216929,1100000,216929,0,216930,0,216931,0,216932,0,216915,0,,
217009,1337756,217007,40,217012,41,217016,40,217019,44,217021,671550,217021,0,217020,1,216217,95,217022,0,217023,0,216217,0,217023,0,217024,0,217026,42,217038,11,217038,900000,217039,900000,217039,900000,217039,900000,217040,0,217041,0,217041,0,217041,0,217020,0,,
217108,1337988,217107,37,217111,50,217114,44,217117,54,217118,549450,217118,0,217117,1,216313,95,217119,0,217119,0,216313,0,217119,0,217120,0,217121,45,217129,16,217130,1100000,217131,1100000,217132,1100000,217133,1100000,217134,0,217134,0,217134,0,217135,0,217117,0,,
217208,1334020,217207,75,217210,58,217212,44,217214,100,217215,1127389,217215,0,217214,1,216413,95,217216,0,217216,0,216414,0,217217,0,217217,0,217218,67,217223,27,217223,1500000,217223,1500000,217224,1500000,217224,1500000,217224,0,217225,0,217225,0,217225,0,217214,0,,
217309,1334268,217308,30,217312,25,217318,20,217322,30,217323,708750,217323,0,217322,1,216522,95,217324,0,217324,0,216522,0,217325,0,217325,0,217327,30,217340,11,217341,900000,217341,900000,217342,900000,217342,900000,217343,0,217343,0,217344,0,217345,0,217322,0,,
217410,1334268,217409,66,217412,45,217415,44,217418,40,217419,579150,217419,0,217418,1,216616,95,217419,0,217420,0,216616,0,217420,0,217421,0,217422,47,217432,17,217433,1100000,217433,1100000,217434,1100000,217435,1100000,217436,0,217437,0,217437,0,217438,0,217418,0,,
217510,1334640,217509,50,217513,41,217516,50,217518,33,217519,708180,217519,0,217519,1,216716,95,217520,0,217520,0,216717,0,217521,0,217521,0,217522,47,217529,17,217530,1100000,217531,1100000,217532,1100000,217533,1100000,217533,0,217534,0,217534,0,217535,0,217519,0,,
217612,1334796,217610,50,217618,45,217621,45,217624,40,217625,732599,217625,0,217624,1,216818,95,217626,0,217627,0,216818,0,217627,0,217627,0,217631,40,217641,14,217641,1100000,217642,1100000,217643,1100000,217643,1100000,217644,0,217645,0,217645,0,217646,0,217624,0,,
217712,1335276,217710,70,217715,50,217717,45,217719,36,217720,818069,217720,0,217720,1,216917,95,217721,0,217721,0,216917,0,217722,0,217722,0,217724,51,217732,17,217733,1100000,217733,1100000,217734,1100000,217734,1100000,217735,0,217735,0,217736,0,217736,0,217720,0,,
217812,1335384,217811,63,217815,22,217818,33,217819,37,217821,630850,217820,0,217820,1,217022,95,217821,0,217822,0,217022,0,217822,0,217822,0,217824,40,217832,14,217832,1100000,217833,1100000,217833,1100000,217834,1100000,217834,0,217835,0,217835,0,217835,0,217820,0,,
217914,1335616,217912,54,217917,40,217919,33,217923,30,217924,638990,217924,0,217923,1,217119,95,217924,0,217925,0,217119,0,217925,0,217926,0,217928,41,217937,12,217938,900000,217939,900000,217939,900000,217939,900000,217940,0,217940,0,217941,0,217941,0,217923,0,,
218013,1335864,218011,50,218015,60,218017,30,218019,50,218020,564300,218020,0,218019,1,217216,95,218021,0,218022,0,217216,0,218022,0,218022,0,218024,47,218031,17,218032,1100000,218032,1100000,218033,1100000,218033,1100000,218033,0,218034,0,218034,0,218034,0,218019,0,,
218113,1335864,218112,12,218115,50,218117,20,218118,30,218120,455840,218119,0,218119,1,217324,95,218120,0,218121,0,217324,0,218121,0,218121,0,218123,26,218128,9,218129,1100000,218129,1100000,218129,1100000,218130,1100000,218130,0,218130,0,218131,0,218131,0,218119,0,,
218214,1336252,218213,22,218217,40,218220,10,218222,20,218223,374440,218223,0,218223,1,217420,95,218224,0,218224,0,217420,0,218225,0,218225,0,218226,26,218233,8,218233,1100000,218234,1100000,218234,1100000,218234,1100000,218235,0,218235,0,218235,0,218236,0,218223,0,,
218314,1336500,218313,33,218317,60,218319,30,218321,12,218322,549450,218322,0,218321,1,217520,95,218322,0,218323,0,217520,0,218323,0,218323,0,218325,32,218331,11,218331,1100000,218332,1100000,218332,1100000,218333,1100000,218333,0,218333,0,218334,0,218334,0,218321,0,,
218415,1336888,218414,20,218418,11,218420,11,218423,36,218424,317460,218424,0,218423,1,217626,95,218424,0,218425,0,217626,0,218426,0,218426,0,218428,17,218436,6,218436,900000,218437,900000,218437,900000,218438,900000,218438,0,218439,0,218439,0,218439,0,218423,0,,
218517,1337260,218515,22,218519,14,218523,30,218525,33,218526,294030,218526,0,218526,1,217721,95,218527,0,218527,0,217721,0,218528,0,218528,0,218529,30,218536,7,218536,1100000,218537,1100000,218537,1100000,218538,1100000,218538,0,218538,0,218539,0,218539,0,218526,0,,
218627,1334020,218615,25,218629,30,218630,22,218632,66,218633,582010,218633,0,218632,1,217821,95,218633,0,218634,0,217821,0,218634,0,218635,0,218636,38,218641,14,218641,1300000,218641,1300000,218642,1300000,218642,1300000,218642,0,218643,0,218643,0,218643,0,218632,0,,
218716,1334408,218715,20,218718,22,218720,33,218723,20,218724,506350,218724,0,218723,1,217925,95,218724,0,218725,0,217925,0,218726,0,218726,0,218728,18,218736,7,218737,900000,218737,900000,218738,900000,218738,900000,218739,0,218739,0,218739,0,218740,0,218723,0,,
218818,1334656,218816,40,218819,30,218822,36,218824,30,218825,403919,218825,0,218824,1,218021,95,218825,0,218826,0,218021,0,218827,0,218827,0,218828,35,218835,11,218836,1100000,218837,1100000,218837,1100000,218837,1100000,218838,0,218838,0,218838,0,218839,0,218824,0,,
218917,1334888,218916,37,218919,22,218921,0,218923,22,218924,329670,218924,0,218924,1,218120,95,218925,0,218925,0,218120,0,218926,0,218926,0,218927,20,218933,6,218933,1100000,218934,1100000,218934,1100000,218935,1100000,218935,0,218935,0,218936,0,218936,0,218924,0,,
219019,1335152,219017,11,219021,30,219023,20,219026,0,219027,248270,219027,0,219026,1,218224,95,219027,0,219028,0,218224,0,219029,0,219029,0,219031,15,219038,5,219039,900000,219039,900000,219040,900000,219040,900000,219041,0,219041,0,219041,0,219042,0,219026,0,,
219118,1335152,219117,22,219121,45,219123,36,219124,20,219126,365310,219126,0,219125,1,218322,95,219126,0,219127,0,218322,0,219127,0,219127,0,219129,31,219135,9,219135,1100000,219136,1100000,219136,1100000,219137,1100000,219137,0,219138,0,219138,0,219139,0,219125,0,,
219219,1335632,219218,0,219221,40,219223,37,219225,25,219226,415140,219226,0,219225,1,218425,95,219226,0,219227,0,218425,0,219227,0,219228,0,219229,26,219238,9,219238,1100000,219239,1100000,219239,1100000,219239,1100000,219240,0,219240,0,219241,0,219241,0,219225,0,,
219321,1335756,219319,40,219323,46,219326,37,219328,37,219330,651200,219329,0,219329,1,218527,95,219331,0,219333,0,218527,0,219334,0,219334,0,219337,46,219344,14,219345,900000,219346,900000,219346,900000,219347,900000,219349,0,219349,0,219351,0,219351,0,219329,0,,
219423,1336004,219422,33,219425,40,219427,33,219429,54,219432,475200,219432,0,219431,1,218634,95,219433,0,219434,0,218634,0,219435,0,219435,0,219437,38,219444,13,219445,1100000,219445,1100000,219447,1100000,219448,1100000,219448,0,219449,0,219450,0,219451,0,219431,0,,
219524,1336144,219523,50,219525,45,219527,54,219529,22,219532,695969,219531,0,219530,1,218725,95,219532,0,219533,0,218725,0,219534,0,219535,0,219537,47,219543,17,219544,1100000,219544,1100000,219545,1100000,219545,1100000,219545,0,219546,0,219546,0,219547,0,219529,0,,
219624,1336392,219623,70,219626,54,219628,30,219631,50,219633,830280,219633,0,219632,1,218826,95,219634,0,219635,0,218826,0,219636,0,219636,0,219637,50,219644,16,219644,1100000,219645,1100000,219645,1100000,219645,1100000,219646,0,219646,0,219647,0,219648,0,219632,0,,
219725,1336996,219724,50,219727,30,219729,55,219731,30,219733,671550,219732,0,219731,1,218925,95,219733,0,219734,0,218925,0,219735,0,219735,0,219737,42,219743,15,219744,1100000,219745,1100000,219745,1100000,219745,1100000,219746,0,219746,0,219747,0,219747,0,219731,0,,
219826,1337136,219825,33,219828,33,219831,37,219835,40,219837,582010,219836,0,219835,1,219028,95,219837,0,219839,0,219028,0,219839,0,219840,0,219842,35,219852,11,219853,900000,219854,900000,219854,900000,219855,900000,219856,0,219857,0,219857,0,219858,0,219835,0,,
219926,1337384,219925,50,219928,45,219929,55,219933,44,219935,576180,219934,0,219934,1,219126,95,219936,0,219937,0,219126,0,219938,0,219938,0,219940,47,219947,17,219948,1100000,219949,1100000,219949,1100000,219950,1100000,219951,0,219951,0,219952,0,219952,0,219933,0,,
220026,1338252,220025,44,220028,80,220031,45,220033,62,220038,940170,220037,0,220037,1,219227,95,220038,0,220039,0,219227,0,220040,0,220040,0,220042,60,220056,21,220057,1300000,220057,1300000,220058,1300000,220058,1300000,220058,0,220059,0,220060,0,220060,0,220034,0,,
220126,1334408,220125,45,220128,50,220129,33,220132,40,220134,895440,220134,0,220133,1,219332,95,220135,0,220135,0,219332,0,220136,0,220136,0,220137,39,220142,18,220143,1100000,220143,1100000,220144,1100000,220144,1100000,220145,0,220145,0,220145,0,220146,0,220133,0,,
220227,1334656,220226,50,220229,40,220231,63,220234,40,220236,785510,220235,0,220235,1,219434,95,220236,0,220237,0,219434,0,220238,0,220238,0,220240,45,220248,18,220249,1100000,220249,1100000,220250,1100000,220251,1100000,220252,0,220252,0,220253,0,220253,0,220234,0,,
220329,1334780,220328,40,220333,53,220336,61,220339,40,220341,789579,220341,0,220340,1,219532,95,220342,0,220342,0,219533,0,220343,0,220343,0,220345,52,220356,15,220357,900000,220358,900000,220358,900000,220359,900000,220359,0,220360,0,220360,0,220361,0,220339,0,,
220428,1334904,220427,37,220430,33,220433,70,220435,44,220437,546480,220437,0,220436,1,219634,95,220437,0,220438,0,219634,0,220438,0,220438,0,220440,44,220446,16,220447,1100000,220448,1100000,220449,1100000,220450,1100000,220451,0,220451,0,220452,0,220452,0,220436,0,,
220529,1335400,220528,25,220531,44,220533,44,220536,45,220537,643060,220537,0,220536,1,219734,95,220538,0,220538,0,219734,0,220539,0,220539,0,220540,40,220546,13,220547,1100000,220547,1100000,220548,1100000,220549,1100000,220549,0,220550,0,220551,0,220552,0,220536,0,,
220630,1335524,220629,50,220635,50,220638,45,220642,40,220643,752950,220643,0,220643,1,219838,95,220644,0,220644,0,219838,0,220645,0,220645,0,220647,46,220658,14,220658,1100000,220659,1100000,220659,1100000,220659,1100000,220660,0,220660,0,220660,0,220661,0,220642,0,,
220730,1335772,220729,40,220732,44,220735,50,220738,50,220739,748880,220739,0,220738,1,219936,95,220740,0,220741,0,219936,0,220741,0,220741,0,220743,50,220752,18,220753,1100000,220754,1100000,220754,1100000,220755,1100000,220755,0,220756,0,220756,0,220756,0,220738,0,,
220830,1335152,220829,37,220833,30,220835,25,220838,37,220839,525030,220839,0,220838,1,220039,95,220840,0,220840,0,220039,0,220841,0,220841,0,220843,31,220848,11,220849,1100000,220850,1100000,220852,900000,220853,900000,220854,0,220855,0,220855,0,220856,0,220838,0,,
220931,1335524,220930,55,220933,58,220936,28,220938,14,220939,584650,220939,0,220938,1,220135,95,220939,0,220940,0,220135,0,220940,0,220941,0,220942,40,220949,11,220949,1100000,220950,1100000,220951,1100000,220952,1100000,220952,0,220953,0,220953,0,220954,0,220938,0,,
221031,1336036,221030,44,221034,55,221036,40,221038,33,221039,700040,221039,0,221039,1,220236,95,221040,0,221041,0,220237,0,221041,0,221042,0,221043,45,221049,16,221050,1100000,221051,1100000,221051,1100000,221052,1100000,221053,0,221053,0,221054,0,221054,0,221038,0,,
221133,1336408,221131,40,221137,50,221139,12,221142,45,221143,598290,221143,0,221143,1,220342,95,221144,0,221144,0,220342,0,221145,0,221145,0,221147,36,221157,11,221158,900000,221159,900000,221159,900000,221159,900000,221160,0,221160,0,221161,0,221161,0,221142,0,,
221233,1336780,221232,37,221235,50,221238,14,221240,25,221241,374219,221241,0,221240,1,220437,95,221242,0,221242,0,220437,0,221243,0,221243,0,221244,35,221252,12,221252,1100000,221253,1100000,221254,1100000,221254,1100000,221255,0,221255,0,221256,0,221256,0,221240,0,,
221333,1337524,221332,33,221336,44,221338,50,221340,25,221341,618640,221341,0,221341,1,220538,95,221342,0,221342,0,220538,0,221343,0,221343,0,221344,36,221351,13,221352,1100000,221353,1100000,221353,1100000,221354,1100000,221354,0,221355,0,221355,0,221355,0,221340,0,,
221435,1338020,221433,54,221438,63,221441,50,221443,33,221444,814000,221444,0,221444,1,220644,95,221445,0,221445,0,220644,0,221446,0,221446,0,221447,52,221456,16,221457,1100000,221457,1100000,221458,1100000,221458,1100000,221458,0,221459,0,221459,0,221460,0,221444,0,,
221534,1334532,221533,55,221537,62,221539,50,221541,55,221542,903540,221542,0,221542,1,220740,95,221543,0,221544,0,220740,0,221544,0,221544,0,221546,54,221555,19,221556,1100000,221557,1100000,221557,1100000,221558,1100000,221558,0,221559,0,221559,0,221560,0,221542,0,,
221636,1334780,221634,33,221639,25,221642,22,221644,60,221646,569800,221645,0,221645,1,220840,95,221646,0,221647,0,220840,0,221647,0,221647,0,221649,34,221659,14,221660,900000,221661,900000,221661,900000,221662,900000,221662,0,221663,0,221663,0,221663,0,221644,0,,
221736,1335044,221735,37,221739,33,221743,44,221746,37,221748,448470,221747,0,221747,1,220939,95,221748,0,221749,0,220940,0,221749,0,221750,0,221752,42,221759,11,221760,1100000,221760,1100000,221761,1100000,221761,1100000,221762,0,221762,0,221763,0,221763,0,221747,0,,
221838,1335260,221837,44,221841,33,221843,44,221845,37,221846,643060,221846,0,221845,1,221040,95,221846,0,221847,0,221040,0,221847,0,221847,0,221849,33,221857,12,221858,1100000,221858,1100000,221858,1100000,221859,1100000,221859,0,221859,0,221860,0,221860,0,221845,0,,
221941,1335648,221940,14,221943,22,221946,44,221948,20,221950,407000,221949,0,221949,1,221144,95,221951,0,221953,0,221144,0,221954,0,221955,0,221957,34,221965,12,221965,900000,221966,900000,221967,900000,221968,900000,221969,0,221970,0,221971,0,221972,0,221948,0,,
222041,1335896,222040,28,222043,33,222045,63,222047,33,222048,466290,222048,0,222047,1,221242,95,222048,0,222049,0,221242,0,222049,0,222049,0,222052,42,222060,14,222061,1100000,222062,1100000,222062,1100000,222063,1100000,222063,0,222064,0,222064,0,222064,0,222047,0,,
222142,1336268,222141,40,222144,33,222146,55,222147,33,222148,655270,222148,0,222148,1,221342,95,222149,0,222150,0,221342,0,222151,0,222151,0,222153,37,222160,13,222161,1100000,222161,1100000,222162,1100000,222162,1100000,222163,0,222163,0,222163,0,222163,0,222148,0,,
222243,1336532,222242,40,222245,25,222248,70,222250,40,222257,712250,222257,0,222254,1,221445,95,222258,0,222259,0,221445,0,222259,0,222259,0,222261,46,222268,14,222269,1100000,222270,1100000,222271,1100000,222271,1100000,222272,0,222272,0,222272,0,222273,0,222254,0,,
222343,1336532,222342,44,222345,41,222347,63,222348,30,222350,724460,222349,0,222349,1,221543,95,222351,0,222352,0,221543,0,222353,0,222353,0,222355,43,222361,16,222362,1100000,222362,1100000,222363,1100000,222363,1100000,222363,0,222364,0,222364,0,222364,0,222349,0,,
222443,1336780,222442,33,222445,45,222447,50,222449,37,222450,671550,222449,0,222449,1,221646,95,222451,0,222452,0,221646,0,222453,0,222453,0,222456,43,222464,15,222465,900000,222465,900000,222466,900000,222466,900000,222467,0,222467,0,222468,0,222469,0,222449,0,,
222544,1337152,222543,40,222547,40,222550,44,222553,60,222554,546480,222554,0,222553,1,221748,95,222555,0,222556,0,221748,0,222557,0,222557,0,222558,44,222564,13,222565,1100000,222565,1100000,222566,1100000,222566,1100000,222566,0,222567,0,222568,0,222568,0,222553,0,,
222644,1337508,222643,50,222647,41,222649,30,222651,37,222653,643060,222652,0,222652,1,221846,95,222653,0,222654,0,221846,0,222655,0,222656,0,222657,43,222665,16,222666,1100000,222666,1100000,222667,1100000,222667,1100000,222668,0,222669,0,222669,0,222670,0,222651,0,,
222746,1337756,222744,45,222749,50,222752,40,222758,60,222760,793650,222759,0,222759,1,221952,95,222761,0,222762,0,221952,0,222762,0,222762,0,222764,44,222775,14,222776,900000,222776,900000,222777,900000,222777,900000,222778,0,222778,0,222778,0,222779,0,222758,0,,
222845,1338112,222844,50,222847,33,222849,40,222852,50,222853,513809,222853,0,222852,1,222048,95,222854,0,222855,0,222048,0,222856,0,222856,0,222858,45,222864,16,222864,1100000,222865,1100000,222865,1100000,222865,1100000,222866,0,222866,0,222866,0,222867,0,222852,0,,
222946,1338856,222945,50,222948,44,222953,75,222956,63,222957,944240,222957,0,222956,1,222149,95,222958,0,222959,0,222149,0,222959,0,222960,0,222961,57,222974,21,222975,1500000,222975,1500000,222975,1500000,222976,1500000,222976,0,222976,0,222976,0,222977,0,222956,0,,
223047,1335260,223046,40,223050,22,223054,44,223056,33,223058,938250,223058,0,223057,1,222258,95,223059,0,223060,0,222258,0,223060,0,223060,0,223062,37,223068,16,223069,1100000,223070,1100000,223071,1100000,223072,1100000,223073,0,223073,0,223074,0,223074,0,223057,0,,
223147,1335384,223146,55,223149,37,223151,25,223153,45,223155,659340,223154,0,223154,1,222351,95,223155,0,223157,0,222351,0,223157,0,223157,0,223159,38,223166,14,223167,1100000,223168,1100000,223168,1100000,223169,1100000,223170,0,223171,0,223171,0,223172,0,223154,0,,
223249,1335508,223247,33,223251,40,223254,40,223257,36,223259,606430,223259,0,223258,1,222451,95,223259,0,223260,0,222451,0,223260,0,223261,0,223263,37,223271,12,223272,900000,223273,900000,223274,900000,223275,900000,223275,0,223276,0,223276,0,223276,0,223258,0,,
223348,1335632,223347,44,223350,55,223352,40,223355,14,223356,454410,223356,0,223355,1,222555,95,223356,0,223357,0,222556,0,223358,0,223358,0,223359,38,223366,12,223366,1100000,223367,1100000,223367,1100000,223367,1100000,223368,0,223369,0,223369,0,223370,0,223355,0,,
223449,1335880,223448,33,223451,44,223454,40,223456,22,223458,565730,223458,0,223457,1,222654,95,223458,0,223459,0,222654,0,223459,0,223459,0,223461,37,223467,14,223467,1100000,223468,1100000,223469,1100000,223469,1100000,223470,0,223471,0,223471,0,223472,0,223457,0,,
223550,1336128,223549,40,223553,40,223556,55,223559,25,223561,651200,223561,0,223560,1,222761,95,223561,0,223562,0,222761,0,223562,0,223563,0,223564,37,223575,11,223576,900000,223577,900000,223577,900000,223578,900000,223578,0,223578,0,223579,0,223579,0,223559,0,,
223650,1336128,223649,28,223652,22,223654,60,223657,40,223658,445500,223658,0,223657,1,222854,95,223659,0,223659,0,222854,0,223659,0,223659,0,223661,38,223667,12,223668,1100000,223668,1100000,223669,1100000,223670,1100000,223670,0,223671,0,223672,0,223672,0,223657,0,,
223750,1336268,223749,25,223752,25,223755,44,223757,45,223758,565730,223758,0,223758,1,222958,95,223759,0,223759,0,222958,0,223759,0,223760,0,223761,35,223767,12,223767,1100000,223768,1100000,223768,1100000,223769,1100000,223769,0,223770,0,223771,0,223772,0,223757,0,,
223852,1336516,223850,40,223854,33,223858,36,223861,45,223863,626780,223863,0,223862,1,223059,95,223864,0,223865,0,223059,0,223866,0,223866,0,223868,41,223877,13,223878,1100000,223878,1100000,223878,1100000,223879,1100000,223879,0,223879,0,223880,0,223880,0,223862,0,,
223951,1336996,223950,55,223954,30,223956,44,223958,44,223959,704110,223959,0,223959,1,223156,95,223960,0,223961,0,223156,0,223961,0,223961,0,223963,42,223968,15,223969,1100000,223969,1100000,223970,1100000,223971,1100000,223972,0,223972,0,223973,0,223973,0,223959,0,,
224052,1337120,224051,14,224054,44,224056,22,224058,33,224059,459910,224059,0,224059,1,223259,95,224060,0,224060,0,223259,0,224061,0,224061,0,224063,28,224071,10,224072,900000,224073,900000,224074,900000,224075,900000,224075,0,224076,0,224076,0,224076,0,224059,0,,
224152,1337384,224151,25,224154,50,224157,40,224159,40,224160,460350,224160,0,224159,1,223357,95,224161,0,224161,0,223357,0,224162,0,224162,0,224163,39,224170,13,224170,1100000,224171,1100000,224172,1100000,224172,1100000,224173,0,224174,0,224174,0,224174,0,224159,0,,
224253,1337864,224252,25,224256,55,224258,0,224260,41,224262,492470,224261,0,224261,1,223458,95,224262,0,224263,0,223458,0,224263,0,224263,0,224264,34,224271,11,224272,1100000,224272,1100000,224274,1100000,224274,1100000,224275,0,224275,0,224275,0,224276,0,224261,0,,
224354,1338112,224353,40,224360,45,224362,33,224365,22,224366,569800,224366,0,224365,1,223561,95,224366,0,224369,0,223562,0,224369,0,224370,0,224372,41,224379,13,224380,1100000,224380,1100000,224381,1100000,224381,1100000,224382,0,224382,0,224382,0,224383,0,224365,0,,
224454,1334516,224453,55,224456,80,224459,60,224461,37,224463,944240,224462,0,224462,1,223659,95,224463,0,224463,0,223659,0,224464,0,224464,0,224465,55,224472,20,224472,1200000,224473,1200000,224474,1200000,224474,1200000,224475,0,224475,0,224475,0,224476,0,224462,0,,
224554,1334904,224553,25,224558,37,224560,54,224562,33,224563,697319,224563,0,224563,1,223759,95,224564,0,224564,0,223759,0,224564,0,224564,0,224566,37,224573,14,224574,1200000,224574,1200000,224575,1200000,224575,1200000,224576,0,224576,0,224577,0,224577,0,224562,0,,
224656,1334904,224654,50,224659,50,224661,25,224663,37,224664,758160,224664,0,224664,1,223864,95,224665,0,224666,0,223864,0,224666,0,224666,0,224667,41,224676,13,224677,1100000,224677,1100000,224678,1100000,224678,1100000,224679,0,224679,0,224679,0,224679,0,224664,0,,
224756,1335028,224754,40,224758,37,224760,45,224762,37,224764,647130,224763,0,224763,1,223960,95,224764,0,224764,0,223960,0,224765,0,224765,0,224767,40,224775,14,224776,1100000,224776,1100000,224777,1100000,224777,1100000,224778,0,224778,0,224778,0,224779,0,224763,0,,
224859,1335260,224858,25,224863,45,224866,33,224868,40,224870,582010,224870,0,224869,1,224060,95,224871,0,224873,0,224060,0,224874,0,224875,0,224878,43,224886,14,224887,900000,224888,900000,224889,900000,224889,900000,224891,0,224891,0,224892,0,224893,0,224869,0,,
224957,1335508,224955,44,224959,45,224961,50,224963,55,224965,576180,224964,0,224964,1,224161,95,224965,0,224966,0,224161,0,224967,0,224967,0,224968,47,224977,16,224978,1100000,224979,1100000,224979,1100000,224980,1100000,224980,0,224981,0,224981,0,224982,0,224964,0,,
225057,1336128,225056,44,225059,37,225062,54,225064,40,225065,712250,225065,0,225064,1,224262,95,225065,0,225066,0,224262,0,225066,0,225066,0,225068,37,225076,13,225077,1100000,225077,1100000,225078,1100000,225078,1100000,225078,0,225079,0,225079,0,225079,0,225064,0,,
225159,1336376,225158,45,225162,33,225164,50,225166,54,225167,740740,225167,0,225166,1,224367,95,225167,0,225168,0,224368,0,225168,0,225168,0,225169,47,225178,17,225178,1100000,225179,1100000,225179,1100000,225179,1100000,225180,0,225180,0,225181,0,225181,0,225166,0,,
225259,1336732,225258,40,225261,40,225264,36,225266,55,225267,695970,225267,0,225266,1,224463,95,225267,0,225268,0,224463,0,225268,0,225269,0,225270,45,225279,15,225279,1100000,225280,1100000,225280,1100000,225281,1100000,225281,0,225281,0,225282,0,225282,0,225266,0,,
225360,1337120,225358,50,225364,36,225366,33,225368,22,225370,573870,225370,0,225369,1,224564,95,225372,0,225374,0,224564,0,225375,0,225376,0,225378,36,225385,11,225386,900000,225386,900000,225387,900000,225388,900000,225388,0,225389,0,225390,0,225391,0,225369,0,,
225460,1337384,225459,40,225462,37,225464,50,225466,60,225467,555390,225467,0,225467,1,224665,95,225468,0,225468,0,224665,0,225469,0,225469,0,225471,42,225479,16,225480,1100000,225480,1100000,225481,1100000,225481,1100000,225481,0,225482,0,225482,0,225482,0,225467,0,,
225560,1337632,225558,36,225563,36,225565,55,225567,40,225568,679690,225568,0,225567,1,224764,95,225568,0,225569,0,224764,0,225569,0,225569,0,225571,42,225579,16,225580,1100000,225581,1100000,225581,1100000,225581,1100000,225582,0,225582,0,225582,0,225583,0,225567,0,,
225661,1337988,225660,70,225665,33,225667,45,225669,22,225671,691900,225670,0,225670,1,224872,95,225671,0,225673,0,224872,0,225674,0,225674,0,225677,50,225684,13,225685,900000,225686,900000,225686,900000,225686,900000,225687,0,225687,0,225688,0,225689,0,225670,0,,
225761,1338484,225759,45,225763,42,225765,50,225767,40,225768,525690,225768,0,225767,1,224965,95,225768,0,225769,0,224966,0,225770,0,225770,0,225772,43,225779,14,225779,1100000,225780,1100000,225780,1100000,225781,1100000,225781,0,225781,0,225782,0,225782,0,225767,0,,
225862,1339120,225861,45,225864,60,225866,55,225868,44,225869,830280,225869,0,225869,1,225065,95,225870,0,225870,0,225066,0,225872,0,225872,0,225874,51,225886,18,225886,1300000,225887,1300000,225887,1300000,225888,1300000,225889,0,225890,0,225891,0,225892,0,225868,0,,
225962,1334764,225961,50,225964,60,225965,30,225967,44,225969,980719,225968,0,225968,1,225167,95,225969,0,225970,0,225167,0,225970,0,225970,0,225972,42,225980,19,225980,1100000,225981,1100000,225981,1100000,225982,1100000,225982,0,225982,0,225983,0,225983,0,225968,0,,
226062,1334764,226061,14,226064,50,226066,25,226068,25,226069,463980,226068,0,226068,1,225268,95,226069,0,226069,0,225268,0,226070,0,226070,0,226072,32,226081,11,226082,1100000,226082,1100000,226083,1100000,226083,1100000,226084,0,226084,0,226084,0,226085,0,226068,0,,
226164,1335152,226162,62,226166,33,226169,22,226171,22,226173,565730,226173,0,226172,1,225373,95,226174,0,226175,0,225373,0,226176,0,226176,0,226179,31,226186,10,226187,900000,226187,900000,226188,900000,226188,900000,226189,0,226190,0,226191,0,226191,0,226172,0,,
226263,1335400,226262,33,226265,60,226267,25,226269,25,226270,424710,226270,0,226269,1,225468,95,226270,0,226271,0,225468,0,226271,0,226271,0,226273,37,226282,12,226283,1100000,226283,1100000,226284,1100000,226284,1100000,226285,0,226285,0,226286,0,226286,0,226269,0,,
226364,1335648,226363,33,226366,50,226368,33,226370,33,226371,606430,226371,0,226371,1,225568,95,226372,0,226373,0,225568,0,226374,0,226374,0,226376,37,226384,13,226384,1100000,226385,1100000,226385,1100000,226385,1100000,226386,0,226386,0,226386,0,226387,0,226370,0,,
226465,1336036,226464,28,226467,45,226469,66,226471,40,226473,728530,226473,0,226472,1,225672,95,226474,0,226475,0,225672,0,226476,0,226476,0,226478,44,226484,14,226485,1100000,226485,1100000,226485,1100000,226486,1100000,226486,0,226486,0,226487,0,226487,0,226472,0,,
226565,1334672,226564,30,226567,0,226569,54,226570,25,226572,443630,226571,0,226571,1,225769,95,226572,0,226574,0,225769,0,226575,0,226576,0,226578,31,226587,10,226587,1100000,226588,1100000,226588,1100000,226588,1100000,226589,0,226589,0,226590,0,226591,0,226571,0,,
226666,1335276,226665,55,226669,33,226671,30,226674,33,226677,614569,226677,0,226676,1,225870,95,226678,0,226680,0,225870,0,226681,0,226681,0,226683,39,226692,14,226693,900000,226694,900000,226695,900000,226696,900000,226697,0,226698,0,226698,0,226698,0,226675,0,,
226766,1335896,226765,62,226768,22,226770,25,226772,33,226775,421740,226775,0,226774,1,225969,95,226776,0,226777,0,225969,0,226778,0,226778,0,226780,36,226786,12,226787,1100000,226787,1100000,226788,1100000,226788,1100000,226788,0,226789,0,226789,0,226790,0,226774,0,,
226867,1336252,226866,37,226868,30,226870,44,226872,40,226874,614569,226873,0,226873,1,226069,95,226874,0,226875,0,226069,0,226875,0,226875,0,226877,32,226885,11,226886,1100000,226886,1100000,226887,1100000,226887,1100000,226887,0,226888,0,226888,0,226888,0,226873,0,,
226968,1336748,226967,12,226970,30,226973,0,226975,44,226977,350020,226977,0,226976,1,226174,95,226977,0,226978,0,226174,0,226978,0,226978,0,226981,22,226988,7,226989,900000,226989,900000,226990,900000,226990,900000,226991,0,226991,0,226992,0,226992,0,226976,0,,
227068,1337368,227067,50,227070,22,227073,22,227075,50,227077,427680,227076,0,227076,1,226270,95,227077,0,227078,0,226270,0,227078,0,227078,0,227081,39,227088,14,227088,1200000,227089,1200000,227090,1200000,227092,1500000,227092,0,227093,0,227093,0,227093,0,227076,0,,
227168,1337740,227167,50,227170,22,227172,45,227175,0,227178,547560,227178,0,227177,1,226372,95,227179,0,227180,0,226372,0,227180,0,227180,0,227182,33,227187,12,227188,1100000,227188,1100000,227189,1100000,227189,1100000,227190,0,227190,0,227192,0,227193,0,227177,0,,
227269,1338360,227268,66,227271,45,227273,44,227275,25,227277,732600,227277,0,227276,1,226474,95,227278,0,227279,0,226474,0,227279,0,227279,0,227281,45,227288,13,227288,1100000,227289,1100000,227289,1100000,227291,1100000,227294,0,227295,0,227295,0,227296,0,227276,0,,
227369,1335880,227368,37,227370,60,227372,60,227374,50,227375,842490,227375,0,227374,1,226573,95,227376,0,227377,0,226573,0,227377,0,227378,0,227379,54,227384,23,227385,1500000,227385,1500000,227385,1500000,227386,1500000,227386,0,227386,0,227386,0,227387,0,227374,0,,
227471,1335880,227469,44,227478,36,227481,40,227484,41,227486,1086750,227486,0,227485,1,226678,95,227486,0,227487,0,226679,0,227487,0,227487,0,227489,40,227502,16,227503,900000,227503,900000,227504,900000,227504,900000,227505,0,227505,0,227506,0,227506,0,227485,0,,
227571,1335880,227569,70,227573,50,227575,33,227578,33,227579,552420,227579,0,227579,1,226776,95,227580,0,227581,0,226776,0,227581,0,227582,0,227583,50,227589,15,227590,1100000,227591,1100000,227592,1100000,227593,1100000,227594,0,227595,0,227595,0,227596,0,227578,0,,
227671,1336128,227670,54,227673,45,227675,12,227678,54,227680,671550,227680,0,227679,1,226874,95,227681,0,227682,0,226874,0,227682,0,227682,0,227684,41,227689,14,227690,1100000,227690,1100000,227691,1100000,227692,1100000,227693,0,227694,0,227694,0,227695,0,227679,0,,
227773,1336096,227771,55,227777,40,227780,40,227783,36,227785,695970,227785,0,227784,1,226977,95,227785,0,227786,0,226978,0,227786,0,227787,0,227789,46,227800,14,227801,900000,227801,900000,227802,900000,227802,900000,227803,0,227803,0,227803,0,227804,0,227783,0,,
227872,1336128,227871,70,227877,50,227879,50,227882,33,227883,602910,227883,0,227882,1,227058,95,227883,0,227884,0,227058,0,227884,0,227884,0,227886,47,227893,15,227894,1300000,227894,1300000,227895,1300000,227895,1300000,227895,0,227896,0,227896,0,227896,0,227882,0,,
227972,1336392,227971,50,227974,38,227976,22,227979,50,227980,852800,227980,0,227979,1,227077,95,227980,0,227981,0,227077,0,227981,0,227982,0,227983,40,227988,15,227989,1100000,227989,1100000,227990,1100000,227990,1100000,227991,0,227991,0,227991,0,227991,0,227979,0,,
228074,1336764,228072,30,228076,10,228079,20,228081,33,228083,378510,228083,0,228082,1,227179,95,228083,0,228084,0,227179,0,228084,0,228085,0,228086,23,228095,7,228095,1100000,228096,1100000,228096,1100000,228096,1100000,228097,0,228097,0,228097,0,228098,0,228082,0,,
228174,1337136,228172,36,228176,50,228178,30,228181,12,228182,520960,228182,0,228181,1,227278,95,228183,0,228184,0,227278,0,228184,0,228184,0,228186,38,228195,13,228196,1100000,228197,1100000,228197,1100000,228198,1100000,228198,0,228199,0,228199,0,228199,0,228181,0,,
228274,1337508,228273,54,228276,50,228279,50,228281,14,228283,683760,228283,0,228282,1,227376,95,228284,0,228284,0,227376,0,228285,0,228285,0,228287,42,228297,14,228298,900000,228299,900000,228299,900000,228300,900000,228300,0,228301,0,228301,0,228302,0,228282,0,,
228374,1337740,228373,45,228376,45,228378,50,228380,30,228381,504900,228381,0,228381,1,227486,95,228382,0,228382,0,227487,0,228383,0,228383,0,228384,42,228389,16,228389,1300000,228390,1300000,228390,1300000,228390,1300000,228391,0,228391,0,228392,0,228392,0,228381,0,,
228475,1338004,228474,14,228477,36,228479,42,228482,50,228483,756860,228483,0,228483,1,227580,95,228484,0,228484,0,227580,0,228485,0,228485,0,228486,40,228493,15,228494,1100000,228494,1100000,228495,1100000,228496,1100000,228496,0,228497,0,228497,0,228498,0,228482,0,,
228577,1338252,228575,50,228581,45,228584,54,228587,37,228589,757020,228588,0,228588,1,227681,95,228589,0,228590,0,227681,0,228590,0,228590,0,228593,46,228605,14,228606,900000,228606,900000,228606,900000,228607,900000,228607,0,228609,0,228612,0,228612,0,228588,0,,
228676,1338500,228675,55,228679,37,228682,33,228684,25,228685,445500,228685,0,228685,1,227786,95,228686,0,228686,0,227786,0,228687,0,228687,0,228689,35,228699,12,228699,1200000,228700,1200000,228700,1200000,228700,1200000,228701,0,228701,0,228701,0,228702,0,228685,0,,
228776,1334780,228775,62,228777,80,228779,55,228781,33,228782,1076400,228782,0,228782,1,227883,95,228783,0,228783,0,227884,0,228783,0,228783,0,228785,61,228789,26,228789,1500000,228789,1500000,228790,1500000,228790,1500000,228790,0,228791,0,228791,0,228791,0,228782,0,,
228881,1335136,228878,22,228884,58,228887,40,228889,40,228891,1080000,228891,0,228890,1,227981,95,228892,0,228893,0,227981,0,228894,0,228897,0,228899,40,228907,15,228908,900000,228908,900000,228909,900000,228912,900000,228913,0,228913,0,228914,0,228914,0,228890,0,,
228978,1335260,228977,62,228981,25,228983,22,228985,40,228986,442530,228986,0,228985,1,228083,95,228986,0,228987,0,228084,0,228987,0,228987,0,228989,38,228997,14,228998,1200000,228998,1200000,228999,1200000,228999,1200000,229000,0,229000,0,229000,0,229001,0,228985,0,,
229078,1335508,229077,28,229080,54,229082,25,229085,44,229086,706680,229086,0,229085,1,228183,95,229086,0,229087,0,228183,0,229087,0,229087,0,229089,38,229097,13,229098,1100000,229098,1100000,229099,1100000,229099,1100000,229100,0,229100,0,229101,0,229101,0,229085,0,,
229180,1335632,229178,36,229183,25,229186,33,229188,44,229190,561660,229190,0,229189,1,228284,95,229190,0,229191,0,228284,0,229192,0,229192,0,229195,33,229204,12,229205,900000,229206,900000,229206,900000,229206,900000,229207,0,229207,0,229207,0,229208,0,229189,0,,
229279,1335756,229277,28,229282,33,229284,28,229286,50,229287,412830,229287,0,229287,1,228382,95,229288,0,229288,0,228382,0,229289,0,229289,0,229290,38,229299,13,229300,1100000,229300,1100000,229301,1100000,229301,1100000,229302,0,229302,0,229303,0,229303,0,229287,0,,
229383,1336020,229382,54,229385,30,229387,33,229388,37,229389,626780,229389,0,229389,1,228484,95,229390,0,229390,0,228484,0,229390,0,229391,0,229392,37,229401,13,229401,1100000,229402,1100000,229402,1100000,229402,1100000,229403,0,229403,0,229403,0,229404,0,229388,0,,
229483,1336144,229482,37,229485,60,229487,33,229489,22,229490,618639,229490,0,229489,1,228589,95,229490,0,229491,0,228589,0,229491,0,229491,0,229493,42,229501,12,229501,1100000,229502,1100000,229502,1100000,229503,1100000,229503,0,229503,0,229504,0,229504,0,229489,0,,
229584,1336532,229583,44,229586,60,229587,40,229589,25,229590,687829,229590,0,229589,1,228686,95,229591,0,229591,0,228686,0,229591,0,229592,0,229596,41,229603,15,229604,1100000,229604,1100000,229604,1100000,229605,1100000,229605,0,229605,0,229606,0,229606,0,229589,0,,
229685,1336904,229684,25,229688,50,229690,25,229692,30,229694,529100,229694,0,229693,1,228783,95,229695,0,229696,0,228783,0,229697,0,229697,0,229700,33,229708,12,229708,900000,229709,900000,229709,900000,229710,900000,229711,0,229712,0,229713,0,229714,0,229692,0,,
229785,1337244,229784,33,229787,55,229789,44,229791,33,229792,490050,229792,0,229791,1,228892,95,229792,0,229794,0,228892,0,229796,0,229796,0,229798,42,229804,12,229805,1100000,229806,1100000,229806,1100000,229806,1100000,229807,0,229807,0,229807,0,229808,0,229791,0,,
229885,1337616,229884,14,229888,37,229890,25,229892,44,229893,488400,229893,0,229892,1,228986,95,229894,0,229898,0,228986,0,229899,0,229899,0,229901,30,229908,12,229909,1100000,229909,1100000,229911,1100000,229911,1100000,229912,0,229913,0,229913,0,229914,0,229892,0,,
229990,1338004,229986,33,229993,50,229998,60,230002,50,230003,785510,230003,0,230002,1,229086,95,230004,0,230004,0,229087,0,230005,0,230005,0,230007,51,230018,15,230018,900000,230019,900000,230020,900000,230020,900000,230021,0,230021,0,230022,0,230022,0,230002,0,,
230088,1338252,230086,58,230091,14,230094,72,230102,44,230103,558360,230103,0,230103,1,229191,95,230104,0,230105,0,229191,0,230106,0,230106,0,230108,51,230118,14,230118,1100000,230119,1100000,230119,1100000,230120,1100000,230120,0,230120,0,230121,0,230121,0,230103,0,,
230189,1338872,230188,50,230192,55,230194,50,230197,25,230198,732600,230198,0,230197,1,229288,95,230199,0,230200,0,229288,0,230201,0,230201,0,230203,50,230215,17,230216,1100000,230217,1100000,230218,1100000,230219,1100000,230219,0,230220,0,230222,0,230222,0,230197,0,,
230289,1335276,230288,63,230290,28,230293,55,230298,44,230300,773300,230300,0,230299,1,229390,95,230300,0,230301,0,229390,0,230302,0,230302,0,230303,43,230309,16,230310,1100000,230310,1100000,230312,1300000,230312,1300000,230313,0,230314,0,230314,0,230315,0,230298,0,,
230389,1335524,230388,54,230392,36,230394,30,230396,22,230398,643459,230397,0,230397,1,229490,95,230398,0,230399,0,229490,0,230400,0,230400,0,230402,39,230408,15,230409,1100000,230409,1100000,230410,1100000,230410,1100000,230411,0,230412,0,230412,0,230413,0,230396,0,,
230490,1335772,230488,60,230491,36,230493,50,230496,25,230498,695970,230498,0,230497,1,229591,95,230499,0,230500,0,229591,0,230501,0,230502,0,230503,45,230509,16,230509,1100000,230510,1100000,230510,1100000,230512,1300000,230513,0,230513,0,230514,0,230515,0,230497,0,,
230591,1335772,230589,54,230594,0,230597,33,230601,58,230602,663230,230602,0,230601,1,229695,95,230603,0,230604,0,229696,0,230604,0,230604,0,230606,41,230617,14,230617,900000,230618,900000,230618,900000,230619,900000,230619,0,230620,0,230620,0,230621,0,230601,0,,
230691,1336004,230689,40,230692,37,230695,40,230698,54,230699,507870,230699,0,230699,1,229792,95,230700,0,230701,0,229793,0,230702,0,230702,0,230704,42,230710,15,230711,1100000,230711,1100000,230712,1100000,230714,1100000,230714,0,230715,0,230715,0,230716,0,230698,0,,
230791,1336376,230790,44,230793,54,230795,40,230797,53,230799,777370,230799,0,230798,1,229896,95,230799,0,230801,0,229897,0,230801,0,230802,0,230804,47,230809,17,230810,1100000,230811,1100000,230812,1300000,230813,1300000,230813,0,230814,0,230815,0,230815,0,230798,0,,
230893,1336516,230891,50,230895,45,230898,30,230901,41,230903,765079,230902,0,230902,1,230004,95,230903,0,230904,0,230004,0,230905,0,230905,0,230907,43,230916,16,230917,900000,230918,900000,230919,900000,230919,900000,230919,0,230920,0,230920,0,230921,0,230901,0,,
230993,1336872,230992,50,230994,60,230997,40,231000,44,231001,576180,231001,0,231001,1,230104,95,231002,0,231002,0,230104,0,231003,0,231003,0,231005,47,231011,15,231011,1100000,231012,1100000,231013,1100000,231014,1100000,231015,0,231016,0,231016,0,231017,0,231000,0,,
231042,1336872,231041,66,231044,0,231046,50,231049,20,231050,553520,231050,0,231049,1,230199,95,231051,0,231051,0,230199,0,231052,0,231052,0,231054,33,231059,11,231060,1100000,231060,1100000,231061,1100000,231061,1100000,231062,0,231062,0,231063,0,231064,0,231049,0,,
231143,1337384,231142,37,231144,33,231147,58,231149,33,231151,655270,231151,0,231150,1,230301,95,231152,0,231152,0,230301,0,231153,0,231153,0,231155,42,231160,15,231161,1100000,231161,1100000,231162,1100000,231163,1100000,231163,0,231164,0,231164,0,231165,0,231150,0,,
231244,1337508,231243,40,231247,44,231251,44,231253,45,231255,704110,231255,0,231254,1,230399,95,231256,0,231257,0,230399,0,231257,0,231257,0,231259,40,231271,12,231272,900000,231273,900000,231274,900000,231274,900000,231275,0,231276,0,231277,0,231277,0,231254,0,,
231343,1338112,231342,44,231345,45,231348,25,231351,42,231352,463320,231352,0,231351,1,230499,95,231352,0,231353,0,230500,0,231353,0,231353,0,231355,42,231361,14,231362,1100000,231363,1100000,231364,1100000,231364,1100000,231365,0,231366,0,231366,0,231367,0,231351,0,,
231444,1338484,231443,25,231446,28,231448,25,231450,63,231451,573870,231451,0,231451,1,230603,95,231452,0,231453,0,230603,0,231453,0,231453,0,231455,40,231460,14,231461,1200000,231461,1400000,231462,1400000,231462,1400000,231463,0,231463,0,231464,0,231464,0,231450,0,,
231546,1338608,231544,14,231550,30,231553,40,231557,40,231558,727720,231558,0,231558,1,230700,95,231559,0,231560,0,230701,0,231560,0,231560,0,231562,30,231573,12,231574,1100000,231575,1100000,231576,1100000,231577,1100000,231577,0,231578,0,231579,0,231580,0,231558,0,,
231646,1339616,231644,90,231648,37,231650,44,231653,44,231654,875050,231654,0,231654,1,230800,95,231655,0,231656,0,230800,0,231656,0,231656,0,231658,58,231673,24,231674,1500000,231674,1500000,231674,1500000,231675,1500000,231675,0,231675,0,231676,0,231676,0,231654,0,,
231747,1336268,231744,40,231749,50,231752,33,231756,40,231758,1100250,231758,0,231757,1,230904,95,231759,0,231761,0,230904,0,231761,0,231762,0,231765,38,231777,16,231778,900000,231780,900000,231782,900000,231782,900000,231783,0,231784,0,231785,0,231785,0,231757,0,,
231846,1336252,231845,37,231849,37,231852,14,231854,55,231855,424710,231855,0,231854,1,231002,95,231855,0,231856,0,231002,0,231856,0,231856,0,231858,36,231867,12,231867,1100000,231869,1100000,231869,1100000,231870,1100000,231871,0,231872,0,231872,0,231873,0,231854,0,,
231947,1336252,231945,33,231949,22,231952,25,231954,55,231955,549450,231954,0,231954,1,231051,95,231955,0,231956,0,231051,0,231956,0,231957,0,231958,35,231966,12,231967,1100000,231967,1100000,231968,1100000,231969,1100000,231969,0,231969,0,231970,0,231971,0,231954,0,,
232051,1336376,232049,40,232056,40,232059,30,232062,45,232064,630850,232064,0,232063,1,231152,95,232064,0,232065,0,231152,0,232066,0,232067,0,232070,41,232082,14,232083,1100000,232083,1100000,232084,1100000,232085,1100000,232086,0,232087,0,232087,0,232087,0,232063,0,,
232148,1336748,232146,44,232150,40,232152,44,232154,55,232156,744810,232155,0,232155,1,231256,95,232156,0,232157,0,231256,0,232158,0,232158,0,232159,45,232167,14,232168,1100000,232168,1100000,232168,1100000,232169,1100000,232169,0,232169,0,232169,0,232170,0,232154,0,,
232248,1336748,232247,40,232250,11,232252,0,232254,33,232255,341880,232255,0,232254,1,231352,95,232255,0,232256,0,231353,0,232256,0,232256,0,232258,21,232267,6,232267,900000,232268,900000,232268,900000,232269,900000,232269,0,232269,0,232270,0,232270,0,232254,0,,
232348,1335632,232347,37,232350,0,232352,12,232354,30,232355,234630,232355,0,232355,1,231452,95,232356,0,232356,0,231452,0,232357,0,232357,0,232358,20,232366,6,232366,1100000,232367,1100000,232367,1100000,232367,1100000,232368,0,232368,0,232368,0,232368,0,232355,0,,
232449,1336252,232448,36,232451,45,232453,36,232455,20,232456,557589,232456,0,232455,1,231559,95,232456,0,232457,0,231559,0,232457,0,232457,0,232459,33,232465,12,232465,1100000,232466,1100000,232467,1100000,232467,1100000,232467,0,232468,0,232468,0,232468,0,232455,0,,
232550,1336516,232549,12,232553,0,232555,30,232558,22,232559,260480,232559,0,232558,1,231655,95,232560,0,232561,0,231655,0,232561,0,232561,0,232563,17,232572,5,232572,900000,232573,900000,232573,900000,232574,900000,232574,0,232574,0,232575,0,232575,0,232558,0,,
232650,1336764,232649,27,232653,20,232655,44,232657,36,232659,377190,232658,0,232658,1,231759,95,232659,0,232660,0,231760,0,232661,0,232661,0,232663,35,232672,12,232672,1100000,232673,1100000,232673,1100000,232674,1100000,232674,0,232674,0,232675,0,232675,0,232658,0,,
232751,1337352,232750,44,232753,40,232755,45,232757,38,232758,679689,232758,0,232758,1,231856,95,232759,0,232759,0,231856,0,232760,0,232760,0,232762,41,232773,15,232773,900000,232774,900000,232774,900000,232774,900000,232775,0,232775,0,232776,0,232776,0,232758,0,,
232851,1337864,232850,63,232853,22,232855,33,232857,33,232858,448470,232858,0,232858,1,231955,95,232859,0,232859,0,231956,0,232859,0,232860,0,232861,36,232872,14,232872,1100000,232873,1100000,232874,1100000,232874,1100000,232874,0,232875,0,232875,0,232875,0,232858,0,,
232952,1338360,232951,45,232954,33,232956,41,232958,58,232959,720390,232959,0,232958,1,232064,95,232960,0,232961,0,232065,0,232961,0,232961,0,232963,50,232973,19,232973,1100000,232974,1100000,232974,1100000,232974,1100000,232975,0,232975,0,232976,0,232976,0,232958,0,,
233053,1338996,233052,45,233055,41,233057,54,233059,36,233060,716319,233060,0,233060,1,232156,95,233062,0,233063,0,232157,0,233064,0,233064,0,233068,40,233077,14,233078,900000,233079,900000,233079,900000,233079,900000,233080,0,233081,0,233082,0,233082,0,233059,0,,
233153,1335384,233152,77,233155,55,233157,58,233158,66,233159,760319,233159,0,233159,1,232255,95,233159,0,233160,0,232255,0,233160,0,233161,0,233162,62,233171,22,233171,1300000,233172,1300000,233172,1300000,233173,1300000,233173,0,233173,0,233174,0,233174,0,233159,0,,
233254,1335508,233253,40,233256,0,233258,30,233260,40,233262,586300,233261,0,233261,1,232356,95,233262,0,233263,0,232356,0,233263,0,233263,0,233265,34,233271,11,233272,1100000,233273,1100000,233273,1100000,233273,1100000,233274,0,233274,0,233274,0,233275,0,233260,0,,
233355,1335880,233354,36,233357,33,233359,66,233361,50,233362,752950,233362,0,233361,1,232456,95,233363,0,233363,0,232456,0,233363,0,233364,0,233367,43,233376,15,233376,1100000,233377,1100000,233377,1100000,233377,1100000,233378,0,233378,0,233378,0,233379,0,233361,0,,
233457,1336128,233455,50,233459,30,233462,44,233464,54,233467,724460,233467,0,233466,1,232560,95,233468,0,233470,0,232560,0,233471,0,233471,0,233473,45,233484,13,233485,900000,233486,900000,233487,900000,233487,900000,233488,0,233489,0,233489,0,233491,0,233465,0,,
233556,1336376,233555,44,233558,37,233560,25,233562,60,233563,493020,233563,0,233562,1,232659,95,233563,0,233565,0,232659,0,233566,0,233566,0,233568,41,233576,14,233577,1100000,233577,1100000,233578,1100000,233578,1100000,233579,0,233579,0,233579,0,233580,0,233562,0,,
233657,1336748,233656,40,233659,30,233661,22,233662,50,233664,577940,233663,0,233663,1,232759,95,233664,0,233665,0,232759,0,233666,0,233666,0,233668,35,233674,13,233675,1100000,233676,1100000,233676,1100000,233676,1100000,233677,0,233677,0,233678,0,233678,0,233663,0,,
233758,1336872,233757,44,233761,33,233764,12,233769,33,233772,496539,233772,0,233771,1,232859,95,233773,0,233774,0,232859,0,233775,0,233775,0,233778,37,233790,10,233791,1100000,233792,1100000,233793,1100000,233794,1100000,233794,0,233795,0,233795,0,233795,0,233770,0,,
233858,1337244,233857,44,233860,40,233862,44,233864,50,233865,724460,233864,0,233864,1,232960,95,233865,0,233866,0,232960,0,233867,0,233868,0,233869,40,233878,16,233878,1100000,233879,1100000,233879,1100000,233880,1100000,233880,0,233880,0,233881,0,233881,0,233864,0,,
233958,1337632,233957,22,233960,25,233962,40,233964,37,233966,504680,233965,0,233965,1,233062,95,233966,0,233967,0,233062,0,233968,0,233968,0,233970,32,233976,11,233977,1100000,233977,1100000,233978,1100000,233978,1100000,233978,0,233979,0,233979,0,233979,0,233964,0,,
234060,1338004,234058,44,234062,22,234065,40,234068,55,234071,655270,234070,0,234069,1,233160,95,234071,0,234072,0,233160,0,234073,0,234073,0,234075,41,234084,11,234085,900000,234086,900000,234087,900000,234088,900000,234088,0,234089,0,234090,0,234091,0,234069,0,,
234159,1338128,234158,33,234162,40,234163,14,234166,55,234167,421740,234167,0,234166,1,233262,95,234168,0,234169,0,233262,0,234169,0,234170,0,234172,40,234177,13,234178,1100000,234178,1100000,234179,1100000,234179,1100000,234180,0,234181,0,234181,0,234182,0,234166,0,,
234260,1338500,234259,50,234262,33,234264,40,234266,60,234267,744810,234267,0,234266,1,233363,95,234268,0,234269,0,233363,0,234270,0,234270,0,234272,45,234278,18,234279,1100000,234279,1100000,234279,1100000,234280,1100000,234280,0,234281,0,234281,0,234282,0,234266,0,,
234361,1338500,234359,40,234363,30,234365,33,234368,55,234370,643060,234370,0,234369,1,233468,95,234371,0,234372,0,233469,0,234372,0,234372,0,234374,37,234380,12,234381,1000000,234381,1000000,234382,1000000,234383,1000000,234384,0,234384,0,234385,0,234386,0,234368,0,,
234462,1338748,234461,40,234464,33,234472,12,234474,66,234476,528500,234476,0,234475,1,233564,95,234476,0,234477,0,233564,0,234478,0,234478,0,234479,39,234489,11,234489,1100000,234490,1100000,234490,1100000,234490,1100000,234491,0,234492,0,234492,0,234492,0,234475,0,,
234562,1339476,234561,50,234564,36,234570,50,234572,80,234574,879120,234573,0,234573,1,233664,95,234574,0,234575,0,233664,0,234576,0,234576,0,234578,58,234589,22,234590,1500000,234591,1500000,234591,1500000,234592,1500000,234592,0,234592,0,234593,0,234593,0,234573,0,,
234662,1335416,234661,50,234663,44,234664,50,234666,63,234668,1397250,234667,0,234667,1,233773,95,234668,0,234669,0,233774,0,234669,0,234669,0,234671,47,234676,24,234677,1500000,234677,1500000,234677,1500000,234677,1500000,234678,0,234678,0,234678,0,234678,0,234667,0,,
234763,1335540,234762,25,234766,33,234769,30,234772,54,234774,958500,234774,0,234773,1,233866,95,234775,0,234776,0,233866,0,234776,0,234776,0,234778,40,234789,11,234790,900000,234791,900000,234792,900000,234792,900000,234792,0,234793,0,234793,0,234793,0,234773,0,,
234864,1335880,234862,50,234866,50,234868,37,234871,42,234873,531630,234873,0,234872,1,233967,95,234874,0,234874,0,233967,0,234874,0,234875,0,234876,44,234883,15,234883,1100000,234884,1100000,234885,1100000,234886,1100000,234887,0,234888,0,234888,0,234888,0,234872,0,,
234964,1336004,234963,44,234966,40,234968,40,234970,53,234972,720390,234972,0,234971,1,234072,95,234972,0,234973,0,234072,0,234973,0,234973,0,234975,46,234980,16,234981,1100000,234981,1100000,234981,1100000,234982,1100000,234982,0,234982,0,234983,0,234984,0,234971,0,,
235065,1336004,235064,25,235068,44,235072,20,235074,33,235076,496540,235076,0,235075,1,234168,95,235076,0,235077,0,234168,0,235077,0,235078,0,235079,29,235092,10,235093,900000,235093,900000,235094,900000,235095,900000,235095,0,235096,0,235096,0,235096,0,235075,0,,
235165,1336268,235164,33,235167,60,235169,33,235170,30,235171,463319,235171,0,235171,1,234269,95,235172,0,235172,0,234269,0,235173,0,235173,0,235174,39,235180,13,235181,1100000,235181,1100000,235181,1100000,235182,1100000,235182,0,235183,0,235183,0,235183,0,235171,0,,
235265,1336640,235264,36,235267,40,235269,33,235272,0,235273,443630,235273,0,235272,1,234371,95,235274,0,235275,0,234371,0,235275,0,235275,0,235277,33,235283,10,235283,1100000,235284,1100000,235285,1100000,235285,1100000,235286,0,235287,0,235287,0,235288,0,235272,0,,
235367,1336888,235365,44,235370,50,235373,45,235376,36,235377,712250,235377,0,235376,1,234477,95,235378,0,235378,0,234477,0,235379,0,235379,0,235381,42,235392,14,235393,900000,235394,900000,235394,900000,235395,900000,235395,0,235396,0,235396,0,235396,0,235376,0,,
235467,1337136,235466,54,235470,45,235474,54,235477,54,235478,614790,235478,0,235477,1,234574,95,235479,0,235479,0,234574,0,235480,0,235480,0,235482,51,235493,15,235493,1100000,235494,1100000,235494,1100000,235495,1100000,235495,0,235496,0,235496,0,235496,0,235477,0,,
235567,1337492,235566,50,235569,33,235571,55,235573,33,235575,695970,235574,0,235574,1,234668,95,235575,0,235576,0,234668,0,235576,0,235576,0,235578,43,235585,15,235586,1100000,235587,1100000,235587,1100000,235588,1100000,235589,0,235589,0,235590,0,235590,0,235574,0,,
235667,1337988,235666,25,235669,30,235672,61,235674,40,235675,634920,235675,0,235674,1,234775,95,235676,0,235676,0,234775,0,235677,0,235677,0,235678,41,235686,14,235687,900000,235688,900000,235689,900000,235689,900000,235690,0,235691,0,235692,0,235693,0,235674,0,,
235769,1338220,235767,33,235772,33,235775,44,235778,33,235779,424710,235779,0,235778,1,234874,95,235779,0,235780,0,234874,0,235781,0,235781,0,235783,37,235793,11,235794,900000,235795,900000,235795,900000,235796,900000,235796,0,235797,0,235797,0,235798,0,235778,0,,
235868,1338608,235867,42,235871,22,235873,44,235875,37,235876,430650,235876,0,235876,1,234972,95,235877,0,235877,0,234972,0,235878,0,235878,0,235879,37,235886,13,235887,1100000,235887,1100000,235888,1100000,235889,1100000,235889,0,235890,0,235891,0,235891,0,235876,0,,
235969,1338856,235968,50,235972,40,235974,44,235976,58,235977,781439,235977,0,235977,1,235077,95,235978,0,235978,0,235077,0,235979,0,235979,0,235980,46,235988,17,235989,1100000,235989,1100000,235990,1100000,235991,1100000,235991,0,235992,0,235992,0,235992,0,235977,0,,
236069,1335244,236068,54,236073,45,236076,33,236078,88,236079,895400,236079,0,236078,1,235172,95,236079,0,236079,0,235172,0,236080,0,236080,0,236081,55,236088,20,236089,1300000,236089,1300000,236090,1300000,236090,1300000,236091,0,236091,0,236091,0,236092,0,236078,0,,
236170,1335244,236168,50,236172,36,236173,30,236175,33,236176,794170,236176,0,236175,1,235274,95,236176,0,236177,0,235274,0,236177,0,236177,0,236178,38,236187,16,236188,1100000,236189,1100000,236189,1100000,236190,1100000,236190,0,236191,0,236192,0,236192,0,236175,0,,
236271,1335772,236269,37,236273,37,236275,45,236277,30,236278,606430,236278,0,236278,1,235378,95,236279,0,236279,0,235378,0,236280,0,236280,0,236281,38,236290,13,236291,1100000,236291,900000,236292,900000,236292,900000,236293,0,236293,0,236294,0,236294,0,236278,0,,
236372,1335896,236371,33,236374,33,236377,50,236379,44,236380,511500,236380,0,236379,1,235479,95,236380,0,236381,0,235479,0,236381,0,236382,0,236383,41,236392,12,236392,1100000,236393,1100000,236393,1100000,236394,1100000,236394,0,236394,0,236395,0,236395,0,236379,0,,
236471,1336284,236470,50,236474,33,236477,30,236479,50,236480,663410,236480,0,236479,1,235575,95,236481,0,236482,0,235575,0,236482,0,236482,0,236484,40,236492,15,236493,1100000,236493,1100000,236494,1100000,236494,1100000,236495,0,236495,0,236495,0,236496,0,236479,0,,
236573,1336532,236571,33,236576,30,236579,14,236581,66,236583,582010,236582,0,236582,1,235676,95,236583,0,236584,0,235676,0,236584,0,236584,0,236587,37,236596,12,236597,900000,236597,900000,236598,900000,236598,900000,236599,0,236599,0,236599,0,236600,0,236582,0,,
236673,1336904,236672,44,236676,37,236678,33,236679,60,236681,516780,236680,0,236680,1,235780,95,236681,0,236682,0,235780,0,236682,0,236683,0,236684,41,236693,13,236693,1100000,236694,1100000,236694,1100000,236695,1100000,236695,0,236695,0,236696,0,236696,0,236680,0,,
236774,1337152,236773,33,236776,22,236778,22,236780,63,236782,569800,236782,0,236780,1,235877,95,236783,0,236783,0,235877,0,236784,0,236784,0,236786,44,236794,16,236795,1100000,236795,1100000,236796,1100000,236796,1100000,236797,0,236797,0,236797,0,236797,0,236780,0,,
236875,1337384,236873,55,236877,36,236879,45,236882,45,236883,736670,236883,0,236882,1,235978,95,236883,0,236884,0,235978,0,236884,0,236884,0,236887,40,236896,15,236896,1000000,236897,1000000,236897,1000000,236898,1000000,236898,0,236899,0,236899,0,236899,0,236882,0,,
236976,1337508,236974,55,236979,37,236982,40,236984,40,236986,602000,236986,0,236985,1,236079,95,236987,0,236989,0,236079,0,236990,0,236991,0,236993,41,237000,12,237001,900000,237001,900000,237002,900000,237002,900000,237004,0,237005,0,237006,0,237008,0,236985,0,,
237078,1337756,237077,33,237080,30,237082,50,237084,66,237085,531630,237085,0,237084,1,236176,95,237086,0,237087,0,236176,0,237088,0,237088,0,237091,46,237097,15,237097,1100000,237098,1100000,237098,1100000,237098,1100000,237099,0,237099,0,237099,0,237100,0,237084,0,,
237179,1338128,237178,33,237181,50,237183,12,237185,60,237188,630849,237187,0,237187,1,236279,95,237189,0,237190,0,236279,0,237190,0,237191,0,237192,41,237198,13,237199,1100000,237199,1100000,237199,1100000,237200,1100000,237200,0,237201,0,237201,0,237201,0,237186,0,,
237280,1338468,237279,33,237283,22,237285,30,237291,44,237293,525030,237293,0,237292,1,236381,95,237294,0,237296,0,236381,0,237297,0,237298,0,237301,35,237312,13,237313,900000,237313,900000,237314,900000,237314,900000,237315,0,237315,0,237316,0,237316,0,237291,0,,
237381,1338856,237379,22,237383,30,237386,30,237388,40,237389,362340,237389,0,237388,1,236481,95,237390,0,237391,0,236481,0,237391,0,237391,0,237393,30,237400,8,237402,900000,237402,900000,237403,900000,237403,900000,237404,0,237404,0,237404,0,237405,0,237388,0,,
237482,1339600,237480,77,237484,22,237485,36,237487,12,237488,436590,237488,0,237488,1,236583,95,237489,0,237489,0,236583,0,237490,0,237490,0,237491,42,237498,13,237498,1300000,237499,1300000,237499,1300000,237499,1300000,237499,0,237500,0,237500,0,237500,0,237488,0,,
237582,1335632,237580,54,237584,60,237585,30,237588,22,237589,884780,237589,0,237588,1,236681,95,237590,0,237591,0,236681,0,237592,0,237592,0,237594,40,237599,18,237600,1100000,237601,1100000,237601,1100000,237601,1100000,237602,0,237602,0,237602,0,237603,0,237588,0,,
237684,1335880,237682,60,237687,11,237691,33,237695,41,237697,590150,237697,0,237696,1,236783,95,237698,0,237699,0,236783,0,237700,0,237700,0,237703,40,237714,12,237714,900000,237715,900000,237716,900000,237716,900000,237717,0,237717,0,237717,0,237718,0,237696,0,,
237783,1336020,237781,70,237785,44,237787,45,237791,25,237792,546480,237792,0,237791,1,236884,95,237793,0,237794,0,236884,0,237794,0,237794,0,237797,43,237804,13,237805,1000000,237806,1000000,237807,1000000,237808,1000000,237809,0,237809,0,237811,0,237811,0,237791,0,,
237883,1336376,237882,61,237885,45,237888,45,237891,50,237892,703500,237892,0,237891,1,236987,95,237893,0,237894,0,236988,0,237894,0,237895,0,237896,51,237902,18,237902,1100000,237903,1100000,237904,1100000,237904,1100000,237905,0,237906,0,237907,0,237908,0,237891,0,,
237983,1336500,237982,60,237985,45,237988,22,237990,33,237992,651200,237991,0,237991,1,237086,95,237993,0,237994,0,237087,0,237994,0,237994,0,237996,39,238003,13,238003,1000000,238004,1000000,238005,1000000,238006,1000000,238007,0,238008,0,238008,0,238009,0,237991,0,,
238085,1336764,238083,57,238087,40,238090,40,238093,50,238096,654500,238095,0,238094,1,237189,95,238096,0,238097,0,237189,0,238097,0,238098,0,238099,47,238109,14,238110,900000,238111,900000,238112,900000,238112,900000,238113,0,238113,0,238113,0,238114,0,238094,0,,
238184,1335648,238183,44,238186,30,238188,22,238191,30,238192,374220,238192,0,238191,1,237295,95,238192,0,238193,0,237295,0,238193,0,238193,0,238195,28,238202,8,238203,1100000,238203,1100000,238204,1100000,238204,1100000,238205,0,238205,0,238205,0,238206,0,238191,0,,
238285,1336284,238284,44,238287,30,238289,12,238291,27,238292,459909,238292,0,238292,1,237390,95,238293,0,238294,0,237390,0,238294,0,238294,0,238296,30,238302,11,238303,1100000,238303,1100000,238304,1100000,238304,1100000,238305,0,238305,0,238306,0,238306,0,238291,0,,
238386,1336408,238385,11,238389,33,238391,27,238393,22,238395,378510,238394,0,238394,1,237489,95,238395,0,238396,0,237489,0,238396,0,238396,0,238398,20,238407,7,238407,900000,238408,900000,238408,900000,238409,900000,238409,0,238410,0,238410,0,238410,0,238394,0,,
238486,1336904,238485,0,238488,54,238490,11,238492,11,238493,225720,238493,0,238493,1,237591,95,238493,0,238494,0,237591,0,238494,0,238494,0,238496,22,238502,6,238503,1100000,238503,1100000,238504,1100000,238504,1100000,238504,0,238505,0,238505,0,238505,0,238492,0,,
238586,1337400,238585,36,238588,44,238590,41,238592,11,238593,537240,238593,0,238592,1,237698,95,238593,0,238594,0,237698,0,238594,0,238594,0,238596,34,238602,12,238602,1100000,238603,1100000,238603,1100000,238603,1100000,238604,0,238604,0,238604,0,238605,0,238592,0,,
238688,1338128,238686,11,238690,30,238692,11,238695,27,238696,321530,238696,0,238695,1,237793,95,238697,0,238698,0,237793,0,238698,0,238698,0,238700,20,238707,7,238708,900000,238708,900000,238709,900000,238709,900000,238709,0,238710,0,238710,0,238711,0,238695,0,,
238788,1338468,238787,0,238791,54,238793,11,238795,11,238797,225720,238797,0,238796,1,237893,95,238797,0,238798,0,237893,0,238798,0,238799,0,238800,22,238810,5,238811,1100000,238811,1100000,238811,1100000,238812,1100000,238812,0,238812,0,238813,0,238813,0,238796,0,,
238888,1338856,238887,30,238890,40,238892,33,238894,0,238895,419210,238895,0,238895,1,237993,95,238896,0,238897,0,237993,0,238897,0,238897,0,238899,25,238905,7,238906,1100000,238906,1100000,238907,1100000,238907,1100000,238907,0,238908,0,238908,0,238909,0,238894,0,,
238992,1335400,238988,50,238994,11,238996,40,238998,45,238999,594220,238999,0,238998,1,238096,95,238999,0,239000,0,238097,0,239000,0,239000,0,239002,43,239008,15,239009,1000000,239009,1000000,239010,1000000,239010,1000000,239011,0,239011,0,239011,0,239012,0,238998,0,,
239090,1335524,239089,30,239092,40,239095,36,239097,20,239099,441000,239098,0,239098,1,238192,95,239099,0,239100,0,238192,0,239100,0,239101,0,239103,25,239109,7,239110,900000,239111,900000,239111,900000,239112,900000,239112,0,239112,0,239113,0,239113,0,239098,0,,
239190,1336004,239189,11,239192,45,239194,30,239196,11,239197,288090,239197,0,239197,1,238293,95,239198,0,239198,0,238293,0,239199,0,239199,0,239200,25,239207,7,239207,1100000,239208,1100000,239208,1100000,239208,1100000,239209,0,239209,0,239209,0,239210,0,239196,0,,
239290,1336376,239289,12,239293,66,239295,27,239297,12,239298,476189,239298,0,239297,1,238395,95,239298,0,239299,0,238395,0,239299,0,239299,0,239301,32,239307,12,239307,1200000,239308,1200000,239308,1200000,239309,1200000,239310,0,239310,0,239311,0,239311,0,239297,0,,
239391,1336888,239390,40,239393,58,239395,54,239397,30,239398,851760,239398,0,239397,1,238494,95,239398,0,239399,0,238494,0,239399,0,239399,0,239401,44,239407,17,239407,1200000,239408,1200000,239408,1200000,239409,1200000,239410,0,239410,0,239410,0,239410,0,239397,0,,
239492,1337136,239491,12,239494,44,239497,45,239499,33,239500,627119,239500,0,239499,1,238594,95,239500,0,239501,0,238594,0,239501,0,239501,0,239503,35,239511,11,239512,1100000,239512,1100000,239513,1100000,239513,1100000,239513,0,239514,0,239514,0,239514,0,239499,0,,
239592,1337384,239591,36,239594,11,239595,0,239597,50,239598,394789,239598,0,239598,1,238697,95,239599,0,239599,0,238697,0,239600,0,239600,0,239601,28,239607,9,239608,1100000,239608,1100000,239609,1100000,239609,1100000,239609,0,239610,0,239610,0,239610,0,239598,0,,
239693,1337632,239692,33,239695,20,239698,18,239700,10,239702,329670,239702,0,239701,1,238798,95,239702,0,239703,0,238798,0,239703,0,239704,0,239706,20,239713,6,239713,900000,239714,900000,239714,900000,239715,900000,239715,0,239716,0,239716,0,239716,0,239701,0,,
239794,1337988,239793,50,239796,36,239798,11,239801,27,239802,368280,239802,0,239802,1,238896,95,239803,0,239804,0,238896,0,239804,0,239804,0,239806,32,239813,9,239814,900000,239814,900000,239815,900000,239815,900000,239816,0,239816,0,239816,0,239817,0,239801,0,,
239894,1338236,239893,50,239897,36,239898,25,239900,20,239902,389070,239901,0,239901,1,238999,95,239903,0,239904,0,239000,0,239904,0,239904,0,239906,31,239914,11,239915,1100000,239916,1100000,239916,1100000,239917,1100000,239918,0,239918,0,239918,0,239919,0,239901,0,,
239995,1338608,239993,30,239997,30,239998,50,240000,55,240002,671550,240001,0,240001,1,239099,95,240002,0,240002,0,239099,0,240003,0,240003,0,240004,40,240012,14,240012,1100000,240013,1100000,240013,1100000,240014,1100000,240014,0,240014,0,240014,0,240015,0,240001,0,,
240099,1338872,240094,28,240102,27,240104,45,240106,41,240108,573870,240108,0,240107,1,239198,95,240109,0,240109,0,239198,0,240110,0,240111,0,240113,40,240118,11,240119,1100000,240119,1100000,240120,1100000,240120,1100000,240120,0,240121,0,240121,0,240122,0,240107,0,,
240195,1338872,240194,33,240197,36,240199,33,240201,22,240202,504680,240202,0,240202,1,239298,95,240203,0,240203,0,239298,0,240204,0,240204,0,240205,28,240211,10,240212,1100000,240212,1100000,240213,1100000,240213,1100000,240214,0,240214,0,240214,0,240214,0,240202,0,,
240296,1339244,240295,30,240298,11,240300,0,240302,40,240303,329670,240303,0,240302,1,239398,95,240304,0,240304,0,239399,0,240305,0,240305,0,240307,18,240314,6,240315,900000,240315,900000,240316,900000,240316,900000,240317,0,240317,0,240317,0,240318,0,240302,0,,
240398,1340096,240396,22,240400,54,240404,30,240407,45,240408,448470,240408,0,240407,1,239500,95,240408,0,240409,0,239501,0,240409,0,240409,0,240411,43,240419,11,240419,1100000,240420,1100000,240420,1100000,240421,1100000,240421,0,240422,0,240422,0,240422,0,240407,0,,
240503,1336748,240502,54,240505,45,240507,20,240509,60,240510,728530,240509,0,240509,1,239599,95,240510,0,240511,0,239599,0,240511,0,240511,0,240513,45,240518,17,240519,1100000,240519,1100000,240520,1100000,240520,1100000,240520,0,240521,0,240521,0,240521,0,240509,0,,
240607,1337120,240605,11,240611,40,240615,0,240619,25,240621,309320,240621,0,240620,1,239703,95,240622,0,240623,0,239703,0,240623,0,240623,0,240625,20,240632,6,240633,900000,240633,900000,240634,900000,240634,900000,240635,0,240635,0,240636,0,240636,0,240619,0,,
240707,1337120,240705,22,240711,54,240713,36,240715,41,240716,454410,240716,0,240716,1,239803,95,240717,0,240717,0,239803,0,240718,0,240718,0,240720,41,240726,10,240727,1100000,240728,1100000,240728,1100000,240729,1100000,240729,0,240729,0,240730,0,240730,0,240715,0,,
240805,1337244,240804,41,240807,33,240809,36,240812,30,240813,569800,240813,0,240812,1,239903,95,240813,0,240814,0,239903,0,240815,0,240815,0,240817,33,240823,10,240824,1100000,240824,1100000,240825,1100000,240825,1100000,240826,0,240826,0,240826,0,240826,0,240812,0,,
240906,1337508,240905,22,240910,44,240913,30,240916,45,240918,573870,240918,0,240917,1,240002,95,240918,0,240919,0,240002,0,240919,0,240919,0,240921,38,240932,13,240933,900000,240933,900000,240934,900000,240934,900000,240935,0,240935,0,240935,0,240936,0,240917,0,,
241006,1337508,241005,50,241009,70,241012,33,241014,50,241015,602910,241015,0,241015,1,240109,95,241016,0,241016,0,240109,0,241017,0,241017,0,241018,52,241026,17,241027,1100000,241028,1100000,241028,1100000,241029,1100000,241029,0,241030,0,241030,0,241031,0,241014,0,,
241107,1337740,241106,50,241109,61,241112,33,241114,45,241115,769229,241115,0,241114,1,240203,95,241115,0,241116,0,240203,0,241116,0,241117,0,241118,46,241124,16,241124,1100000,241125,1100000,241126,1100000,241130,1100000,241130,0,241131,0,241131,0,241131,0,241114,0,,
241209,1337988,241207,36,241212,63,241215,33,241217,44,241219,716320,241219,0,241218,1,240304,95,241219,0,241220,0,240304,0,241220,0,241220,0,241222,45,241233,15,241234,900000,241234,900000,241235,900000,241235,900000,241236,0,241236,0,241236,0,241237,0,241218,0,,
241311,1338112,241307,37,241313,60,241315,40,241317,40,241318,525690,241318,0,241318,1,240408,95,241319,0,241319,0,240409,0,241320,0,241320,0,241321,42,241330,14,241331,1100000,241331,1100000,241332,1100000,241332,1100000,241333,0,241333,0,241333,0,241334,0,241318,0,,
241409,1338484,241408,33,241411,55,241414,40,241416,50,241417,724460,241417,0,241416,1,240510,95,241417,0,241418,0,240510,0,241418,0,241418,0,241420,44,241426,16,241427,1100000,241428,1100000,241428,1100000,241429,1100000,241430,0,241430,0,241431,0,241431,0,241416,0,,
241511,1338732,241509,33,241514,44,241516,33,241519,45,241520,630850,241520,0,241519,1,240622,95,241521,0,241522,0,240622,0,241522,0,241522,0,241524,40,241534,13,241534,900000,241535,900000,241535,900000,241536,900000,241536,0,241537,0,241537,0,241537,0,241519,0,,
241610,1338964,241609,40,241613,55,241615,12,241617,33,241619,415800,241618,0,241618,1,240717,95,241619,0,241619,0,240717,0,241620,0,241620,0,241621,39,241630,12,241631,1100000,241631,1100000,241631,1100000,241632,1100000,241632,0,241633,0,241633,0,241633,0,241617,0,,
241710,1339212,241709,33,241713,50,241715,25,241717,44,241718,618640,241718,0,241717,1,240814,95,241718,0,241719,0,240814,0,241719,0,241719,0,241721,36,241728,13,241728,1100000,241729,1100000,241729,1100000,241730,1100000,241730,0,241731,0,241731,0,241731,0,241717,0,,
241812,1339460,241810,40,241815,54,241817,30,241820,33,241821,638990,241821,0,241820,1,240918,95,241822,0,241822,0,240918,0,241823,0,241823,0,241825,40,241835,13,241835,900000,241836,900000,241836,900000,241837,900000,241837,0,241838,0,241838,0,241838,0,241820,0,,
241922,1337120,241911,50,241924,72,241930,54,241932,54,241933,683100,241933,0,241933,1,241016,95,241934,0,241934,0,241016,0,241935,0,241935,0,241936,59,241943,19,241943,1100000,241944,1100000,241945,1100000,241945,1100000,241946,0,241946,0,241946,0,241947,0,241932,0,,
242013,1336996,242012,12,242015,44,242017,55,242019,0,242020,451770,242020,0,242019,1,241116,95,242020,0,242021,0,241116,0,242021,0,242022,0,242023,27,242029,8,242029,1100000,242030,1100000,242030,1100000,242031,1100000,242032,0,242032,0,242032,0,242033,0,242019,0,,
242114,1336996,242113,18,242117,11,242119,40,242123,10,242125,321530,242124,0,242123,1,241219,95,242126,0,242128,0,241219,0,242128,0,242129,0,242132,19,242139,6,242140,900000,242141,900000,242141,900000,242142,900000,242142,0,242143,0,242143,0,242143,0,242123,0,,
242214,1336996,242213,22,242217,0,242219,44,242220,12,242222,231660,242221,0,242221,1,241319,95,242222,0,242223,0,241319,0,242223,0,242223,0,242225,20,242231,6,242232,1100000,242232,1100000,242233,1100000,242233,1100000,242233,0,242234,0,242234,0,242235,0,242221,0,,
242315,1337120,242314,12,242317,22,242319,45,242321,36,242322,468049,242322,0,242321,1,241417,95,242322,0,242323,0,241417,0,242323,0,242323,0,242325,32,242333,11,242334,1100000,242334,1100000,242334,1100000,242335,1100000,242335,0,242335,0,242336,0,242336,0,242321,0,,
242416,1337120,242414,45,242417,45,242419,22,242421,33,242422,590150,242422,0,242422,1,241521,95,242423,0,242423,0,241521,0,242423,0,242424,0,242425,36,242433,14,242433,1200000,242434,1200000,242434,1200000,242434,1200000,242435,0,242435,0,242436,0,242436,0,242421,0,,
242516,1337336,242515,25,242518,40,242521,45,242522,63,242523,809640,242523,0,242523,1,241619,95,242524,0,242524,0,241619,0,242525,0,242525,0,242527,44,242534,14,242535,1100000,242535,1100000,242536,1100000,242536,1100000,242537,0,242537,0,242538,0,242538,0,242523,0,,
242617,1337584,242616,33,242619,33,242621,14,242623,54,242624,545380,242624,0,242623,1,241718,95,242624,0,242625,0,241718,0,242625,0,242626,0,242627,34,242634,11,242635,1100000,242636,1100000,242636,1100000,242636,1100000,242637,0,242637,0,242637,0,242638,0,242623,0,,
242718,1337988,242717,25,242721,36,242723,27,242726,50,242732,561660,242732,0,242731,1,241822,95,242733,0,242733,0,241822,0,242734,0,242734,0,242736,35,242748,11,242749,900000,242749,900000,242750,900000,242751,900000,242751,0,242751,0,242752,0,242753,0,242731,0,,
242818,1338360,242817,44,242820,14,242823,36,242825,50,242826,427680,242826,0,242825,1,241934,95,242827,0,242828,0,241934,0,242829,0,242830,0,242832,44,242838,14,242839,1100000,242839,1100000,242840,1100000,242840,1100000,242841,0,242841,0,242841,0,242841,0,242825,0,,
242918,1338608,242917,33,242920,25,242922,30,242924,30,242925,480260,242925,0,242924,1,242021,95,242925,0,242926,0,242021,0,242926,0,242926,0,242928,25,242933,9,242934,1100000,242934,1100000,242934,1100000,242935,1100000,242935,0,242935,0,242936,0,242936,0,242924,0,,
243023,1338996,243020,22,243025,45,243027,20,243030,36,243032,500610,243031,0,243031,1,242126,95,243032,0,243033,0,242127,0,243033,0,243033,0,243035,34,243042,9,243043,900000,243043,900000,243044,900000,243044,900000,243045,0,243045,0,243045,0,243046,0,243030,0,,
243119,1339244,243118,33,243121,25,243123,27,243125,22,243126,317789,243126,0,243125,1,242222,95,243126,0,243127,0,242222,0,243128,0,243128,0,243129,23,243136,7,243136,1100000,243137,1100000,243137,1100000,243137,1100000,243138,0,243138,0,243138,0,243139,0,243125,0,,
243220,1339864,243219,46,243222,45,243224,25,243226,36,243227,618640,243227,0,243226,1,242322,95,243228,0,243229,0,242322,0,243230,0,243231,0,243233,43,243239,15,243239,1100000,243240,1100000,243240,1100000,243240,1100000,243241,0,243241,0,243241,0,243242,0,243226,0,,
243322,1340344,243320,44,243324,22,243327,60,243333,50,243337,716319,243336,0,243334,1,242423,95,243337,0,243338,0,242423,0,243339,0,243339,0,243341,45,243351,15,243352,1200000,243352,1200000,243353,1200000,243353,1200000,243353,0,243354,0,243354,0,243354,0,243334,0,,
243420,1336128,243419,54,243422,58,243423,88,243425,50,243426,1170000,243426,0,243425,1,242524,95,243426,0,243426,0,242524,0,243427,0,243428,0,243430,57,243434,26,243435,1500000,243435,1500000,243436,1500000,243436,1500000,243436,0,243437,0,243437,0,243437,0,243425,0,,
243521,1336252,243520,36,243523,44,243525,45,243527,22,243529,992250,243528,0,243528,1,242624,95,243529,0,243531,0,242624,0,243531,0,243532,0,243533,44,243539,16,243539,1100000,243540,1100000,243540,1100000,243540,1100000,243541,0,243541,0,243541,0,243542,0,243527,0,,
243623,1336376,243621,45,243625,33,243628,30,243631,30,243633,561660,243632,0,243632,1,242733,95,243634,0,243635,0,242733,0,243636,0,243636,0,243638,34,243646,12,243647,900000,243648,900000,243649,900000,243650,900000,243651,0,243651,0,243652,0,243653,0,243631,0,,
243723,1336748,243722,41,243725,60,243727,33,243729,37,243731,507869,243731,0,243730,1,242827,95,243732,0,243733,0,242828,0,243733,0,243733,0,243734,42,243741,14,243741,1100000,243742,1100000,243742,1100000,243742,1100000,243743,0,243743,0,243743,0,243744,0,243729,0,,
243823,1337120,243822,33,243825,50,243826,33,243829,30,243831,594220,243830,0,243830,1,242925,95,243831,0,243833,0,242926,0,243833,0,243833,0,243835,35,243841,12,243841,1100000,243842,1100000,243842,1100000,243842,1100000,243843,0,243843,0,243843,0,243843,0,243829,0,,
243924,1337508,243923,33,243927,44,243930,37,243934,40,243936,626780,243935,0,243934,1,243032,95,243936,0,243937,0,243032,0,243938,0,243938,0,243940,37,243950,12,243951,900000,243952,900000,243953,900000,243954,900000,243954,0,243955,0,243956,0,243956,0,243934,0,,
244024,1336268,244023,37,244026,44,244029,60,244031,25,244033,493020,244033,0,244032,1,243127,95,244033,0,244034,0,243127,0,244035,0,244035,0,244037,45,244043,14,244043,1100000,244044,1100000,244045,1100000,244045,1100000,244046,0,244047,0,244047,0,244048,0,244032,0,,
244124,1336268,244124,45,244126,50,244128,50,244131,33,244132,724460,244132,0,244132,1,243228,95,244133,0,244134,0,243229,0,244134,0,244135,0,244136,45,244143,16,244144,1100000,244144,1100000,244145,1100000,244146,1100000,244147,0,244147,0,244148,0,244149,0,244131,0,,
244226,1336748,244224,50,244228,22,244232,50,244235,25,244237,598290,244237,0,244236,1,243337,95,244238,0,244239,0,243338,0,244240,0,244240,0,244242,36,244253,11,244254,900000,244255,900000,244256,900000,244257,900000,244257,0,244258,0,244258,0,244259,0,244236,0,,
244325,1337120,244324,66,244327,50,244333,37,244335,33,244336,552420,244336,0,244335,1,243426,95,244336,0,244338,0,243426,0,244338,0,244338,0,244340,44,244347,15,244348,1100000,244349,1100000,244349,1100000,244350,1100000,244351,0,244351,0,244352,0,244352,0,244335,0,,
244426,1338004,244425,44,244428,40,244430,25,244433,44,244434,622710,244434,0,244433,1,243530,95,244434,0,244436,0,243530,0,244436,0,244436,0,244438,40,244444,13,244444,1100000,244445,1100000,244446,1100000,244447,1100000,244448,0,244448,0,244449,0,244449,0,244433,0,,
244527,1338376,244526,25,244530,40,244533,22,244537,55,244538,577940,244538,0,244537,1,243634,95,244539,0,244539,0,243634,0,244540,0,244540,0,244542,36,244553,11,244554,900000,244554,900000,244555,900000,244556,900000,244556,0,244556,0,244557,0,244557,0,244537,0,,
244627,1338856,244626,14,244629,22,244632,33,244634,60,244636,383130,244636,0,244635,1,243732,95,244636,0,244637,0,243732,0,244637,0,244637,0,244639,34,244645,11,244646,1100000,244646,1100000,244647,1100000,244648,1100000,244648,0,244649,0,244650,0,244651,0,244635,0,,
244728,1339476,244726,40,244730,36,244733,33,244735,54,244737,663410,244737,0,244736,1,243832,95,244737,0,244738,0,243832,0,244739,0,244739,0,244741,41,244749,15,244750,1100000,244751,1100000,244752,1100000,244752,1100000,244753,0,244753,0,244754,0,244754,0,244736,0,,
244830,1340220,244828,60,244834,58,244842,40,244850,44,244852,822140,244851,0,244851,1,243937,95,244852,0,244853,0,243937,0,244853,0,244853,0,244855,55,244861,19,244862,1200000,244865,1200000,244866,1200000,244866,1200000,244867,0,244867,0,244868,0,244868,0,244851,0,,
244929,1336128,244928,44,244933,54,244936,40,244938,44,244940,851760,244940,0,244939,1,244034,95,244940,0,244941,0,244034,0,244942,0,244942,0,244944,41,244953,15,244953,1100000,244954,1100000,244954,1100000,244955,1100000,244955,0,244955,0,244956,0,244956,0,244939,0,,
245029,1336500,245028,40,245031,50,245033,40,245035,33,245036,663410,245036,0,245036,1,244133,95,245036,0,245037,0,244133,0,245037,0,245037,0,245039,40,245043,16,245044,1300000,245044,1300000,245044,1300000,245045,1300000,245045,0,245046,0,245046,0,245047,0,245035,0,,
245129,1336624,245128,54,245132,44,245134,33,245136,40,245137,911430,245137,0,245137,1,244239,95,245138,0,245138,0,244239,0,245139,0,245139,0,245140,42,245148,16,245149,900000,245150,900000,245151,900000,245152,900000,245153,0,245153,0,245154,0,245155,0,245136,0,,
245231,1336872,245229,40,245234,60,245237,40,245239,58,245241,588060,245241,0,245240,1,244337,95,245241,0,245242,0,244337,0,245242,0,245243,0,245245,48,245254,15,245255,1100000,245256,1100000,245257,1100000,245257,1100000,245257,0,245258,0,245258,0,245258,0,245240,0,,
245331,1337120,245329,37,245334,60,245336,45,245338,33,245339,712250,245339,0,245339,1,244435,95,245340,0,245341,0,244435,0,245342,0,245342,0,245344,47,245352,16,245353,1100000,245354,1100000,245354,1100000,245355,1100000,245355,0,245356,0,245356,0,245357,0,245338,0,,
245431,1337492,245430,40,245434,54,245436,44,245438,25,245439,663410,245439,0,245438,1,244539,95,245439,0,245440,0,244539,0,245440,0,245441,0,245442,41,245452,13,245453,900000,245454,900000,245455,900000,245456,900000,245456,0,245457,0,245457,0,245458,0,245438,0,,
245532,1337848,245531,50,245536,60,245538,50,245540,25,245542,549450,245542,0,245541,1,244636,95,245542,0,245543,0,244637,0,245543,0,245543,0,245544,46,245553,16,245554,1100000,245555,1100000,245555,1100000,245556,1100000,245556,0,245557,0,245557,0,245557,0,245541,0,,
245632,1338344,245631,50,245634,50,245636,45,245639,40,245640,752950,245639,0,245639,1,244738,95,245640,0,245641,0,244738,0,245641,0,245641,0,245643,47,245650,18,245650,1100000,245651,1100000,245652,1100000,245652,1100000,245653,0,245653,0,245654,0,245654,0,245639,0,,
245733,1338484,245732,37,245736,54,245739,45,245742,40,245743,716319,245743,0,245743,1,244852,95,245744,0,245744,0,244852,0,245745,0,245745,0,245747,42,245758,13,245758,900000,245759,900000,245759,900000,245760,900000,245760,0,245761,0,245761,0,245761,0,245742,0,,
245834,1338856,245832,54,245837,60,245839,44,245841,40,245842,588060,245842,0,245841,1,244941,95,245843,0,245843,0,244941,0,245844,0,245844,0,245846,50,245855,16,245856,1100000,245856,1100000,245856,1100000,245857,1100000,245857,0,245857,0,245858,0,245858,0,245841,0,,
245886,1338980,245884,50,245887,40,245889,33,245891,40,245892,663410,245892,0,245892,1,245037,95,245893,0,245893,0,245037,0,245893,0,245893,0,245895,42,245906,16,245907,1100000,245908,1100000,245909,1100000,245909,1100000,245910,0,245911,0,245911,0,245912,0,245892,0,,
245985,1339228,245984,44,245987,45,245989,33,245991,40,245992,659340,245992,0,245991,1,245138,95,245993,0,245994,0,245138,0,245994,0,245995,0,245997,40,246008,14,246008,900000,246009,900000,246010,900000,246011,900000,246012,0,246012,0,246013,0,246013,0,245991,0,,
246087,1339492,246086,54,246089,55,246092,36,246094,40,246095,549450,246095,0,246094,1,245241,95,246095,0,246096,0,245242,0,246096,0,246096,0,246098,47,246108,15,246109,1100000,246110,1100000,246111,1100000,246111,1100000,246112,0,246112,0,246113,0,246113,0,246094,0,,
246187,1339988,246186,25,246189,40,246191,22,246193,54,246194,573870,246194,0,246194,1,245341,95,246195,0,246196,0,245341,0,246196,0,246196,0,246198,36,246207,12,246208,1100000,246208,1100000,246209,1100000,246209,1100000,246210,0,246210,0,246211,0,246211,0,246194,0,,
246286,1336392,246285,83,246288,33,246290,27,246291,40,246292,744810,246292,0,246292,1,245439,95,246292,0,246293,0,245440,0,246293,0,246293,0,246294,47,246299,20,246299,1500000,246300,1500000,246300,1500000,246300,1500000,246301,0,246302,0,246302,0,246302,0,246292,0,,
246387,1336516,246386,30,246389,33,246391,36,246393,11,246394,742500,246394,0,246394,1,245542,95,246395,0,246395,0,245542,0,246396,0,246396,0,246397,27,246406,8,246406,1100000,246407,1100000,246407,1100000,246408,1100000,246408,0,246409,0,246409,0,246410,0,246393,0,,
246488,1336764,246487,45,246490,22,246492,30,246494,45,246495,577939,246495,0,246495,1,245640,95,246496,0,246496,0,245640,0,246497,0,246497,0,246499,34,246511,12,246511,1100000,246512,1100000,246513,1100000,246513,1100000,246514,0,246514,0,246515,0,246516,0,246494,0,,
246592,1336764,246589,44,246596,30,246600,40,246604,36,246607,610500,246606,0,246604,1,245744,95,246607,0,246609,0,245744,0,246609,0,246610,0,246612,48,246629,15,246629,900000,246630,900000,246632,900000,246633,900000,246634,0,246635,0,246636,0,246637,0,246604,0,,
246690,1337028,246689,58,246692,54,246694,44,246697,33,246698,561330,246698,0,246697,1,245843,95,246698,0,246699,0,245843,0,246700,0,246701,0,246704,44,246718,14,246719,900000,246720,900000,246722,1200000,246722,1200000,246723,0,246724,0,246725,0,246725,0,246697,0,,
246790,1337492,246789,55,246793,54,246795,40,246796,41,246797,702810,246797,0,246797,1,245893,95,246798,0,246799,0,245893,0,246801,0,246802,0,246804,48,246812,18,246813,1100000,246814,1100000,246814,1100000,246817,1100000,246819,0,246820,0,246821,0,246821,0,246797,0,,
246890,1337740,246889,40,246892,40,246894,45,246896,40,246897,671550,246897,0,246896,1,245993,95,246897,0,246898,0,245993,0,246898,0,246901,0,246903,40,246914,14,246916,1100000,246917,1100000,246917,1100000,246918,1100000,246919,0,246920,0,246920,0,246921,0,246896,0,,
246994,1337988,246992,33,246998,44,247002,36,247005,50,247007,663410,247007,0,247006,1,246095,95,247007,0,247008,0,246096,0,247009,0,247009,0,247011,38,247023,12,247024,900000,247025,900000,247025,900000,247026,900000,247026,0,247027,0,247028,0,247028,0,247006,0,,
247092,1338376,247090,44,247094,44,247096,37,247098,44,247099,501930,247098,0,247098,1,246195,95,247099,0,247100,0,246195,0,247101,0,247101,0,247103,46,247112,14,247112,1100000,247113,1100000,247113,1100000,247114,1100000,247114,0,247115,0,247115,0,247116,0,247098,0,,
247192,1338748,247191,40,247194,60,247196,33,247198,33,247199,675619,247199,0,247198,1,246293,95,247199,0,247202,0,246293,0,247203,0,247203,0,247206,38,247214,13,247214,1100000,247215,1100000,247220,1100000,247222,1100000,247222,0,247223,0,247223,0,247224,0,247198,0,,
247297,1339228,247295,37,247302,50,247307,45,247310,22,247312,626780,247312,0,247311,1,246395,95,247313,0,247314,0,246395,0,247314,0,247315,0,247318,42,247331,13,247332,1100000,247333,1100000,247335,1100000,247337,1100000,247338,0,247338,0,247339,0,247339,0,247311,0,,
247394,1339600,247393,44,247395,33,247397,40,247399,37,247401,626780,247401,0,247400,1,246496,95,247402,0,247403,0,246496,0,247404,0,247404,0,247406,38,247414,11,247414,1100000,247415,1100000,247416,1100000,247416,1100000,247417,0,247417,0,247418,0,247418,0,247400,0,,
247494,1339988,247493,42,247496,33,247497,25,247499,50,247501,610500,247501,0,247500,1,246608,95,247502,0,247503,0,246608,0,247503,0,247504,0,247505,36,247511,13,247511,1100000,247512,1100000,247512,1100000,247512,1100000,247513,0,247513,0,247513,0,247513,0,247500,0,,
247595,1340236,247594,40,247597,44,247599,44,247601,36,247603,667480,247602,0,247602,1,246699,95,247603,0,247604,0,246699,0,247605,0,247605,0,247607,42,247613,13,247614,1100000,247614,1100000,247615,1100000,247615,1100000,247616,0,247616,0,247617,0,247618,0,247602,0,,
247695,1336624,247694,50,247697,45,247698,75,247700,16,247701,757020,247701,0,247700,1,246798,95,247702,0,247703,0,246798,0,247703,0,247703,0,247705,50,247709,21,247710,1500000,247710,1500000,247710,1500000,247711,1100000,247711,0,247712,0,247712,0,247712,0,247700,0,,
247796,1336856,247795,33,247798,30,247801,12,247804,45,247807,689400,247806,0,247805,1,246897,95,247807,0,247808,0,246897,0,247809,0,247810,0,247812,30,247824,10,247826,900000,247827,900000,247828,900000,247828,900000,247829,0,247830,0,247831,0,247831,0,247805,0,,
247897,1336872,247896,37,247899,40,247905,50,247907,54,247909,537570,247908,0,247908,1,247008,95,247909,0,247910,0,247008,0,247910,0,247910,0,247912,45,247927,13,247928,900000,247929,900000,247929,900000,247930,900000,247931,0,247932,0,247933,0,247934,0,247908,0,,
247997,1337244,247996,30,247999,55,248001,37,248004,40,248006,481140,248005,0,248005,1,247100,95,248006,0,248007,0,247100,0,248007,0,248007,0,248009,41,248015,14,248016,1100000,248016,1100000,248017,1100000,248018,1100000,248018,0,248019,0,248020,0,248021,0,248004,0,,
248098,1337492,248096,50,248099,41,248102,30,248104,40,248105,655270,248105,0,248105,1,247201,95,248106,0,248107,0,247201,0,248107,0,248107,0,248108,38,248114,14,248115,1100000,248115,1100000,248116,1100000,248117,1100000,248117,0,248118,0,248118,0,248119,0,248104,0,,
248198,1337880,248197,33,248200,50,248203,50,248206,40,248208,704109,248208,0,248207,1,247313,95,248209,0,248210,0,247313,0,248210,0,248210,0,248212,43,248227,15,248228,900000,248229,900000,248229,900000,248230,900000,248231,0,248232,0,248232,0,248233,0,248207,0,,
248305,1338252,248300,37,248312,58,248316,40,248326,40,248328,519750,248328,0,248327,1,247402,95,248329,0,248330,0,247403,0,248331,0,248331,0,248334,51,248348,14,248348,900000,248349,900000,248350,900000,248350,900000,248351,0,248353,0,248353,0,248354,0,248327,0,,
248399,1338624,248398,58,248402,55,248404,50,248406,55,248407,647460,248407,0,248407,1,247502,95,248408,0,248409,0,247502,0,248409,0,248409,0,248411,46,248416,16,248417,1100000,248418,1100000,248419,1100000,248420,1100000,248420,0,248421,0,248422,0,248422,0,248407,0,,
248500,1339228,248499,44,248505,54,248507,22,248509,40,248510,651200,248510,0,248509,1,247604,95,248510,0,248511,0,247604,0,248511,0,248511,0,248513,40,248520,13,248520,1100000,248522,1100000,248523,1100000,248523,1100000,248524,0,248525,0,248525,0,248526,0,248509,0,,
248605,1339476,248602,25,248610,54,248614,40,248619,53,248622,700040,248621,0,248620,1,247702,95,248623,0,248625,0,247702,0,248626,0,248627,0,248630,53,248644,14,248644,1100000,248647,1100000,248648,1100000,248649,1100000,248649,0,248650,0,248650,0,248651,0,248619,0,,
248701,1339848,248700,66,248703,54,248705,63,248707,44,248709,923890,248708,0,248708,1,247808,95,248709,0,248709,0,247808,0,248710,0,248710,0,248711,50,248718,15,248719,1100000,248719,1100000,248719,1100000,248720,1100000,248720,0,248721,0,248721,0,248721,0,248708,0,,
248802,1340220,248801,36,248805,27,248807,44,248809,36,248810,582010,248810,0,248809,1,247909,95,248811,0,248811,0,247909,0,248812,0,248812,0,248813,38,248821,13,248822,1100000,248822,1100000,248823,1100000,248824,1100000,248824,0,248825,0,248826,0,248826,0,248809,0,,
248908,1340608,248905,58,248912,45,248916,40,248920,50,248923,785510,248923,0,248922,1,248006,95,248924,0,248926,0,248006,0,248927,0,248927,0,248931,50,248948,14,248949,900000,248949,900000,248950,900000,248953,900000,248955,0,248956,0,248956,0,248958,0,248922,0,,
249006,1341104,249005,63,249009,50,249011,37,249013,45,249014,579150,249014,0,249014,1,248106,95,249016,0,249016,0,248106,0,249017,0,249017,0,249019,44,249031,12,249033,1000000,249033,1000000,249034,1000000,249035,1000000,249035,0,249036,0,249037,0,249038,0,249014,0,,
249107,1340096,249103,62,249111,37,249113,40,249115,90,249116,801500,249116,0,249115,1,248209,95,249116,0,249117,0,248209,0,249117,0,249117,0,249122,60,249129,26,249129,1500000,249130,1500000,249131,1500000,249131,1500000,249132,0,249132,0,249133,0,249133,0,249115,0,,
249205,1336872,249204,33,249207,28,249209,37,249211,37,249212,911250,249212,0,249212,1,248329,95,249213,0,249213,0,248329,0,249214,0,249214,0,249215,32,249224,11,249225,1100000,249226,1100000,249227,1100000,249227,1100000,249228,0,249228,0,249228,0,249229,0,249212,0,,
249308,1336996,249306,37,249312,40,249315,33,249319,40,249322,610500,249321,0,249319,1,248408,95,249322,0,249324,0,248408,0,249325,0,249325,0,249327,43,249340,12,249341,900000,249342,900000,249343,900000,249344,900000,249345,0,249345,0,249346,0,249346,0,249319,0,,
249410,1337368,249408,54,249415,44,249419,40,249423,63,249425,596970,249425,0,249424,1,248510,95,249426,0,249427,0,248511,0,249427,0,249427,0,249429,48,249439,13,249440,900000,249441,900000,249442,900000,249443,900000,249443,0,249444,0,249444,0,249445,0,249424,0,,
249507,1337632,249506,55,249509,25,249511,44,249513,50,249514,516780,249514,0,249513,1,248624,95,249514,0,249515,0,248624,0,249515,0,249515,0,249517,41,249526,14,249527,1100000,249527,1100000,249527,1100000,249528,1100000,249528,0,249528,0,249529,0,249529,0,249513,0,,
249607,1337632,249606,40,249609,28,249612,37,249614,30,249615,549450,249615,0,249614,1,248709,95,249615,0,249616,0,248709,0,249616,0,249616,0,249618,35,249627,12,249627,1100000,249628,1100000,249628,1100000,249628,1100000,249629,0,249629,0,249629,0,249630,0,249614,0,,
249707,1337880,249706,44,249709,36,249711,22,249713,36,249714,561660,249714,0,249714,1,248811,95,249714,0,249715,0,248811,0,249716,0,249716,0,249717,35,249725,13,249725,1300000,249726,1300000,249726,1300000,249726,1300000,249727,0,249727,0,249727,0,249727,0,249713,0,,
249809,1338112,249808,40,249814,11,249816,18,249818,10,249819,421070,249819,0,249818,1,248925,95,249819,0,249820,0,248925,0,249820,0,249820,0,249822,20,249828,7,249828,1100000,249828,1100000,249829,1100000,249829,1100000,249829,0,249830,0,249830,0,249830,0,249818,0,,
249909,1337864,249908,22,249911,44,249913,22,249915,22,249916,447700,249916,0,249915,1,249016,95,249917,0,249917,0,249016,0,249918,0,249918,0,249919,26,249926,9,249926,1100000,249927,1100000,249927,1100000,249927,1100000,249928,0,249928,0,249928,0,249929,0,249915,0,,
250010,1337988,250009,30,250012,54,250014,0,250017,36,250018,488400,250018,0,250017,1,249116,95,250018,0,250020,0,249116,0,250021,0,250021,0,250025,40,250032,13,250033,900000,250033,900000,250034,900000,250034,900000,250035,0,250035,0,250042,0,250042,0,250017,0,,
250111,1338468,250109,37,250113,60,250116,30,250118,50,250120,525689,250120,0,250119,1,249213,95,250121,0,250123,0,249213,0,250123,0,250124,0,250127,42,250134,12,250135,900000,250136,900000,250136,900000,250137,900000,250138,0,250139,0,250140,0,250141,0,250118,0,,
250212,1339228,250210,33,250214,60,250217,50,250219,60,250224,602910,250224,0,250221,1,249323,95,250225,0,250226,0,249323,0,250226,0,250226,0,250228,53,250238,20,250239,1000000,250240,1000000,250242,900000,250244,900000,250245,0,250245,0,250247,0,250248,0,250220,0,,
250312,1339476,250311,70,250314,50,250316,75,250318,50,250320,791250,250319,0,250319,1,249426,95,250321,0,250323,0,249426,0,250324,0,250324,0,250326,62,250333,23,250334,1100000,250335,1100000,250335,1100000,250336,1100000,250336,0,250337,0,250338,0,250339,0,250318,0,,
250413,1339848,250412,50,250415,55,250417,33,250418,25,250420,663410,250419,0,250419,1,249514,95,250420,0,250422,0,249514,0,250422,0,250423,0,250425,41,250431,15,250432,1100000,250432,1100000,250433,1100000,250433,1100000,250433,0,250434,0,250434,0,250434,0,250419,0,,
250514,1340468,250513,33,250517,50,250520,30,250523,40,250524,622710,250524,0,250523,1,249615,95,250525,0,250525,0,249615,0,250526,0,250526,0,250528,35,250537,10,250538,900000,250539,900000,250539,900000,250540,900000,250540,0,250541,0,250541,0,250542,0,250523,0,,
250614,1336996,250613,30,250615,37,250617,60,250619,33,250620,475200,250620,0,250619,1,249715,95,250620,0,250621,0,249715,0,250621,0,250622,0,250623,41,250628,14,250629,1200000,250629,1200000,250629,1200000,250630,1200000,250630,0,250631,0,250631,0,250632,0,250619,0,,
250714,1337244,250713,0,250716,40,250718,22,250720,11,250722,341640,250721,0,250721,1,249819,95,250722,0,250723,0,249819,0,250723,0,250723,0,250725,21,250730,7,250731,1100000,250731,1100000,250732,1100000,250732,1100000,250733,0,250733,0,250733,0,250733,0,250720,0,,
250815,1337508,250814,30,250817,45,250818,22,250820,20,250821,476190,250821,0,250821,1,249917,95,250822,0,250822,0,249917,0,250823,0,250823,0,250824,27,250830,10,250831,1100000,250831,900000,250832,900000,250833,900000,250833,0,250833,0,250834,0,250834,0,250820,0,,
250918,1337740,250916,27,250922,25,250926,0,250930,20,250933,243540,250932,0,250931,1,250019,95,250934,0,250935,0,250019,0,250936,0,250936,0,250940,19,250951,5,250952,900000,250953,900000,250953,900000,250954,900000,250955,0,250956,0,250956,0,250957,0,250931,0,,
251016,1337988,251015,12,251018,50,251020,14,251022,40,251023,344520,251023,0,251023,1,250122,95,251024,0,251025,0,250122,0,251025,0,251026,0,251027,31,251032,8,251033,1100000,251033,1100000,251034,1100000,251034,1100000,251035,0,251035,0,251035,0,251035,0,251023,0,,
251116,1338236,251115,12,251118,44,251120,33,251122,40,251124,525030,251123,0,251123,1,250225,95,251124,0,251125,0,250225,0,251126,0,251126,0,251128,35,251134,13,251134,1100000,251135,1100000,251135,1100000,251136,1100000,251136,0,251136,0,251137,0,251137,0,251123,0,,
251219,1338484,251217,40,251227,60,251230,27,251233,38,251235,671550,251235,0,251234,1,250322,95,251236,0,251237,0,250322,0,251238,0,251239,0,251242,44,251252,13,251253,900000,251254,900000,251255,900000,251256,900000,251256,0,251257,0,251258,0,251259,0,251234,0,,
251318,1338856,251317,61,251320,58,251324,55,251326,44,251327,647460,251327,0,251327,1,250421,95,251328,0,251329,0,250421,0,251329,0,251329,0,251331,52,251337,15,251337,1100000,251338,1100000,251339,1100000,251339,1100000,251340,0,251340,0,251341,0,251341,0,251326,0,,
251418,1339244,251417,40,251420,54,251424,33,251426,33,251427,651200,251427,0,251426,1,250525,95,251427,0,251428,0,250525,0,251428,0,251428,0,251430,40,251435,14,251436,1100000,251436,1100000,251437,1100000,251437,1100000,251437,0,251438,0,251441,0,251442,0,251426,0,,
251519,1339476,251518,36,251522,50,251525,30,251528,41,251529,638990,251529,0,251529,1,250620,95,251530,0,251531,0,250621,0,251531,0,251531,0,251533,41,251543,13,251544,900000,251544,900000,251545,900000,251545,900000,251546,0,251546,0,251546,0,251547,0,251528,0,,
251620,1339848,251618,45,251622,50,251624,44,251626,25,251628,487080,251628,0,251627,1,250722,95,251628,0,251629,0,250722,0,251629,0,251629,0,251631,36,251638,11,251639,900000,251640,900000,251640,900000,251641,900000,251641,0,251642,0,251642,0,251642,0,251627,0,,
251720,1340096,251719,22,251722,44,251724,20,251726,20,251727,314820,251727,0,251726,1,250822,95,251728,0,251728,0,250822,0,251729,0,251729,0,251730,26,251736,8,251737,1100000,251737,1100000,251737,1100000,251738,1100000,251738,0,251739,0,251739,0,251739,0,251726,0,,
251821,1340484,251819,12,251823,11,251825,37,251828,33,251829,378510,251829,0,251828,1,250934,95,251829,0,251830,0,250934,0,251830,0,251830,0,251832,29,251838,9,251839,1100000,251839,1100000,251841,1100000,251841,1100000,251842,0,251843,0,251843,0,251844,0,251828,0,,
251926,1340856,251920,45,251929,25,251932,44,251934,45,251936,647130,251935,0,251935,1,251024,95,251936,0,251937,0,251024,0,251937,0,251937,0,251939,35,251950,12,251951,900000,251951,900000,251952,900000,251952,900000,251953,0,251953,0,251953,0,251954,0,251934,0,,
252023,1341352,252021,25,252026,55,252028,44,252030,90,252031,635580,252031,0,252031,1,251125,95,252032,0,252032,0,251125,0,252033,0,252033,0,252034,61,252043,17,252044,1400000,252044,1400000,252045,1400000,252047,1400000,252047,0,252047,0,252048,0,252048,0,252031,0,,
252122,1338128,252121,37,252124,54,252126,22,252128,63,252129,1059520,252129,0,252128,1,251236,95,252129,0,252130,0,251237,0,252130,0,252130,0,252132,45,252137,21,252137,1300000,252138,1300000,252138,1300000,252139,1300000,252139,0,252140,0,252140,0,252141,0,252128,0,,
252223,1338252,252221,36,252225,54,252228,33,252230,40,252231,868790,252231,0,252230,1,251328,95,252231,0,252232,0,251328,0,252232,0,252232,0,252234,41,252240,17,252241,1100000,252242,1100000,252242,1100000,252243,1100000,252244,0,252244,0,252244,0,252245,0,252230,0,,
252324,1338252,252323,50,252327,54,252330,33,252333,41,252334,724459,252334,0,252334,1,251428,95,252335,0,252336,0,251428,0,252336,0,252336,0,252338,46,252349,15,252349,900000,252350,900000,252350,900000,252350,900000,252351,0,252351,0,252352,0,252352,0,252333,0,,
252424,1338252,252422,41,252425,55,252427,40,252429,40,252431,522720,252430,0,252430,1,251530,95,252431,0,252432,0,251530,0,252432,0,252432,0,252434,40,252440,13,252441,1100000,252441,1100000,252442,1100000,252442,1100000,252443,0,252443,0,252443,0,252443,0,252430,0,,
252524,1338592,252523,30,252527,37,252529,33,252531,30,252532,529100,252532,0,252532,1,251628,95,252533,0,252533,0,251628,0,252534,0,252534,0,252535,34,252543,12,252543,1100000,252544,1100000,252545,1100000,252545,1100000,252546,0,252546,0,252546,0,252547,0,252532,0,,
252626,1338840,252624,25,252629,55,252632,33,252634,30,252635,582010,252635,0,252635,1,251728,95,252636,0,252637,0,251728,0,252637,0,252637,0,252639,38,252649,14,252649,900000,252650,900000,252651,900000,252651,900000,252652,0,252652,0,252652,0,252653,0,252634,0,,
252726,1338964,252724,50,252728,58,252730,44,252733,33,252734,549450,252733,0,252733,1,251829,95,252734,0,252734,0,251829,0,252735,0,252735,0,252737,45,252745,13,252746,1100000,252746,1100000,252747,1100000,252747,1100000,252748,0,252748,0,252748,0,252748,0,252733,0,,
252829,1338948,252828,44,252831,33,252833,54,252835,36,252837,679689,252836,0,252836,1,251936,95,252837,0,252837,0,251936,0,252838,0,252838,0,252839,41,252848,17,252848,1100000,252849,1100000,252849,1100000,252850,1100000,252850,0,252851,0,252851,0,252851,0,252836,0,,
252929,1339088,252927,44,252932,25,252935,54,252938,54,252940,720390,252940,0,252939,1,252032,95,252941,0,252943,0,252032,0,252944,0,252944,0,252947,51,252955,13,252956,900000,252957,900000,252957,900000,252958,900000,252959,0,252960,0,252961,0,252962,0,252938,0,,
253029,1339212,253027,44,253032,36,253034,44,253037,63,253038,555390,253038,0,253037,1,252129,95,253038,0,253039,0,252130,0,253040,0,253041,0,253044,48,253052,14,253053,900000,253053,900000,253054,900000,253054,900000,253054,0,253055,0,253055,0,253056,0,253037,0,,
253128,1339584,253127,40,253130,33,253132,36,253134,66,253135,519750,253135,0,253134,1,252231,95,253135,0,253136,0,252231,0,253136,0,253136,0,253138,35,253146,13,253147,1300000,253147,1300000,253147,1300000,253147,1300000,253148,0,253148,0,253148,0,253149,0,253134,0,,
253229,1339956,253227,12,253231,40,253233,50,253235,40,253236,756860,253236,0,253235,1,252335,95,253236,0,253237,0,252335,0,253237,0,253237,0,253239,37,253247,14,253248,1100000,253248,1100000,253248,1100000,253249,1100000,253249,0,253249,0,253250,0,253250,0,253235,0,,
253331,1340344,253329,40,253333,30,253336,50,253338,45,253340,671550,253340,0,253339,1,252431,95,253341,0,253344,0,252431,0,253345,0,253345,0,253347,46,253354,14,253356,900000,253357,900000,253357,900000,253358,900000,253359,0,253360,0,253361,0,253362,0,253339,0,,
253429,1340592,253428,50,253432,63,253434,25,253436,50,253437,558360,253437,0,253436,1,252533,95,253437,0,253438,0,252533,0,253438,0,253438,0,253440,42,253448,15,253449,1100000,253449,1100000,253450,1100000,253451,1100000,253451,0,253452,0,253452,0,253453,0,253436,0,,
253533,1337244,253532,45,253534,77,253536,63,253537,45,253538,936100,253538,0,253538,1,252636,95,253538,0,253539,0,252636,0,253539,0,253539,0,253543,54,253549,24,253549,1500000,253550,1500000,253550,1500000,253550,1500000,253551,0,253551,0,253551,0,253552,0,253538,0,,
253636,1337492,253634,30,253640,33,253651,45,253654,36,253655,972000,253655,0,253655,1,252734,95,253656,0,253658,0,252734,0,253661,0,253661,0,253664,44,253676,14,253678,900000,253679,900000,253679,900000,253681,900000,253682,0,253683,0,253684,0,253685,0,253654,0,,
253734,1337972,253733,50,253736,60,253738,42,253740,50,253742,599940,253741,0,253741,1,252837,95,253742,0,253744,0,252837,0,253746,0,253746,0,253748,48,253754,16,253755,1100000,253755,1100000,253756,1100000,253756,1100000,253757,0,253757,0,253758,0,253759,0,253740,0,,
253834,1338220,253834,54,253836,33,253838,58,253840,33,253843,724460,253842,0,253841,1,252942,95,253843,0,253844,0,252942,0,253845,0,253845,0,253847,46,253853,16,253854,1100000,253854,1100000,253855,1100000,253855,1100000,253855,0,253856,0,253856,0,253856,0,253840,0,,
253936,1338220,253935,33,253938,40,253942,58,253945,45,253947,716319,253947,0,253946,1,253039,95,253948,0,253949,0,253039,0,253950,0,253950,0,253952,43,253961,13,253962,900000,253963,900000,253964,900000,253965,900000,253965,0,253966,0,253966,0,253967,0,253946,0,,
254036,1338592,254035,40,254038,25,254040,70,254042,33,254044,498960,254044,0,254043,1,253135,95,254045,0,254046,0,253136,0,254046,0,254047,0,254048,40,254054,12,254055,1100000,254055,1100000,254056,1100000,254056,1100000,254056,0,254057,0,254057,0,254058,0,254043,0,,
254136,1338840,254135,33,254138,33,254140,45,254145,44,254146,630850,254146,0,254145,1,253236,95,254147,0,254148,0,253236,0,254148,0,254148,0,254150,36,254156,14,254157,1100000,254157,1100000,254157,1100000,254158,1100000,254159,0,254159,0,254160,0,254161,0,254145,0,,
254238,1339088,254236,0,254240,33,254245,36,254248,54,254251,500610,254251,0,254249,1,253343,95,254252,0,254253,0,253343,0,254254,0,254254,0,254257,41,254269,11,254270,900000,254271,900000,254271,900000,254272,900000,254272,0,254272,0,254273,0,254273,0,254249,0,,
254338,1339336,254337,28,254340,40,254343,60,254347,44,254349,510840,254348,0,254348,1,253437,95,254350,0,254351,0,253437,0,254351,0,254351,0,254353,41,254364,12,254365,900000,254366,900000,254367,900000,254367,900000,254367,0,254368,0,254368,0,254368,0,254347,0,,
254438,1339708,254437,63,254440,25,254442,50,254444,14,254446,451440,254446,0,254446,1,253539,95,254447,0,254448,0,253539,0,254449,0,254449,0,254450,38,254457,13,254457,1100000,254458,1100000,254458,1100000,254459,1100000,254460,0,254460,0,254461,0,254462,0,254445,0,,
254538,1340080,254537,14,254540,37,254541,44,254544,40,254545,549450,254545,0,254544,1,253656,95,254545,0,254546,0,253656,0,254546,0,254546,0,254548,37,254555,13,254555,1100000,254556,1100000,254556,1100000,254556,1100000,254557,0,254557,0,254557,0,254558,0,254544,0,,
254639,1340328,254638,33,254641,44,254644,40,254647,33,254649,610500,254649,0,254648,1,253743,95,254650,0,254651,0,253743,0,254652,0,254652,0,254654,42,254663,13,254664,900000,254664,900000,254665,900000,254666,900000,254667,0,254667,0,254668,0,254668,0,254648,0,,
254739,1340592,254738,45,254741,60,254744,40,254746,50,254747,579150,254747,0,254746,1,253844,95,254748,0,254749,0,253844,0,254749,0,254749,0,254751,46,254757,15,254757,1100000,254758,1100000,254758,1100000,254759,1100000,254760,0,254760,0,254761,0,254762,0,254746,0,,
254839,1341196,254838,33,254841,55,254843,25,254846,50,254847,663410,254847,0,254846,1,253948,95,254847,0,254848,0,253948,0,254849,0,254849,0,254850,40,254856,15,254857,1100000,254857,1100000,254858,1100000,254858,1100000,254858,0,254859,0,254860,0,254861,0,254846,0,,
254940,1341692,254939,40,254942,80,254944,40,254946,25,254948,752950,254947,0,254947,1,254045,95,254948,0,254949,0,254045,0,254949,0,254950,0,254951,48,254959,18,254960,1400000,254960,1400000,254961,1500000,254962,1500000,254963,0,254963,0,254964,0,254965,0,254947,0,,
255041,1337476,255040,40,255048,50,255051,44,255054,40,255057,1108800,255056,0,255055,1,254147,95,255057,0,255058,0,254147,0,255059,0,255060,0,255063,45,255072,17,255073,900000,255073,900000,255074,900000,255074,900000,255075,0,255075,0,255075,0,255076,0,255055,0,,
255141,1337600,255140,44,255143,50,255148,50,255151,28,255152,510840,255152,0,255151,1,254252,95,255152,0,255153,0,254252,0,255153,0,255153,0,255155,40,255163,12,255163,1100000,255164,1100000,255165,1100000,255165,1100000,255166,0,255166,0,255167,0,255167,0,255151,0,,
255242,1337972,255240,28,255244,36,255246,54,255249,33,255250,614569,255250,0,255249,1,254350,95,255251,0,255252,0,254350,0,255252,0,255253,0,255254,43,255262,15,255263,1100000,255264,1100000,255264,1100000,255265,1100000,255265,0,255266,0,255266,0,255267,0,255249,0,,
255344,1338096,255342,33,255347,25,255350,22,255353,54,255356,545380,255355,0,255354,1,254447,95,255356,0,255357,0,254447,0,255358,0,255358,0,255361,32,255372,12,255372,900000,255373,900000,255373,900000,255374,900000,255374,0,255375,0,255375,0,255376,0,255354,0,,
255444,1338096,255442,54,255447,50,255449,50,255453,42,255455,582120,255454,0,255454,1,254546,95,255456,0,255457,0,254546,0,255457,0,255457,0,255459,48,255470,12,255471,900000,255471,900000,255472,900000,255472,900000,255473,0,255473,0,255474,0,255474,0,255453,0,,
255543,1338344,255542,60,255545,33,255548,40,255550,45,255551,528660,255551,0,255551,1,254650,95,255552,0,255552,0,254650,0,255553,0,255553,0,255554,47,255560,15,255561,1100000,255562,1100000,255563,1100000,255563,1100000,255564,0,255565,0,255565,0,255566,0,255551,0,,
255643,1337368,255642,25,255646,60,255648,33,255650,40,255652,643060,255651,0,255651,1,254748,95,255652,0,255653,0,254748,0,255653,0,255653,0,255655,41,255661,15,255662,1100000,255662,1100000,255663,1100000,255664,1100000,255664,0,255665,0,255665,0,255666,0,255650,0,,
255747,1337616,255746,25,255750,50,255753,45,255755,50,255757,691900,255757,0,255756,1,254847,95,255757,0,255758,0,254847,0,255758,0,255758,0,255761,45,255771,15,255772,900000,255772,900000,255773,900000,255773,900000,255774,0,255774,0,255774,0,255775,0,255756,0,,
255845,1337848,255843,50,255848,72,255850,33,255852,44,255853,591030,255853,0,255853,1,254948,95,255854,0,255854,0,254948,0,255855,0,255855,0,255856,48,255865,13,255866,1100000,255867,1100000,255867,1100000,255868,1100000,255868,0,255869,0,255869,0,255869,0,255853,0,,
255946,1338468,255944,40,255948,33,255950,50,255952,45,255954,683760,255953,0,255953,1,255057,95,255954,0,255954,0,255058,0,255955,0,255955,0,255957,44,255964,16,255965,1100000,255965,1100000,255966,1100000,255966,1100000,255967,0,255967,0,255968,0,255968,0,255953,0,,
256048,1338964,256047,25,256051,36,256054,44,256057,44,256058,606430,256058,0,256058,1,255152,95,256059,0,256060,0,255152,0,256060,0,256061,0,256063,40,256074,13,256075,900000,256075,900000,256076,900000,256076,900000,256077,0,256077,0,256079,0,256079,0,256057,0,,
256146,1339460,256145,36,256149,45,256152,45,256154,50,256155,522720,256155,0,256154,1,255251,95,256155,0,256156,0,255251,0,256156,0,256156,0,256158,41,256168,15,256169,1100000,256169,1100000,256170,1100000,256170,1100000,256171,0,256171,0,256172,0,256172,0,256154,0,,
256247,1340064,256245,60,256249,41,256252,22,256255,44,256256,679689,256256,0,256255,1,255357,95,256256,0,256257,0,255357,0,256257,0,256257,0,256259,43,256268,15,256269,1100000,256269,1100000,256269,1100000,256270,1100000,256270,0,256270,0,256271,0,256271,0,256255,0,,
256348,1340592,256346,63,256351,40,256355,50,256358,27,256359,732600,256359,0,256359,1,255456,95,256360,0,256362,0,255456,0,256363,0,256363,0,256366,47,256374,15,256375,900000,256376,900000,256376,900000,256377,900000,256377,0,256378,0,256379,0,256379,0,256358,0,,
256453,1337244,256452,50,256456,54,256458,72,256459,70,256460,730620,256460,0,256460,1,255552,95,256461,0,256462,0,255552,0,256463,0,256463,0,256465,62,256471,21,256471,1300000,256472,1300000,256472,1300000,256472,1300000,256473,0,256473,0,256473,0,256474,0,256460,0,,
256553,1337492,256552,50,256555,40,256557,50,256559,33,256560,922090,256560,0,256559,1,255652,95,256561,0,256561,0,255652,0,256562,0,256562,0,256563,40,256569,15,256570,1100000,256570,1100000,256571,1100000,256571,1100000,256572,0,256572,0,256572,0,256572,0,256559,0,,
256655,1337848,256654,20,256658,20,256660,33,256664,30,256666,419210,256665,0,256664,1,255757,95,256666,0,256667,0,255757,0,256668,0,256668,0,256671,21,256678,7,256679,900000,256680,900000,256680,900000,256681,900000,256681,0,256682,0,256682,0,256682,0,256664,0,,
256755,1338096,256754,11,256757,11,256759,44,256761,30,256762,285120,256762,0,256761,1,255854,95,256763,0,256763,0,255854,0,256763,0,256764,0,256765,26,256771,7,256772,1100000,256772,1100000,256773,1100000,256773,1100000,256773,0,256774,0,256774,0,256774,0,256761,0,,
256855,1338344,256854,27,256857,30,256859,40,256862,36,256863,541310,256863,0,256862,1,255954,95,256864,0,256865,0,255954,0,256865,0,256866,0,256867,32,256874,11,256875,1100000,256875,1100000,256876,1100000,256876,1100000,256876,0,256877,0,256877,0,256877,0,256862,0,,
256956,1338592,256955,55,256958,30,256960,12,256962,25,256964,496540,256964,0,256963,1,256059,95,256965,0,256967,0,256059,0,256967,0,256967,0,256969,30,256975,11,256976,1100000,256976,1100000,256977,1100000,256977,1100000,256978,0,256978,0,256979,0,256979,0,256963,0,,
257057,1338856,257056,55,257059,40,257063,30,257067,25,257068,610500,257068,0,257067,1,256156,95,257069,0,257070,0,256156,0,257070,0,257070,0,257072,40,257082,12,257084,900000,257085,900000,257086,900000,257087,900000,257088,0,257089,0,257089,0,257090,0,257067,0,,
257156,1339492,257156,57,257158,87,257160,57,257161,50,257164,745469,257163,0,257162,1,256256,95,257164,0,257166,0,256256,0,257167,0,257167,0,257169,64,257175,25,257176,1300000,257176,1300000,257177,1300000,257177,1300000,257177,0,257178,0,257178,0,257178,0,257162,0,,
257257,1339864,257256,33,257259,54,257261,30,257264,54,257265,911430,257265,0,257265,1,256361,95,257266,0,257266,0,256361,0,257267,0,257267,0,257268,42,257275,16,257276,1100000,257276,1100000,257277,1100000,257277,1100000,257277,0,257278,0,257278,0,257278,0,257265,0,,
257359,1340096,257358,28,257361,44,257368,36,257371,40,257372,602360,257372,0,257371,1,256461,95,257372,0,257373,0,256462,0,257373,0,257374,0,257375,39,257386,11,257386,1100000,257387,1100000,257388,1100000,257388,1100000,257388,0,257389,0,257389,0,257389,0,257371,0,,
257459,1340484,257458,36,257461,50,257463,50,257466,45,257468,736670,257467,0,257467,1,256561,95,257468,0,257469,0,256561,0,257469,0,257469,0,257471,42,257477,17,257478,1100000,257478,1100000,257479,1100000,257479,1100000,257480,0,257481,0,257482,0,257482,0,257467,0,,
257559,1340608,257558,40,257561,33,257563,60,257566,40,257567,704109,257567,0,257566,1,256667,95,257568,0,257568,0,256667,0,257569,0,257569,0,257571,43,257577,16,257578,1100000,257578,1100000,257579,1100000,257579,1100000,257580,0,257581,0,257581,0,257582,0,257566,0,,
257660,1340732,257659,37,257663,25,257666,44,257669,50,257671,634920,257671,0,257670,1,256763,95,257672,0,257673,0,256763,0,257673,0,257673,0,257675,40,257686,11,257687,900000,257688,900000,257688,900000,257689,900000,257689,0,257690,0,257690,0,257691,0,257670,0,,
257761,1341212,257760,22,257764,40,257767,33,257771,54,257772,442530,257772,0,257772,1,256864,95,257773,0,257774,0,256864,0,257774,0,257774,0,257776,42,257788,12,257788,1100000,257789,1100000,257789,1100000,257790,1100000,257790,0,257791,0,257791,0,257791,0,257771,0,,
257861,1341816,257859,66,257863,44,257867,44,257871,77,257873,940170,257872,0,257872,1,256965,95,257873,0,257874,0,256966,0,257875,0,257875,0,257877,59,257894,23,257898,1500000,257899,1500000,257900,1500000,257901,1500000,257901,0,257902,0,257902,0,257903,0,257872,0,,
257961,1338220,257960,63,257962,44,257964,64,257966,45,257967,1458000,257967,0,257967,1,257069,95,257968,0,257969,0,257069,0,257969,0,257969,0,257971,51,257976,26,257977,1300000,257977,1300000,257977,1300000,257978,1300000,257978,0,257978,0,257978,0,257979,0,257967,0,,
258063,1338576,258062,30,258067,22,258070,50,258073,40,258075,756860,258074,0,258074,1,257135,94,258076,0,258076,0,257135,0,258077,0,258077,0,258078,41,258087,12,258088,1100000,258088,1100000,258088,1100000,258089,1100000,258089,0,258089,0,258090,0,258090,0,258073,0,,
258162,1338700,258161,50,258165,25,258167,54,258169,60,258171,769230,258171,0,258170,1,257164,94,258172,0,258173,0,257165,0,258173,0,258173,0,258175,46,258184,16,258184,1100000,258185,1100000,258186,1100000,258186,1100000,258187,0,258187,0,258188,0,258188,0,258170,0,,
258263,1339568,258262,50,258266,37,258268,37,258270,44,258273,683760,258273,0,258272,1,257266,94,258274,0,258276,0,257266,0,258277,0,258277,0,258283,45,258293,17,258294,1200000,258294,1200000,258294,1200000,258295,1200000,258295,0,258296,0,258296,0,258297,0,258270,0,,
258363,1339584,258362,100,258364,33,258367,45,258369,66,258370,1141920,258370,0,258369,1,257373,94,258370,0,258371,0,257373,0,258371,0,258372,0,258373,63,258379,27,258379,1500000,258379,1500000,258380,1500000,258381,1500000,258382,0,258382,0,258382,0,258383,0,258369,0,,
258464,1339956,258462,60,258466,14,258468,40,258470,50,258472,1107000,258471,0,258471,1,257468,94,258472,0,258473,0,257469,0,258473,0,258474,0,258475,42,258482,18,258482,1200000,258483,1200000,258484,1200000,258484,1200000,258485,0,258485,0,258486,0,258486,0,258471,0,,
258564,1340080,258563,40,258567,27,258569,40,258571,54,258572,753480,258572,0,258572,1,257568,94,258573,0,258573,0,257568,0,258574,0,258574,0,258576,34,258583,13,258584,1100000,258584,1100000,258585,1100000,258586,1100000,258586,0,258587,0,258587,0,258587,0,258572,0,,
258665,1340344,258663,45,258668,50,258670,30,258672,63,258673,765160,258673,0,258673,1,257672,94,258674,0,258674,0,257672,0,258674,0,258675,0,258676,51,258684,16,258685,1100000,258686,1100000,258686,1100000,258687,1100000,258687,0,258688,0,258688,0,258689,0,258672,0,,
258765,1340872,258764,44,258768,33,258770,45,258772,44,258773,675620,258773,0,258772,1,257773,94,258773,0,258774,0,257773,0,258774,0,258774,0,258776,39,258782,16,258782,1200000,258783,1200000,258784,1200000,258784,1200000,258785,0,258786,0,258786,0,258786,0,258772,0,,
258867,1341120,258865,50,258871,30,258874,0,258876,40,258877,561600,258877,0,258877,1,257873,94,258878,0,258879,0,257874,0,258879,0,258879,0,258881,35,258892,13,258892,900000,258893,900000,258893,900000,258894,900000,258894,0,258895,0,258895,0,258895,0,258876,0,,
258968,1341244,258967,63,258972,45,258974,50,258976,55,258978,632610,258977,0,258977,1,257968,94,258978,0,258978,0,257968,0,258979,0,258979,0,258981,53,258989,15,258989,1100000,258989,1100000,258990,1100000,258990,1100000,258991,0,258991,0,258991,0,258992,0,258977,0,,
259067,1341724,259066,54,259070,22,259073,37,259074,40,259076,622710,259075,0,259075,1,258076,94,259076,0,259076,0,258076,0,259077,0,259077,0,259078,41,259089,12,259089,1100000,259090,1100000,259090,1100000,259091,1100000,259092,0,259092,0,259093,0,259093,0,259075,0,,
259167,1342096,259166,63,259169,41,259172,50,259173,40,259174,789579,259174,0,259174,1,258172,94,259175,0,259176,0,258172,0,259176,0,259176,0,259177,48,259184,18,259185,1200000,259186,1200000,259186,1200000,259187,1200000,259187,0,259188,0,259188,0,259188,0,259174,0,,
259270,1342484,259268,54,259273,14,259275,28,259278,54,259279,702000,259279,0,259279,1,258274,94,259280,0,259281,0,258274,0,259281,0,259281,0,259284,41,259295,11,259295,900000,259296,900000,259296,900000,259297,900000,259297,0,259298,0,259299,0,259301,0,259278,0,,
259369,1339136,259368,70,259372,70,259374,44,259376,50,259377,694980,259377,0,259376,1,258371,94,259377,0,259378,0,258371,0,259378,0,259378,0,259380,58,259389,20,259389,1200000,259390,1200000,259390,1200000,259391,1200000,259392,0,259392,0,259392,0,259392,0,259376,0,,
259468,1339260,259468,63,259470,77,259472,33,259474,45,259475,1020240,259475,0,259474,1,258473,94,259475,0,259476,0,258473,0,259476,0,259476,0,259477,56,259483,27,259484,1500000,259485,1500000,259485,1500000,259485,1500000,259486,0,259486,0,259486,0,259486,0,259474,0,,
259571,1339384,259570,44,259574,22,259577,22,259579,30,259581,796500,259581,0,259580,1,258573,94,259582,0,259583,0,258573,0,259584,0,259584,0,259587,33,259594,13,259594,1100000,259595,1100000,259595,1100000,259595,1100000,259596,0,259596,0,259596,0,259597,0,259580,0,,
259670,1339616,259669,50,259672,22,259674,40,259676,40,259678,618640,259678,0,259677,1,258674,94,259678,0,259679,0,258674,0,259680,0,259680,0,259682,40,259690,13,259691,1100000,259692,1100000,259692,1100000,259693,1100000,259693,0,259693,0,259694,0,259694,0,259677,0,,
259770,1339724,259769,54,259773,45,259776,50,259780,12,259782,655270,259781,0,259780,1,258773,94,259783,0,259785,0,258773,0,259786,0,259787,0,259789,37,259798,13,259799,900000,259801,900000,259802,900000,259803,900000,259804,0,259805,0,259805,0,259806,0,259780,0,,
259872,1339972,259871,55,259875,33,259878,70,259880,33,259881,567270,259881,0,259880,1,258878,94,259884,0,259885,0,258878,0,259886,0,259887,0,259889,48,259897,13,259898,900000,259899,900000,259900,900000,259901,900000,259902,0,259903,0,259904,0,259904,0,259880,0,,
259972,1339972,259971,33,259974,25,259976,66,259978,44,259979,498960,259979,0,259979,1,258978,94,259980,0,259980,0,258978,0,259981,0,259981,0,259983,42,259991,13,259991,1100000,259992,1100000,259992,1100000,259993,1100000,259993,0,259993,0,259994,0,259994,0,259978,0,,
260073,1340096,260071,33,260075,33,260077,50,260079,40,260080,634920,260080,0,260080,1,259076,94,260081,0,260082,0,259076,0,260082,0,260082,0,260085,39,260093,14,260094,1100000,260095,1100000,260095,1100000,260096,1100000,260096,0,260097,0,260097,0,260098,0,260079,0,,
260175,1340468,260173,45,260177,40,260180,50,260183,30,260185,671550,260185,0,260184,1,259175,94,260186,0,260188,0,259175,0,260189,0,260190,0,260192,46,260199,14,260200,900000,260202,900000,260202,900000,260203,900000,260204,0,260205,0,260206,0,260207,0,260183,0,,
260274,1340716,260273,44,260277,55,260279,44,260282,44,260284,555390,260283,0,260282,1,259280,94,260285,0,260286,0,259280,0,260287,0,260288,0,260290,41,260297,13,260298,900000,260298,900000,260299,900000,260300,900000,260301,0,260301,0,260302,0,260303,0,260282,0,,
260374,1340948,260373,33,260376,44,260379,55,260381,22,260382,457380,260382,0,260381,1,259377,94,260383,0,260384,0,259377,0,260385,0,260385,0,260387,42,260394,13,260395,1100000,260396,1100000,260396,1100000,260397,1100000,260397,0,260397,0,260398,0,260398,0,260381,0,,
260474,1341460,260473,33,260476,41,260478,44,260480,25,260481,582010,260481,0,260481,1,259475,94,260481,0,260482,0,259475,0,260484,0,260484,0,260486,34,260492,12,260493,1100000,260493,1100000,260494,1100000,260494,1100000,260494,0,260495,0,260495,0,260495,0,260480,0,,
260576,1341708,260574,40,260578,33,260581,50,260583,40,260586,663410,260586,0,260585,1,259582,94,260587,0,260589,0,259582,0,260590,0,260590,0,260592,40,260599,11,260600,900000,260601,900000,260603,900000,260604,900000,260605,0,260605,0,260606,0,260606,0,260584,0,,
260676,1342064,260675,40,260679,22,260681,37,260684,33,260685,392040,260685,0,260684,1,259679,94,260686,0,260686,0,259679,0,260687,0,260687,0,260689,31,260695,10,260695,1100000,260696,1100000,260696,1100000,260696,1100000,260697,0,260698,0,260698,0,260698,0,260684,0,,
260776,1342824,260775,30,260778,33,260780,44,260783,50,260786,638990,260786,0,260784,1,259783,94,260788,0,260789,0,259784,0,260789,0,260789,0,260792,43,260798,16,260798,1300000,260799,1300000,260799,1300000,260800,1300000,260800,0,260801,0,260802,0,260802,0,260784,0,,
260876,1338608,260875,60,260878,40,260879,40,260881,70,260882,1119300,260881,0,260881,1,259884,94,260882,0,260882,0,259884,0,260883,0,260885,0,260887,50,260893,23,260893,1400000,260893,1400000,260894,1400000,260894,1400000,260894,0,260895,0,260895,0,260895,0,260881,0,,
260977,1338732,260976,50,260979,40,260981,45,260983,45,260985,1083600,260984,0,260984,1,259980,94,260986,0,260987,0,259980,0,260988,0,260988,0,260990,45,260996,15,260997,1100000,260997,1100000,260998,1100000,260998,1100000,260998,0,260999,0,260999,0,260999,0,260984,0,,
261027,1338732,261026,20,261029,20,261031,80,261034,42,261035,659340,261035,0,261034,1,260081,94,261036,0,261037,0,260081,0,261038,0,261039,0,261041,40,261049,16,261053,1100000,261054,1100000,261055,1100000,261056,1100000,261057,0,261057,0,261058,0,261058,0,261034,0,,
261128,1338980,261127,40,261129,50,261131,44,261135,25,261136,647130,261136,0,261135,1,260187,94,261137,0,261139,0,260187,0,261139,0,261140,0,261143,45,261153,15,261154,1100000,261155,1100000,261156,1100000,261156,1100000,261157,0,261158,0,261158,0,261159,0,261135,0,,
261231,1338980,261229,33,261234,50,261238,33,261242,50,261244,675620,261244,0,261243,1,260285,94,261245,0,261247,0,260286,0,261248,0,261248,0,261250,41,261263,12,261264,900000,261264,900000,261265,900000,261266,900000,261266,0,261267,0,261270,0,261271,0,261243,0,,
261329,1339352,261328,50,261332,33,261342,50,261345,63,261347,582120,261347,0,261346,1,260383,94,261348,0,261348,0,260383,0,261349,0,261349,0,261353,53,261364,14,261365,1100000,261365,1100000,261366,1100000,261366,1100000,261367,0,261367,0,261368,0,261369,0,261346,0,,
261430,1339832,261429,50,261432,54,261436,54,261438,42,261440,814000,261439,0,261438,1,260482,94,261441,0,261442,0,260482,0,261443,0,261443,0,261445,51,261458,18,261458,1100000,261459,1100000,261460,1100000,261461,1100000,261461,0,261462,0,261462,0,261463,0,261438,0,,
261530,1338964,261529,40,261532,30,261534,54,261536,50,261538,708180,261538,0,261537,1,260588,94,261539,0,261540,0,260588,0,261540,0,261541,0,261543,40,261552,14,261553,900000,261554,900000,261555,900000,261556,900000,261557,0,261558,0,261559,0,261560,0,261537,0,,
261632,1339476,261630,45,261636,40,261640,58,261644,45,261647,558360,261646,0,261645,1,260686,94,261648,0,261650,0,260686,0,261651,0,261652,0,261655,53,261664,14,261665,1100000,261665,1100000,261666,1100000,261667,1100000,261667,0,261668,0,261668,0,261669,0,261645,0,,
261731,1339848,261730,45,261733,45,261735,44,261737,37,261738,695970,261738,0,261738,1,260788,94,261739,0,261740,0,260788,0,261741,0,261741,0,261743,35,261754,12,261755,1100000,261756,1100000,261757,1100000,261758,1100000,261759,0,261760,0,261760,0,261761,0,261738,0,,
261831,1340328,261830,40,261833,20,261835,12,261837,30,261838,415140,261838,0,261838,1,260882,94,261839,0,261839,0,260882,0,261840,0,261840,0,261842,30,261851,10,261851,900000,261853,900000,261854,900000,261854,900000,261855,0,261856,0,261856,0,261857,0,261837,0,,
261936,1340700,261933,38,261940,30,261945,27,261952,22,261953,347490,261953,0,261952,1,260986,94,261954,0,261957,0,260986,0,261958,0,261958,0,261960,26,261973,7,261973,900000,261974,900000,261975,900000,261975,900000,261976,0,261976,0,261977,0,261977,0,261952,0,,
262037,1341088,262035,12,262039,36,262041,44,262044,25,262046,347490,262045,0,262045,1,261036,94,262046,0,262047,0,261037,0,262048,0,262049,0,262051,31,262062,8,262062,1100000,262063,1100000,262063,1100000,262064,1100000,262064,0,262064,0,262064,0,262065,0,262045,0,,
262134,1341460,262133,50,262136,36,262138,22,262141,22,262142,529100,262142,0,262141,1,261137,94,262143,0,262144,0,261138,0,262144,0,262144,0,262146,33,262158,11,262159,1100000,262160,1100000,262161,1100000,262161,1100000,262162,0,262162,0,262162,0,262163,0,262141,0,,
262239,1342064,262237,0,262244,30,262249,45,262252,18,262254,378510,262253,0,262253,1,261246,94,262254,0,262255,0,261246,0,262256,0,262256,0,262259,25,262272,7,262273,900000,262273,900000,262274,900000,262275,900000,262276,0,262276,0,262277,0,262278,0,262253,0,,
262334,1338344,262334,50,262336,66,262338,37,262340,25,262341,528660,262341,0,262340,1,261348,94,262341,0,262342,0,261348,0,262342,0,262343,0,262344,45,262349,16,262349,1200000,262350,1200000,262350,1200000,262350,1200000,262351,0,262351,0,262351,0,262352,0,262340,0,,
262435,1338592,262434,27,262437,33,262439,27,262441,22,262442,510120,262442,0,262441,1,261441,94,262442,0,262443,0,261441,0,262443,0,262443,0,262445,25,262453,10,262453,1100000,262454,1100000,262455,1100000,262455,1100000,262456,0,262457,0,262457,0,262458,0,262441,0,,
262536,1338856,262535,36,262538,33,262539,22,262541,20,262542,451770,262542,0,262542,1,261539,94,262543,0,262544,0,261539,0,262544,0,262544,0,262546,26,262551,9,262552,900000,262553,900000,262553,900000,262554,900000,262554,0,262555,0,262555,0,262555,0,262541,0,,
262637,1338856,262635,11,262639,36,262641,11,262644,22,262645,237600,262645,0,262645,1,261649,94,262646,0,262646,0,261649,0,262647,0,262647,0,262649,21,262657,5,262658,900000,262659,900000,262659,900000,262660,900000,262661,0,262662,0,262662,0,262663,0,262644,0,,
262737,1339212,262735,22,262739,50,262740,30,262742,11,262743,335610,262743,0,262743,1,261739,94,262744,0,262745,0,261740,0,262745,0,262745,0,262747,29,262753,10,262754,1100000,262754,1100000,262755,1100000,262755,1100000,262756,0,262757,0,262757,0,262758,0,262743,0,,
262838,1339600,262836,25,262840,50,262842,14,262844,37,262845,512820,262845,0,262845,1,261839,94,262846,0,262847,0,261839,0,262847,0,262848,0,262849,32,262859,11,262860,1100000,262860,1100000,262861,1100000,262862,1100000,262862,0,262863,0,262863,0,262864,0,262844,0,,
262942,1339848,262939,40,262947,44,262951,33,262955,36,262958,622710,262957,0,262956,1,261955,94,262959,0,262962,0,261956,0,262963,0,262963,0,262965,45,262979,12,262980,900000,262981,900000,262982,900000,262982,900000,262983,0,262983,0,262984,0,262984,0,262956,0,,
263039,1340452,263038,60,263042,50,263044,66,263046,55,263047,686070,263047,0,263046,1,262047,94,263047,0,263048,0,262047,0,263049,0,263049,0,263050,51,263059,18,263060,1100000,263061,1100000,263062,1100000,263062,1100000,263063,0,263063,0,263064,0,263064,0,263046,0,,
263139,1340700,263138,33,263142,30,263144,55,263145,33,263147,614569,263146,0,263146,1,262143,94,263147,0,263147,0,262143,0,263148,0,263148,0,263149,38,263157,14,263158,1200000,263159,1200000,263159,1200000,263160,1200000,263161,0,263161,0,263161,0,263162,0,263146,0,,
263244,1340840,263241,25,263248,40,263252,30,263256,30,263259,585000,263259,0,263257,1,262254,94,263260,0,263262,0,262255,0,263264,0,263264,0,263268,41,263281,12,263282,1100000,263282,1100000,263283,1100000,263284,1100000,263284,0,263285,0,263285,0,263286,0,263257,0,,
263341,1341212,263339,55,263343,63,263344,50,263346,37,263347,834350,263347,0,263347,1,262342,94,263348,0,263348,0,262342,0,263348,0,263348,0,263350,42,263358,18,263358,1100000,263359,1100000,263360,1100000,263361,1100000,263361,0,263362,0,263362,0,263362,0,263346,0,,
263440,1341708,263439,27,263442,50,263444,40,263446,30,263447,598290,263447,0,263446,1,262443,94,263447,0,263448,0,262443,0,263448,0,263448,0,263450,35,263456,11,263457,1100000,263458,1100000,263458,1100000,263459,1100000,263460,0,263461,0,263461,0,263461,0,263446,0,,
263543,1342080,263540,20,263546,30,263550,18,263553,10,263554,317460,263554,0,263554,1,262543,94,263555,0,263555,0,262543,0,263556,0,263556,0,263558,22,263565,5,263566,900000,263566,900000,263566,900000,263567,900000,263567,0,263568,0,263568,0,263568,0,263553,0,,
263642,1342436,263640,12,263644,44,263646,11,263647,33,263649,297000,263648,0,263648,1,262646,94,263649,0,263649,0,262646,0,263650,0,263650,0,263651,25,263658,7,263658,1100000,263659,1100000,263659,1100000,263659,1100000,263660,0,263660,0,263660,0,263660,0,263648,0,,
263742,1343056,263741,30,263744,40,263747,72,263749,30,263751,700040,263751,0,263750,1,262744,94,263752,0,263753,0,262744,0,263754,0,263754,0,263757,46,263769,17,263770,1500000,263770,1500000,263770,1500000,263771,1500000,263771,0,263771,0,263772,0,263772,0,263750,0,,
263846,1338592,263844,45,263850,11,263856,40,263860,11,263863,722250,263862,0,263861,1,262846,94,263864,0,263865,0,262847,0,263866,0,263866,0,263870,24,263882,10,263883,900000,263883,900000,263885,900000,263886,900000,263887,0,263888,0,263889,0,263889,0,263861,0,,
263944,1339088,263943,60,263946,30,263948,33,263950,22,263951,430650,263951,0,263950,1,262959,94,263951,0,263952,0,262961,0,263952,0,263952,0,263954,37,263961,10,263962,1100000,263962,1100000,263963,1100000,263963,1100000,263963,0,263964,0,263964,0,263964,0,263950,0,,
264044,1339336,264043,54,264046,11,264047,36,264049,22,264050,500610,264050,0,264050,1,263048,94,264050,0,264051,0,263048,0,264052,0,264052,0,264053,33,264063,12,264064,1100000,264064,1100000,264065,1100000,264065,1100000,264065,0,264066,0,264066,0,264066,0,264049,0,,
264144,1339584,264143,22,264146,50,264147,36,264149,36,264150,586079,264150,0,264149,1,263147,94,264150,0,264151,0,263147,0,264151,0,264151,0,264153,35,264163,14,264163,1000000,264164,1000000,264164,1000000,264164,1000000,264165,0,264165,0,264165,0,264166,0,264149,0,,
264246,1339832,264245,40,264248,33,264251,33,264253,50,264255,546000,264254,0,264254,1,263261,94,264255,0,264256,0,263261,0,264257,0,264257,0,264260,37,264266,12,264266,1100000,264267,1100000,264267,1100000,264268,1100000,264269,0,264269,0,264269,0,264270,0,264253,0,,
264346,1340080,264345,14,264348,25,264350,25,264352,50,264354,463980,264353,0,264353,1,263348,94,264354,0,264356,0,263348,0,264357,0,264357,0,264359,30,264366,9,264366,1100000,264367,1100000,264367,1100000,264367,1100000,264368,0,264368,0,264368,0,264369,0,264353,0,,
264447,1340328,264446,33,264449,22,264453,12,264462,50,264464,476190,264464,0,264463,1,263447,94,264465,0,264466,0,263448,0,264467,0,264467,0,264469,31,264482,9,264483,900000,264484,900000,264485,900000,264486,900000,264487,0,264488,0,264489,0,264491,0,264463,0,,
264547,1340808,264546,50,264550,28,264552,37,264554,33,264557,439560,264557,0,264556,1,263555,94,264558,0,264560,0,263555,0,264560,0,264561,0,264563,39,264569,11,264570,900000,264571,900000,264571,900000,264572,900000,264572,0,264573,0,264574,0,264574,0,264555,0,,
264648,1340932,264646,30,264650,50,264651,22,264653,22,264654,368280,264654,0,264654,1,263649,94,264655,0,264656,0,263649,0,264657,0,264657,0,264659,31,264665,10,264665,1100000,264666,1100000,264666,1100000,264667,1100000,264667,0,264667,0,264668,0,264668,0,264654,0,,
264748,1341304,264747,0,264750,40,264752,33,264754,25,264756,398860,264756,0,264755,1,263752,94,264757,0,264758,0,263753,0,264759,0,264759,0,264761,23,264768,9,264768,1100000,264769,1100000,264769,1100000,264769,1100000,264769,0,264770,0,264770,0,264770,0,264755,0,,
264849,1341460,264848,33,264853,40,264856,54,264860,40,264862,679690,264862,0,264861,1,263864,94,264863,0,264864,0,263864,0,264865,0,264865,0,264867,44,264879,13,264880,900000,264881,900000,264882,900000,264882,900000,264883,0,264884,0,264885,0,264885,0,264861,0,,
264949,1341832,264948,40,264951,37,264953,63,264955,25,264957,490050,264957,0,264956,1,263951,94,264958,0,264959,0,263952,0,264960,0,264961,0,264962,42,264968,13,264969,1100000,264970,1100000,264970,1100000,264970,1100000,264971,0,264971,0,264971,0,264972,0,264956,0,,
265049,1342312,265049,25,265051,37,265053,60,265055,25,265058,598290,265057,0,265057,1,264051,94,265058,0,265060,0,264051,0,265061,0,265061,0,265063,40,265069,14,265070,1100000,265070,1100000,265071,1100000,265071,1100000,265072,0,265072,0,265073,0,265074,0,265056,0,,
265151,1342684,265149,40,265153,22,265156,33,265160,33,265162,520960,265162,0,265161,1,264150,94,265163,0,265164,0,264150,0,265165,0,265165,0,265167,34,265177,11,265178,900000,265179,900000,265180,900000,265181,900000,265182,0,265183,0,265184,0,265186,0,265161,0,,
265250,1338840,265249,62,265252,40,265253,72,265255,50,265258,665280,265257,0,265256,1,264256,94,265258,0,265259,0,264256,0,265260,0,265260,0,265262,57,265267,21,265268,1300000,265268,1300000,265268,1300000,265269,1300000,265269,0,265269,0,265270,0,265270,0,265256,0,,
265352,1339088,265350,50,265354,33,265356,22,265359,22,265360,676910,265360,0,265359,1,264354,94,265361,0,265362,0,264355,0,265363,0,265363,0,265365,33,265373,14,265374,1100000,265374,1100000,265375,1100000,265376,1100000,265377,0,265377,0,265378,0,265378,0,265359,0,,
265452,1339228,265451,44,265454,33,265455,25,265458,30,265461,537240,265460,0,265460,1,264465,94,265463,0,265464,0,264465,0,265465,0,265465,0,265468,30,265483,10,265484,900000,265485,900000,265486,900000,265487,900000,265488,0,265488,0,265489,0,265491,0,265459,0,,
265553,1339600,265551,72,265555,44,265558,25,265561,25,265563,493020,265563,0,265562,1,264559,94,265563,0,265565,0,264559,0,265565,0,265565,0,265567,45,265577,13,265578,900000,265579,900000,265579,900000,265580,900000,265580,0,265581,0,265581,0,265582,0,265562,0,,
265653,1339972,265652,63,265655,41,265657,12,265659,22,265660,409860,265660,0,265659,1,264655,94,265661,0,265662,0,264655,0,265662,0,265662,0,265664,36,265670,12,265670,1100000,265672,1100000,265672,1100000,265672,1100000,265673,0,265673,0,265674,0,265674,0,265659,0,,
265753,1340344,265752,54,265755,30,265757,36,265759,22,265761,577939,265761,0,265760,1,264757,94,265762,0,265763,0,264757,0,265763,0,265763,0,265765,37,265770,13,265771,1100000,265771,1100000,265772,1100000,265772,1100000,265772,0,265773,0,265774,0,265775,0,265760,0,,
265854,1340700,265853,33,265857,60,265860,28,265863,40,265865,655270,265864,0,265864,1,264864,94,265865,0,265866,0,264864,0,265866,0,265867,0,265869,41,265880,12,265881,900000,265882,900000,265882,900000,265882,900000,265883,0,265883,0,265884,0,265884,0,265864,0,,
265954,1340948,265953,40,265956,50,265959,40,265961,40,265963,504900,265962,0,265962,1,264958,94,265963,0,265964,0,264958,0,265964,0,265964,0,265966,41,265971,14,265972,1100000,265973,1100000,265973,1100000,265974,1100000,265974,0,265975,0,265976,0,265976,0,265962,0,,
266055,1341212,266054,37,266057,45,266059,54,266062,33,266063,687829,266063,0,266062,1,265059,94,266063,0,266064,0,265059,0,266064,0,266064,0,266066,43,266072,15,266072,1100000,266073,1100000,266073,1100000,266074,1100000,266074,0,266075,0,266076,0,266077,0,266062,0,,
266156,1341336,266155,40,266159,25,266163,54,266165,40,266167,647130,266166,0,266166,1,265164,94,266167,0,266168,0,265164,0,266168,0,266168,0,266171,35,266182,11,266183,900000,266183,900000,266183,900000,266184,900000,266184,0,266185,0,266185,0,266185,0,266166,0,,
266256,1341692,266255,40,266258,33,266261,60,266263,50,266264,543510,266264,0,266264,1,265259,94,266265,0,266265,0,265259,0,266266,0,266266,0,266268,50,266273,17,266274,1100000,266275,1100000,266275,1100000,266276,1100000,266277,0,266278,0,266278,0,266279,0,266263,0,,
266357,1341940,266356,44,266359,36,266362,61,266364,30,266365,695970,266365,0,266364,1,265362,94,266366,0,266366,0,265362,0,266366,0,266366,0,266368,41,266374,14,266374,1100000,266375,1100000,266376,1100000,266376,1100000,266377,0,266378,0,266378,0,266379,0,266364,0,,
266458,1342312,266457,14,266463,50,266465,33,266468,50,266469,598290,266469,0,266468,1,265463,94,266470,0,266471,0,265464,0,266472,0,266472,0,266475,42,266488,12,266488,900000,266489,900000,266489,900000,266489,900000,266490,0,266491,0,266492,0,266492,0,266468,0,,
266563,1342312,266557,40,266565,50,266568,44,266570,50,266571,546480,266571,0,266570,1,265564,94,266572,0,266572,0,265564,0,266573,0,266573,0,266579,45,266587,13,266588,900000,266588,900000,266589,900000,266589,900000,266589,0,266590,0,266590,0,266590,0,266570,0,,
266659,1342668,266657,36,266663,50,266665,45,266667,25,266669,463320,266668,0,266668,1,265661,94,266669,0,266670,0,265661,0,266670,0,266670,0,266672,42,266682,15,266683,1100000,266684,1100000,266684,1100000,266685,1100000,266685,0,266686,0,266686,0,266686,0,266668,0,,
266758,1338360,266757,88,266761,60,266762,60,266764,63,266765,1102970,266765,0,266764,1,265762,94,266766,0,266766,0,265762,0,266766,0,266766,0,266768,69,266772,28,266773,1500000,266773,1500000,266773,1500000,266773,1500000,266774,0,266774,0,266775,0,266776,0,266764,0,,
266860,1338468,266858,46,266864,44,266867,40,266871,25,266873,1046250,266872,0,266872,1,265865,94,266873,0,266874,0,265866,0,266876,0,266876,0,266879,38,266887,13,266888,900000,266889,900000,266889,900000,266889,900000,266890,0,266890,0,266891,0,266891,0,266871,0,,
266961,1338592,266959,37,266964,63,266966,33,266969,33,266970,493020,266970,0,266969,1,265963,94,266971,0,266972,0,265964,0,266972,0,266972,0,266974,42,266984,12,266985,1100000,266986,1100000,266986,1100000,266987,1100000,266987,0,266988,0,266988,0,266988,0,266969,0,,
267062,1338716,267059,25,267064,50,267066,37,267068,33,267069,590150,267068,0,267068,1,266064,94,267069,0,267069,0,266064,0,267070,0,267070,0,267072,38,267081,13,267081,1100000,267082,1100000,267083,1100000,267083,1100000,267084,0,267084,0,267085,0,267085,0,267068,0,,
267161,1338964,267159,25,267163,44,267165,25,267167,33,267168,516890,267168,0,267168,1,266167,94,267168,0,267169,0,266168,0,267169,0,267169,0,267171,30,267182,11,267182,900000,267183,900000,267184,900000,267184,900000,267184,0,267185,0,267185,0,267186,0,267167,0,,
267262,1339212,267260,30,267264,50,267266,33,267268,14,267269,377190,267269,0,267268,1,266265,94,267269,0,267270,0,266265,0,267270,0,267271,0,267273,32,267283,10,267284,900000,267285,900000,267285,900000,267286,900000,267286,0,267287,0,267287,0,267287,0,267268,0,,
267362,1338220,267361,25,267365,45,267367,55,267369,12,267370,406890,267369,0,267369,1,266366,94,267370,0,267372,0,266366,0,267372,0,267372,0,267374,37,267383,13,267384,1100000,267384,1100000,267385,1100000,267386,1100000,267386,0,267387,0,267387,0,267388,0,267369,0,,
267463,1338608,267461,50,267465,40,267467,37,267469,55,267471,740740,267471,0,267470,1,266470,94,267472,0,267474,0,266470,0,267474,0,267474,0,267476,51,267486,18,267486,1100000,267487,1100000,267487,1100000,267488,1100000,267489,0,267489,0,267490,0,267490,0,267470,0,,
267563,1338856,267561,50,267565,45,267567,44,267569,22,267570,655270,267570,0,267569,1,266572,94,267570,0,267571,0,266572,0,267571,0,267571,0,267573,33,267582,12,267583,1000000,267583,1000000,267584,1000000,267584,1000000,267584,0,267585,0,267585,0,267586,0,267569,0,,
267663,1339584,267662,33,267666,20,267668,54,267670,12,267672,416500,267671,0,267671,1,266669,94,267672,0,267672,0,266669,0,267673,0,267673,0,267674,32,267682,11,267683,1100000,267683,1100000,267684,1100000,267684,1100000,267684,0,267685,0,267685,0,267686,0,267671,0,,
267763,1340080,267762,33,267765,22,267767,22,267769,0,267770,313390,267770,0,267769,1,266766,94,267770,0,267771,0,266766,0,267771,0,267772,0,267773,19,267778,7,267779,1100000,267779,1100000,267780,1100000,267780,1100000,267780,0,267781,0,267781,0,267781,0,267769,0,,
267865,1340576,267863,30,267867,25,267869,10,267872,11,267873,309320,267873,0,267872,1,266873,94,267874,0,267874,0,266873,0,267875,0,267875,0,267877,18,267884,6,267884,900000,267885,900000,267885,900000,267886,900000,267886,0,267887,0,267887,0,267887,0,267872,0,,
267965,1341196,267964,12,267968,44,267970,0,267972,20,267974,225720,267974,0,267973,1,266971,94,267974,0,267975,0,266971,0,267975,0,267976,0,267977,18,267984,5,267985,900000,267986,900000,267986,900000,267986,900000,267987,0,267987,0,267988,0,267988,0,267973,0,,
268066,1341816,268065,30,268069,40,268071,40,268074,20,268075,386100,268075,0,268074,1,267069,94,268076,0,268077,0,267069,0,268077,0,268077,0,268079,34,268086,8,268087,900000,268088,900000,268088,900000,268089,900000,268089,0,268089,0,268090,0,268090,0,268074,0,,
268166,1342436,268165,30,268168,22,268171,54,268173,40,268174,433620,268174,0,268173,1,267169,94,268174,0,268175,0,267169,0,268176,0,268176,0,268178,37,268187,12,268188,1100000,268191,1100000,268191,1100000,268192,1100000,268192,0,268193,0,268194,0,268195,0,268173,0,,
268266,1339336,268265,44,268268,50,268269,60,268271,57,268272,858770,268272,0,268271,1,267269,94,268272,0,268272,0,267270,0,268273,0,268273,0,268274,52,268281,23,268281,1500000,268281,1500000,268282,1500000,268282,1500000,268282,0,268283,0,268283,0,268283,0,268271,0,,
268368,1339584,268367,0,268370,30,268374,20,268378,36,268380,580500,268380,0,268379,1,267370,94,268381,0,268383,0,267370,0,268383,0,268384,0,268386,29,268394,12,268395,900000,268396,900000,268397,900000,268398,900000,268399,0,268400,0,268401,0,268401,0,268379,0,,
268468,1339832,268467,22,268470,70,268473,27,268475,45,268477,487080,268476,0,268476,1,267473,94,268477,0,268478,0,267473,0,268478,0,268478,0,268480,37,268488,10,268488,1100000,268489,1100000,268489,1100000,268489,1100000,268490,0,268490,0,268490,0,268491,0,268475,0,,
268568,1340080,268567,27,268570,46,268572,33,268574,36,268576,577940,268576,0,268575,1,267570,94,268576,0,268577,0,267570,0,268577,0,268577,0,268579,34,268587,11,268587,1100000,268588,1100000,268589,1100000,268589,1100000,268590,0,268590,0,268591,0,268591,0,268575,0,,
268669,1340576,268668,50,268671,45,268673,22,268675,54,268676,695970,268676,0,268675,1,267672,94,268677,0,268678,0,267672,0,268679,0,268679,0,268682,44,268691,18,268692,900000,268692,900000,268693,900000,268693,900000,268694,0,268695,0,268696,0,268697,0,268675,0,,
268769,1340948,268768,70,268771,33,268773,50,268776,40,268777,573210,268777,0,268776,1,267771,94,268778,0,268779,0,267771,0,268780,0,268780,0,268782,55,268789,15,268789,1100000,268790,1100000,268790,1100000,268791,1100000,268791,0,268792,0,268792,0,268792,0,268776,0,,
268869,1341072,268868,44,268871,30,268873,50,268875,40,268876,667480,268876,0,268876,1,267874,94,268877,0,268878,0,267874,0,268879,0,268879,0,268881,39,268888,14,268889,1100000,268889,1100000,268889,1100000,268890,1100000,268890,0,268891,0,268891,0,268891,0,268876,0,,
268970,1341196,268969,25,268972,50,268974,30,268977,54,268979,647130,268978,0,268977,1,267974,94,268979,0,268981,0,267975,0,268982,0,268982,0,268984,43,268991,15,268991,1100000,268992,1100000,268992,1100000,268992,1100000,268993,0,268993,0,268994,0,268995,0,268977,0,,
269071,1341444,269069,66,269073,33,269075,50,269077,40,269079,769230,269079,0,269078,1,268076,94,269080,0,269081,0,268076,0,269082,0,269082,0,269084,50,269090,18,269090,1100000,269091,1100000,269091,1100000,269091,1100000,269092,0,269092,0,269093,0,269093,0,269078,0,,
269172,1341708,269171,40,269174,33,269177,50,269181,40,269183,663410,269183,0,269182,1,268175,94,269184,0,269184,0,268175,0,269185,0,269185,0,269187,38,269194,13,269195,900000,269196,900000,269197,900000,269198,900000,269199,0,269199,0,269200,0,269201,0,269182,0,,
269271,1341832,269270,50,269273,61,269275,54,269277,50,269278,638550,269278,0,269278,1,268272,94,269279,0,269281,0,268272,0,269282,0,269282,0,269284,53,269292,18,269292,1100000,269293,1100000,269293,1100000,269294,1100000,269295,0,269295,0,269296,0,269296,0,269277,0,,
269372,1342452,269371,36,269374,44,269376,50,269377,22,269379,618640,269378,0,269378,1,268382,94,269379,0,269379,0,268382,0,269380,0,269380,0,269381,37,269387,13,269387,1100000,269387,1100000,269388,1100000,269388,1100000,269388,0,269389,0,269389,0,269389,0,269378,0,,
269472,1342700,269471,11,269474,33,269477,22,269478,20,269480,350020,269479,0,269479,1,268477,94,269480,0,269481,0,268477,0,269481,0,269481,0,269483,20,269489,7,269489,1100000,269490,1100000,269490,1100000,269490,1100000,269491,0,269491,0,269492,0,269492,0,269479,0,,
269573,1342948,269572,30,269575,40,269577,11,269579,22,269580,419210,269580,0,269579,1,268576,94,269580,0,269581,0,268576,0,269581,0,269581,0,269583,27,269589,9,269589,1100000,269590,1100000,269590,1100000,269591,1100000,269591,0,269591,0,269592,0,269592,0,269579,0,,
269674,1342312,269673,27,269681,25,269683,90,269685,41,269686,744810,269686,0,269685,1,268677,94,269686,0,269687,0,268678,0,269687,0,269687,0,269689,47,269694,17,269695,1300000,269695,1300000,269696,1300000,269696,1300000,269696,0,269697,0,269697,0,269697,0,269685,0,,
269774,1339832,269773,25,269776,50,269778,44,269781,22,269782,751530,269782,0,269781,1,268778,94,269783,0,269784,0,268778,0,269784,0,269784,0,269786,37,269792,14,269793,1100000,269793,1100000,269793,1100000,269794,1100000,269794,0,269795,0,269795,0,269796,0,269781,0,,
269875,1339848,269874,45,269878,55,269881,30,269884,36,269886,675620,269885,0,269884,1,268877,94,269886,0,269888,0,268878,0,269888,0,269888,0,269890,41,269899,15,269900,900000,269901,900000,269902,900000,269902,900000,269903,0,269903,0,269904,0,269904,0,269884,0,,
269975,1340080,269974,37,269977,50,269980,37,269982,45,269984,501929,269984,0,269983,1,268980,94,269984,0,269985,0,268980,0,269985,0,269985,0,269987,42,269993,13,269993,1100000,269994,1100000,269994,1100000,269996,1100000,269996,0,269997,0,269998,0,269998,0,269983,0,,
270076,1340080,270074,61,270078,33,270080,37,270082,37,270084,683760,270084,0,270083,1,269080,94,270084,0,270085,0,269080,0,270086,0,270086,0,270088,40,270093,14,270094,1100000,270094,1100000,270095,1100000,270096,1100000,270096,0,270097,0,270098,0,270098,0,270083,0,,
270176,1340312,270175,37,270178,33,270181,50,270183,40,270184,651200,270184,0,270184,1,269184,94,270185,0,270185,0,269184,0,270186,0,270186,0,270188,45,270194,14,270194,1100000,270195,1100000,270195,1100000,270196,1100000,270197,0,270198,0,270198,0,270199,0,270184,0,,
270277,1340576,270276,40,270278,22,270281,50,270283,33,270285,590150,270285,0,270284,1,269280,94,270286,0,270286,0,269280,0,270287,0,270287,0,270288,34,270294,13,270295,1100000,270296,1100000,270296,1100000,270297,1100000,270298,0,270299,0,270299,0,270300,0,270284,0,,
270378,1340808,270377,40,270381,25,270384,44,270389,36,270390,590150,270390,0,270389,1,269379,94,270390,0,270391,0,269379,0,270391,0,270391,0,270393,36,270401,13,270402,1100000,270403,1100000,270403,1100000,270404,1100000,270404,0,270404,0,270405,0,270405,0,270389,0,,
270478,1340932,270477,37,270480,44,270482,50,270485,44,270486,712250,270486,0,270485,1,269480,94,270486,0,270487,0,269480,0,270487,0,270488,0,270489,42,270495,15,270496,1100000,270497,1100000,270498,1100000,270499,1100000,270499,0,270500,0,270501,0,270502,0,270485,0,,
270578,1341320,270577,54,270580,22,270583,45,270586,14,270588,549450,270587,0,270587,1,269580,94,270588,0,270589,0,269580,0,270589,0,270589,0,270591,35,270601,12,270602,900000,270603,900000,270604,900000,270604,900000,270605,0,270605,0,270606,0,270606,0,270586,0,,
270679,1341584,270677,40,270681,55,270683,45,270686,40,270687,534600,270687,0,270686,1,269686,94,270687,0,270688,0,269686,0,270689,0,270689,0,270691,47,270699,17,270700,1100000,270700,1100000,270701,1100000,270701,1100000,270702,0,270702,0,270703,0,270703,0,270686,0,,
270779,1341972,270778,22,270781,50,270784,40,270786,44,270787,634920,270787,0,270786,1,269783,94,270787,0,270788,0,269783,0,270788,0,270788,0,270790,39,270795,12,270796,1100000,270797,1100000,270798,1100000,270798,1100000,270799,0,270800,0,270800,0,270801,0,270786,0,,
270879,1342312,270878,44,270882,58,270885,33,270887,50,270888,752950,270888,0,270887,1,269887,94,270888,0,270889,0,269887,0,270889,0,270889,0,270891,43,270897,15,270898,1100000,270899,1100000,270900,1100000,270901,1100000,270901,0,270902,0,270902,0,270902,0,270887,0,,
270980,1342700,270979,25,270982,50,270984,45,270986,33,270987,622710,270987,0,270987,1,269984,94,270988,0,270988,0,269984,0,270989,0,270989,0,270990,42,270996,15,270997,1100000,270997,1100000,270998,1100000,270999,1100000,271000,0,271000,0,271001,0,271001,0,270987,0,,
271081,1342948,271080,37,271084,50,271087,37,271090,45,271092,687830,271092,0,271091,1,270085,94,271092,0,271093,0,270085,0,271094,0,271094,0,271096,43,271106,13,271107,900000,271108,900000,271108,900000,271109,900000,271109,0,271109,0,271110,0,271110,0,271091,0,,
271183,1339848,271180,45,271185,81,271187,50,271188,66,271189,718740,271189,0,271189,1,270185,94,271190,0,271190,0,270185,0,271190,0,271190,0,271192,60,271196,24,271197,1400000,271198,1400000,271198,1400000,271199,1400000,271200,0,271200,0,271201,0,271201,0,271189,0,,
271281,1340204,271280,40,271284,45,271286,22,271288,22,271289,776580,271289,0,271289,1,270286,94,271290,0,271290,0,270286,0,271291,0,271291,0,271292,33,271299,12,271300,1100000,271301,1100000,271301,1100000,271302,1100000,271302,0,271303,0,271303,0,271303,0,271288,0,,
271382,1340452,271381,53,271384,58,271386,53,271388,45,271390,850630,271389,0,271389,1,270390,94,271390,0,271391,0,270391,0,271391,0,271391,0,271393,54,271401,18,271401,1100000,271402,1100000,271403,1100000,271403,1100000,271403,0,271404,0,271404,0,271404,0,271389,0,,
271482,1340716,271481,50,271485,50,271487,50,271489,25,271490,712250,271490,0,271489,1,270486,94,271490,0,271491,0,270486,0,271491,0,271492,0,271493,43,271500,16,271501,1100000,271502,1100000,271503,1100000,271503,1100000,271504,0,271504,0,271504,0,271505,0,271489,0,,
271584,1340716,271582,58,271587,60,271589,40,271592,33,271593,777369,271593,0,271592,1,270588,94,271593,0,271594,0,270588,0,271595,0,271595,0,271597,48,271607,14,271608,900000,271608,900000,271609,900000,271609,900000,271609,0,271610,0,271610,0,271611,0,271592,0,,
271684,1340716,271683,40,271686,66,271688,33,271690,40,271692,531630,271691,0,271691,1,270688,94,271692,0,271693,0,270688,0,271693,0,271693,0,271695,44,271704,16,271704,1100000,271705,1100000,271705,1100000,271706,1100000,271706,0,271706,0,271707,0,271707,0,271690,0,,
271784,1341072,271783,50,271786,54,271788,33,271790,33,271792,691899,271791,0,271791,1,270787,94,271792,0,271793,0,270787,0,271793,0,271793,0,271794,43,271803,15,271804,1100000,271804,1100000,271805,1100000,271805,1100000,271806,0,271806,0,271806,0,271807,0,271791,0,,
271886,1341336,271884,40,271889,33,271891,54,271894,55,271895,740740,271895,0,271894,1,270889,94,271896,0,271896,0,270889,0,271897,0,271897,0,271899,43,271908,15,271909,900000,271910,900000,271910,900000,271910,900000,271911,0,271911,0,271912,0,271912,0,271894,0,,
271986,1341460,271985,44,271988,50,271990,28,271992,45,271993,495990,271993,0,271993,1,270988,94,271994,0,271994,0,270988,0,271995,0,271995,0,271997,44,272005,10,272005,1100000,272006,1100000,272006,1100000,272006,1100000,272007,0,272007,0,272007,0,272008,0,271992,0,,
272087,1341848,272085,33,272088,37,272090,40,272093,40,272094,610500,272094,0,272093,1,271093,94,272094,0,272095,0,271093,0,272095,0,272096,0,272097,37,272107,13,272107,1100000,272108,1100000,272108,1100000,272108,1100000,272109,0,272109,0,272109,0,272110,0,272093,0,,
272188,1342096,272187,50,272192,33,272195,33,272197,40,272199,634920,272199,0,272198,1,271190,94,272200,0,272202,0,271190,0,272204,0,272204,0,272207,44,272214,13,272215,900000,272216,900000,272217,900000,272217,900000,272218,0,272218,0,272218,0,272219,0,272198,0,,
272289,1342452,272288,62,272292,40,272294,50,272297,40,272299,570240,272298,0,272297,1,271290,94,272301,0,272302,0,271290,0,272303,0,272304,0,272306,45,272311,14,272312,1200000,272312,1200000,272313,1200000,272313,1200000,272313,0,272314,0,272314,0,272314,0,272297,0,,
272389,1342700,272388,40,272391,33,272393,44,272395,40,272396,734760,272396,0,272396,1,271390,94,272397,0,272397,0,271390,0,272398,0,272398,0,272399,36,272408,16,272408,1100000,272409,1100000,272409,1100000,272410,1100000,272410,0,272411,0,272411,0,272412,0,272395,0,,
272490,1343196,272488,22,272492,44,272493,33,272495,40,272496,565730,272496,0,272496,1,271491,94,272497,0,272497,0,271491,0,272498,0,272498,0,272500,34,272509,12,272510,900000,272511,900000,272511,900000,272512,900000,272513,0,272513,0,272514,0,272514,0,272496,0,,
272590,1343924,272588,66,272592,63,272594,44,272598,90,272600,781109,272599,0,272599,1,271594,94,272602,0,272604,0,271594,0,272605,0,272605,0,272607,69,272620,23,272621,1500000,272622,1500000,272622,1500000,272622,1500000,272623,0,272623,0,272623,0,272623,0,272599,0,,
272690,1339832,272689,50,272692,12,272694,22,272696,25,272697,735750,272697,0,272696,1,271692,94,272698,0,272698,0,271692,0,272699,0,272699,0,272701,19,272707,8,272708,1100000,272708,1100000,272708,1100000,272709,1100000,272709,0,272709,0,272710,0,272710,0,272696,0,,
272791,1339972,272789,45,272792,11,272794,33,272796,22,272797,451770,272797,0,272797,1,271792,94,272798,0,272798,0,271792,0,272799,0,272799,0,272802,28,272811,11,272812,1100000,272812,1100000,272813,1100000,272813,1100000,272814,0,272814,0,272814,0,272814,0,272797,0,,
272891,1340096,272890,80,272892,70,272894,60,272896,100,272897,1261700,272897,0,272896,1,271896,94,272897,0,272898,0,271896,0,272898,0,272898,0,272900,73,272906,27,272907,1400000,272907,1400000,272907,1400000,272908,1400000,272908,0,272908,0,272908,0,272909,0,272896,0,,
272992,1340328,272990,41,272993,20,272995,30,272997,33,272999,746480,272998,0,272998,1,271994,94,273000,0,273001,0,271994,0,273002,0,273002,0,273004,38,273012,14,273013,1100000,273013,1100000,273014,1100000,273014,1100000,273015,0,273016,0,273016,0,273017,0,272997,0,,
273092,1340468,273091,45,273094,33,273096,44,273098,50,273099,700040,273099,0,273098,1,272094,94,273099,0,273101,0,272094,0,273102,0,273102,0,273104,41,273110,15,273111,1100000,273111,1100000,273112,1100000,273112,1100000,273112,0,273113,0,273113,0,273113,0,273098,0,,
273193,1340700,273192,41,273196,40,273198,22,273201,50,273204,622710,273203,0,273202,1,272201,94,273204,0,273206,0,272201,0,273207,0,273207,0,273209,40,273216,14,273218,1100000,273218,1100000,273219,1100000,273220,1100000,273221,0,273222,0,273222,0,273222,0,273202,0,,
273293,1339584,273292,50,273296,40,273298,44,273300,63,273302,801790,273302,0,273301,1,272301,94,273303,0,273304,0,272301,0,273304,0,273305,0,273307,48,273314,17,273315,1100000,273316,1100000,273316,1100000,273317,1100000,273318,0,273318,0,273319,0,273320,0,273301,0,,
273393,1339832,273392,50,273395,22,273397,33,273399,50,273403,630850,273403,0,273402,1,272397,94,273404,0,273406,0,272397,0,273406,0,273406,0,273408,36,273416,13,273416,900000,273417,900000,273418,900000,273419,900000,273420,0,273422,0,273422,0,273423,0,273400,0,,
273494,1340328,273493,50,273496,28,273498,33,273500,70,273502,537569,273502,0,273501,1,272497,94,273502,0,273503,0,272497,0,273504,0,273504,0,273507,51,273513,12,273514,1100000,273514,1100000,273514,1100000,273515,1100000,273515,0,273516,0,273516,0,273516,0,273500,0,,
273594,1340932,273593,50,273596,45,273598,40,273602,50,273603,752950,273603,0,273602,1,272602,94,273604,0,273605,0,272603,0,273606,0,273606,0,273607,45,273613,17,273614,1100000,273614,1100000,273614,1100000,273615,1100000,273615,0,273616,0,273616,0,273616,0,273602,0,,
273696,1341428,273694,33,273698,36,273701,50,273704,46,273707,671550,273706,0,273705,1,272698,94,273707,0,273709,0,272698,0,273709,0,273710,0,273713,42,273725,13,273726,900000,273726,900000,273726,900000,273727,900000,273728,0,273728,0,273728,0,273729,0,273705,0,,
273796,1341924,273795,33,273799,54,273801,50,273805,33,273806,504900,273806,0,273805,1,272798,94,273807,0,273808,0,272798,0,273809,0,273809,0,273811,41,273821,12,273822,900000,273823,900000,273824,900000,273824,900000,273825,0,273826,0,273826,0,273826,0,273805,0,,
273896,1342312,273895,44,273898,41,273900,55,273903,25,273905,490050,273904,0,273904,1,272897,94,273905,0,273906,0,272897,0,273907,0,273907,0,273909,44,273914,14,273915,1100000,273916,1100000,273916,1100000,273917,1100000,273918,0,273918,0,273919,0,273920,0,273903,0,,
273997,1342824,273996,55,273999,41,274003,40,274006,54,274007,773300,274007,0,274006,1,273000,94,274007,0,274009,0,273000,0,274009,0,274009,0,274012,45,274018,16,274019,1100000,274020,1100000,274021,1100000,274021,1100000,274022,0,274022,0,274023,0,274024,0,274006,0,,
274097,1340220,274096,66,274099,66,274101,50,274104,40,274105,903540,274105,0,274104,1,273100,94,274106,0,274107,0,273100,0,274107,0,274107,0,274109,56,274114,20,274115,1200000,274115,1200000,274116,1200000,274116,1200000,274116,0,274117,0,274118,0,274118,0,274104,0,,
274198,1340468,274197,44,274200,22,274203,44,274205,45,274207,725400,274206,0,274206,1,273205,94,274208,0,274208,0,273205,0,274209,0,274209,0,274210,38,274216,14,274217,1100000,274218,1100000,274219,1100000,274219,1100000,274220,0,274221,0,274221,0,274222,0,274206,0,,
274298,1340716,274297,50,274300,45,274303,54,274306,12,274308,655270,274308,0,274307,1,273303,94,274308,0,274309,0,273303,0,274309,0,274309,0,274311,41,274317,14,274318,1100000,274318,1100000,274319,1100000,274320,1100000,274321,0,274321,0,274322,0,274323,0,274307,0,,
274407,1340716,274399,36,274411,50,274413,40,274416,53,274417,728530,274417,0,274416,1,273405,94,274418,0,274419,0,273405,0,274420,0,274421,0,274423,50,274431,13,274432,900000,274433,900000,274433,900000,274433,900000,274434,0,274435,0,274436,0,274437,0,274416,0,,
274499,1340716,274498,33,274502,33,274504,37,274506,50,274508,454410,274508,0,274507,1,273503,94,274508,0,274509,0,273503,0,274509,0,274509,0,274511,36,274517,13,274518,1100000,274519,1100000,274519,1100000,274519,1100000,274520,0,274520,0,274520,0,274521,0,274507,0,,
274600,1340948,274599,54,274603,30,274605,30,274607,12,274609,512820,274609,0,274608,1,273604,94,274610,0,274611,0,273604,0,274611,0,274611,0,274613,31,274620,10,274621,1100000,274622,1300000,274623,1300000,274623,1300000,274624,0,274624,0,274624,0,274625,0,274608,0,,
274700,1341320,274699,60,274702,33,274705,22,274707,22,274708,654610,274708,0,274708,1,273708,94,274709,0,274710,0,273708,0,274710,0,274710,0,274712,36,274718,13,274719,1100000,274719,1100000,274720,1100000,274721,1100000,274722,0,274722,0,274723,0,274723,0,274708,0,,
274801,1341568,274800,58,274804,36,274806,40,274809,33,274811,679689,274811,0,274810,1,273808,94,274811,0,274812,0,273808,0,274812,0,274812,0,274814,40,274825,14,274825,1100000,274826,1100000,274826,1100000,274826,1100000,274827,0,274827,0,274827,0,274828,0,274809,0,,
274901,1341832,274900,50,274905,44,274907,30,274910,25,274911,606430,274911,0,274910,1,273906,94,274911,0,274912,0,273906,0,274912,0,274912,0,274914,40,274921,14,274922,1100000,274923,1100000,274923,1100000,274924,1100000,274924,0,274924,0,274925,0,274925,0,274910,0,,
275007,1341956,275002,66,275009,36,275012,25,275015,36,275017,663410,275016,0,275016,1,274008,94,275017,0,275018,0,274008,0,275019,0,275019,0,275022,43,275030,12,275031,900000,275032,900000,275032,900000,275032,900000,275033,0,275033,0,275034,0,275034,0,275016,0,,
275103,1342328,275101,40,275105,25,275107,66,275109,33,275112,487080,275112,0,275110,1,274106,94,275112,0,275113,0,274106,0,275113,0,275113,0,275115,39,275123,13,275123,1100000,275124,1100000,275124,1100000,275124,1100000,275125,0,275125,0,275125,0,275126,0,275110,0,,
275203,1342700,275202,12,275205,30,275207,50,275209,30,275210,496539,275210,0,275209,1,274208,94,275211,0,275211,0,274208,0,275211,0,275212,0,275213,27,275219,9,275219,1100000,275220,1100000,275220,1100000,275221,1100000,275221,0,275221,0,275222,0,275222,0,275209,0,,
275307,1342824,275304,25,275312,22,275316,46,275320,30,275322,500610,275322,0,275321,1,274308,94,275323,0,275324,0,274308,0,275325,0,275325,0,275327,36,275334,7,275335,900000,275336,900000,275336,900000,275337,900000,275337,0,275338,0,275338,0,275338,0,275320,0,,
275405,1343196,275404,22,275407,22,275409,33,275411,37,275413,338580,275412,0,275412,1,274418,94,275413,0,275414,0,274419,0,275414,0,275415,0,275416,20,275422,6,275423,1100000,275424,1100000,275424,1100000,275424,1100000,275425,0,275425,0,275426,0,275426,0,275412,0,,
275509,1343692,275508,25,275511,12,275513,41,275515,66,275516,586079,275516,0,275516,1,274508,94,275517,0,275517,0,274509,0,275518,0,275518,0,275521,39,275528,16,275529,1300000,275529,1300000,275530,1300000,275530,1300000,275530,0,275531,0,275531,0,275531,0,275515,0,,
275606,1339600,275604,50,275608,25,275610,37,275612,66,275613,948740,275613,0,275612,1,274610,94,275613,0,275614,0,274610,0,275614,0,275614,0,275616,43,275625,15,275626,900000,275627,900000,275627,900000,275628,900000,275628,0,275628,0,275629,0,275629,0,275612,0,,
275707,1339724,275706,40,275711,25,275713,40,275716,44,275717,442530,275717,0,275717,1,274709,94,275718,0,275719,0,274709,0,275721,0,275721,0,275723,40,275732,12,275733,900000,275733,900000,275734,900000,275734,900000,275735,0,275737,0,275738,0,275739,0,275716,0,,
275807,1339956,275805,33,275809,50,275811,25,275813,50,275814,469260,275814,0,275813,1,274811,94,275814,0,275815,0,274812,0,275816,0,275816,0,275818,38,275827,14,275828,1100000,275829,1100000,275829,1100000,275830,1100000,275830,0,275831,0,275832,0,275832,0,275813,0,,
275907,1340328,275906,60,275910,40,275912,33,275914,40,275915,704109,275915,0,275914,1,274911,94,275915,0,275916,0,274912,0,275916,0,275916,0,275918,43,275927,15,275927,1100000,275928,1100000,275928,1100000,275929,1100000,275929,0,275929,0,275929,0,275930,0,275914,0,,
276009,1340576,276007,28,276012,50,276014,54,276016,33,276017,671550,276017,0,276016,1,275017,94,276017,0,276018,0,275017,0,276018,0,276018,0,276020,44,276028,15,276028,1100000,276029,1100000,276030,1100000,276030,1100000,276031,0,276031,0,276031,0,276031,0,276016,0,,
276108,1340964,276107,25,276110,25,276114,54,276117,33,276119,557589,276118,0,276118,1,275113,94,276119,0,276120,0,275113,0,276121,0,276121,0,276123,43,276130,14,276131,1100000,276131,1200000,276131,1200000,276132,1200000,276132,0,276132,0,276133,0,276133,0,276118,0,,
276211,1341320,276210,45,276214,50,276217,33,276219,33,276221,726030,276221,0,276220,1,275211,94,276222,0,276224,0,275211,0,276224,0,276225,0,276228,39,276235,14,276236,900000,276237,900000,276237,900000,276238,900000,276239,0,276240,0,276241,0,276242,0,276219,0,,
276312,1341568,276311,44,276314,50,276316,44,276318,50,276319,558360,276319,0,276318,1,275323,94,276319,0,276320,0,275323,0,276321,0,276322,0,276324,45,276331,17,276331,1300000,276332,1300000,276332,1300000,276333,1300000,276333,0,276333,0,276334,0,276334,0,276318,0,,
276412,1341692,276410,45,276414,55,276416,40,276418,50,276419,1012700,276419,0,276418,1,275413,94,276420,0,276421,0,275413,0,276421,0,276422,0,276424,47,276432,18,276432,1100000,276433,1100000,276433,1100000,276433,1100000,276434,0,276434,0,276434,0,276435,0,276418,0,,
276515,1341816,276513,58,276517,45,276520,36,276524,40,276526,728530,276525,0,276524,1,275517,94,276526,0,276527,0,275517,0,276528,0,276528,0,276531,45,276540,17,276541,900000,276542,900000,276543,900000,276544,900000,276544,0,276545,0,276546,0,276546,0,276524,0,,
276613,1342312,276612,54,276615,54,276617,66,276619,54,276624,677160,276621,0,276620,1,275613,94,276624,0,276625,0,275613,0,276626,0,276626,0,276628,54,276634,16,276635,1100000,276635,1100000,276636,1100000,276636,1100000,276637,0,276637,0,276638,0,276638,0,276619,0,,
276713,1342560,276712,40,276715,55,276717,14,276719,50,276720,647130,276720,0,276719,1,275718,94,276721,0,276722,0,275718,0,276723,0,276723,0,276725,43,276731,15,276732,1300000,276732,1300000,276733,1300000,276733,1300000,276733,0,276733,0,276734,0,276734,0,276719,0,,
276774,1342576,276773,33,276777,50,276779,42,276781,16,276782,751530,276782,0,276781,1,275814,94,276782,0,276782,0,275815,0,276783,0,276783,0,276784,30,276796,13,276797,900000,276797,900000,276798,900000,276799,900000,276800,0,276800,0,276801,0,276801,0,276781,0,,
276876,1343180,276874,50,276878,45,276880,41,276882,44,276884,534599,276883,0,276883,1,275915,94,276884,0,276885,0,275915,0,276885,0,276886,0,276887,43,276901,14,276903,1100000,276906,1100000,276906,1100000,276907,1100000,276908,0,276908,0,276909,0,276909,0,276883,0,,
276974,1341196,276973,50,276978,50,276979,37,276981,81,276982,887260,276982,0,276981,1,276017,94,276982,0,276983,0,276018,0,276983,0,276983,0,276984,58,276991,23,276992,1500000,276993,1500000,276993,1500000,276994,1500000,276995,0,276995,0,276996,0,276996,0,276981,0,,
277076,1340080,277074,22,277078,22,277080,33,277082,45,277083,823500,277083,0,277083,1,276120,94,277084,0,277084,0,276120,0,277085,0,277085,0,277086,31,277096,14,277097,1100000,277098,1100000,277098,1100000,277099,1100000,277099,0,277099,0,277100,0,277100,0,277083,0,,
277180,1340080,277179,37,277182,40,277184,28,277187,33,277188,561660,277187,0,277187,1,276222,94,277189,0,277190,0,276223,0,277191,0,277191,0,277193,40,277202,13,277203,1100000,277204,1100000,277204,1100000,277205,1100000,277206,0,277206,0,277207,0,277208,0,277187,0,,
277278,1340576,277276,44,277280,44,277282,33,277284,33,277286,626780,277285,0,277285,1,276320,94,277286,0,277287,0,276320,0,277287,0,277288,0,277291,36,277302,15,277303,1100000,277303,1100000,277304,1100000,277305,1100000,277306,0,277307,0,277308,0,277309,0,277285,0,,
277385,1340808,277383,44,277390,33,277396,40,277400,50,277402,679690,277402,0,277401,1,276420,94,277403,0,277404,0,276420,0,277406,0,277406,0,277409,45,277421,14,277422,900000,277423,900000,277424,900000,277425,900000,277426,0,277427,0,277428,0,277428,0,277401,0,,
277479,1341072,277478,60,277483,50,277486,60,277493,33,277495,602910,277495,0,277494,1,276526,94,277496,0,277497,0,276527,0,277498,0,277499,0,277500,50,277517,14,277518,1100000,277518,1100000,277519,1100000,277519,1100000,277519,0,277520,0,277520,0,277520,0,277493,0,,
277579,1341568,277578,33,277581,37,277584,42,277586,50,277587,659339,277586,0,277586,1,276625,94,277587,0,277588,0,276625,0,277589,0,277589,0,277592,36,277603,14,277603,1100000,277604,1100000,277605,1100000,277606,1100000,277606,0,277607,0,277608,0,277609,0,277586,0,,
277679,1341956,277678,37,277682,40,277685,45,277689,33,277691,630849,277691,0,277689,1,276721,94,277692,0,277694,0,276721,0,277695,0,277695,0,277698,43,277711,12,277712,900000,277713,900000,277713,900000,277714,900000,277715,0,277716,0,277716,0,277717,0,277689,0,,
277782,1342188,277780,37,277785,45,277787,25,277792,37,277794,427680,277794,0,277793,1,276782,94,277795,0,277797,0,276782,0,277800,0,277801,0,277803,45,277819,13,277820,1100000,277821,1100000,277821,1100000,277822,1100000,277823,0,277825,0,277826,0,277827,0,277793,0,,
277881,1342436,277879,55,277882,50,277884,37,277886,37,277888,728530,277887,0,277887,1,276884,94,277888,0,277894,0,276884,0,277894,0,277895,0,277897,37,277911,13,277913,1100000,277914,1100000,277914,1100000,277915,1100000,277915,0,277916,0,277916,0,277917,0,277887,0,,
277981,1342576,277980,66,277983,22,277985,44,277987,44,277988,716320,277988,0,277987,1,276982,94,277988,0,277989,0,276983,0,277990,0,277991,0,277992,46,278001,16,278002,1100000,278003,1100000,278004,1100000,278004,1100000,278005,0,278005,0,278006,0,278006,0,277987,0,,
278084,1342824,278082,33,278087,40,278092,16,278097,50,278098,565730,278098,0,278097,1,277084,94,278099,0,278099,0,277084,0,278100,0,278100,0,278102,36,278114,10,278116,900000,278117,900000,278117,900000,278118,900000,278119,0,278119,0,278120,0,278121,0,278097,0,,
278182,1343196,278181,50,278184,63,278185,33,278187,37,278188,543510,278188,0,278188,1,277189,94,278190,0,278191,0,277189,0,278192,0,278193,0,278194,48,278201,16,278201,1100000,278202,1100000,278202,1100000,278202,1100000,278203,0,278203,0,278203,0,278203,0,278187,0,,
278283,1343676,278282,28,278285,37,278287,45,278288,50,278291,651200,278291,0,278289,1,277286,94,278292,0,278293,0,277286,0,278294,0,278294,0,278296,39,278302,14,278303,1100000,278303,1100000,278303,1100000,278304,1100000,278304,0,278304,0,278305,0,278305,0,278289,0,,
278383,1344420,278382,40,278385,81,278387,50,278389,54,278395,915750,278394,0,278389,1,277403,94,278395,0,278396,0,277404,0,278396,0,278396,0,278398,60,278405,21,278408,1400000,278409,1400000,278410,1400000,278410,1400000,278411,0,278411,0,278412,0,278412,0,278389,0,,
278484,1340328,278482,50,278485,50,278487,33,278489,54,278492,1125740,278491,0,278490,1,277496,94,278493,0,278494,0,277497,0,278495,0,278495,0,278497,46,278503,22,278504,1100000,278504,1100000,278505,1100000,278505,1100000,278505,0,278506,0,278506,0,278507,0,278490,0,,
278584,1340700,278583,40,278586,45,278587,33,278590,44,278592,659340,278592,0,278591,1,277587,94,278593,0,278594,0,277588,0,278594,0,278595,0,278597,40,278603,14,278604,1000000,278604,1000000,278605,1000000,278605,1000000,278606,0,278606,0,278607,0,278607,0,278591,0,,
278687,1340700,278685,30,278692,36,278699,41,278703,58,278705,577500,278705,0,278704,1,277692,94,278706,0,278709,0,277693,0,278711,0,278711,0,278714,48,278728,13,278729,900000,278729,900000,278730,900000,278732,900000,278732,0,278733,0,278734,0,278734,0,278704,0,,
278785,1341320,278784,60,278787,70,278789,50,278792,50,278793,683099,278793,0,278793,1,277795,94,278794,0,278794,0,277796,0,278795,0,278795,0,278797,45,278803,14,278804,1100000,278805,1100000,278805,1100000,278806,1100000,278806,0,278806,0,278807,0,278807,0,278792,0,,
278886,1341568,278884,22,278887,20,278889,36,278891,45,278892,500610,278892,0,278892,1,277893,94,278893,0,278893,0,277893,0,278894,0,278894,0,278895,32,278902,11,278902,1100000,278903,1100000,278903,1100000,278903,1100000,278904,0,278904,0,278904,0,278904,0,278892,0,,
278987,1341816,278985,10,278989,11,278992,0,278994,50,278996,288970,278995,0,278995,1,277988,94,278996,0,278997,0,277988,0,278997,0,278997,0,278999,16,279007,6,279008,900000,279008,900000,279009,900000,279009,900000,279010,0,279010,0,279011,0,279011,0,278994,0,,
279087,1340468,279086,0,279091,33,279093,0,279095,36,279096,204930,279096,0,279095,1,278099,94,279096,0,279097,0,278099,0,279097,0,279098,0,279099,25,279106,6,279106,1100000,279107,1100000,279107,1100000,279108,1100000,279108,0,279109,0,279109,0,279109,0,279095,0,,
279187,1340948,279186,36,279189,33,279192,30,279194,12,279195,451769,279195,0,279194,1,278190,94,279195,0,279196,0,278190,0,279196,0,279197,0,279198,29,279205,10,279205,1100000,279206,1100000,279206,1100000,279206,1100000,279207,0,279207,0,279207,0,279207,0,279194,0,,
279289,1341212,279287,22,279292,30,279295,10,279298,20,279300,333740,279299,0,279299,1,278292,94,279300,0,279302,0,278293,0,279302,0,279303,0,279306,17,279319,5,279320,900000,279320,900000,279321,900000,279321,900000,279322,0,279323,0,279323,0,279323,0,279298,0,,
279389,1341692,279388,22,279391,44,279394,12,279396,30,279398,320760,279398,0,279397,1,278395,94,279398,0,279399,0,278395,0,279399,0,279399,0,279401,25,279410,8,279413,1100000,279414,1100000,279414,1100000,279415,1100000,279416,0,279416,0,279417,0,279417,0,279397,0,,
279489,1342064,279488,30,279491,22,279494,25,279496,36,279498,459909,279498,0,279497,1,278493,94,279498,0,279499,0,278493,0,279499,0,279500,0,279502,32,279510,11,279511,1100000,279511,1100000,279512,1100000,279512,1100000,279513,0,279513,0,279514,0,279515,0,279497,0,,
279589,1342700,279588,33,279591,11,279593,22,279595,44,279596,447700,279596,0,279595,1,278593,94,279596,0,279597,0,278593,0,279597,0,279597,0,279599,24,279605,9,279605,1100000,279606,1100000,279606,1100000,279607,1100000,279607,0,279608,0,279608,0,279608,0,279595,0,,
279690,1343196,279689,0,279693,11,279695,30,279698,22,279699,256410,279699,0,279698,1,278708,94,279700,0,279701,0,278708,0,279701,0,279701,0,279703,20,279712,6,279712,1100000,279713,1100000,279714,1100000,279714,1100000,279715,0,279716,0,279716,0,279717,0,279698,0,,
279790,1343692,279789,27,279792,11,279794,30,279796,50,279797,480260,279797,0,279797,1,278794,94,279798,0,279799,0,278794,0,279799,0,279800,0,279801,33,279810,11,279811,1100000,279811,1100000,279812,1100000,279812,1100000,279813,0,279813,0,279814,0,279814,0,279797,0,,
279890,1339724,279889,44,279892,58,279894,33,279896,90,279898,915750,279898,0,279897,1,278893,94,279898,0,279899,0,278893,0,279899,0,279899,0,279900,56,279906,21,279906,1300000,279906,1300000,279907,1300000,279907,1300000,279907,0,279908,0,279909,0,279909,0,279897,0,,
279991,1339956,279990,50,279993,11,279995,36,279997,30,279998,676910,279998,0,279998,1,278996,94,279999,0,279999,0,278996,0,279999,0,280000,0,280002,32,280012,13,280013,1100000,280013,1100000,280013,1100000,280014,1100000,280014,0,280014,0,280015,0,280015,0,279998,0,,
280091,1340204,280090,61,280094,33,280097,25,280099,36,280100,630849,280100,0,280100,1,279096,94,280101,0,280102,0,279097,0,280102,0,280102,0,280104,44,280112,15,280113,1100000,280114,1100000,280114,1100000,280114,1100000,280115,0,280116,0,280116,0,280117,0,280099,0,,
280192,1340716,280191,54,280194,40,280197,54,280199,40,280200,765160,280200,0,280200,1,279196,94,280201,0,280201,0,279196,0,280202,0,280202,0,280204,43,280211,16,280211,1100000,280212,1100000,280213,1100000,280213,1100000,280214,0,280214,0,280215,0,280215,0,280199,0,,
280294,1340964,280292,40,280298,30,280300,44,280303,36,280305,610500,280304,0,280304,1,279301,94,280305,0,280306,0,279301,0,280306,0,280306,0,280308,35,280319,12,280319,900000,280320,900000,280320,900000,280321,900000,280321,0,280322,0,280322,0,280322,0,280304,0,,
280394,1341088,280392,37,280398,22,280400,60,280403,33,280404,451440,280404,0,280403,1,279398,94,280404,0,280405,0,279399,0,280406,0,280406,0,280407,42,280416,13,280417,1100000,280417,1100000,280417,1100000,280418,1100000,280418,0,280418,0,280419,0,280419,0,280403,0,,
280494,1341336,280492,50,280496,33,280498,37,280501,25,280502,590150,280502,0,280501,1,279498,94,280503,0,280504,0,279499,0,280504,0,280504,0,280506,37,280515,13,280516,1100000,280516,1100000,280517,1100000,280517,1100000,280518,0,280518,0,280518,0,280519,0,280501,0,,
280595,1341584,280593,50,280598,22,280601,50,280604,14,280605,553520,280605,0,280604,1,279597,94,280606,0,280606,0,279597,0,280607,0,280607,0,280609,34,280621,13,280622,900000,280622,900000,280623,900000,280623,900000,280623,0,280624,0,280624,0,280624,0,280604,0,,
280696,1341708,280694,37,280700,25,280702,72,280704,40,280705,516780,280705,0,280704,1,279700,94,280705,0,280706,0,279700,0,280706,0,280706,0,280708,45,280716,11,280717,1100000,280718,1100000,280718,1100000,280718,1100000,280719,0,280719,0,280719,0,280720,0,280704,0,,
280795,1341940,280794,25,280798,36,280800,44,280802,44,280804,606430,280803,0,280803,1,279798,94,280804,0,280805,0,279798,0,280806,0,280806,0,280807,42,280815,15,280816,1100000,280817,1100000,280817,1100000,280818,1100000,280818,0,280818,0,280819,0,280819,0,280803,0,,
280897,1342204,280895,33,280900,25,280902,37,280905,22,280906,476190,280906,0,280905,1,279898,94,280906,0,280907,0,279898,0,280907,0,280907,0,280909,24,280920,11,280921,900000,280922,900000,280922,900000,280922,900000,280923,0,280923,0,280923,0,280924,0,280905,0,,
280997,1342560,280996,28,280999,63,281001,22,281003,40,281004,454410,281004,0,281003,1,279999,94,281004,0,281005,0,279999,0,281005,0,281005,0,281007,40,281018,10,281018,900000,281019,900000,281021,900000,281021,900000,281022,0,281022,0,281023,0,281023,0,281003,0,,
281096,1342932,281095,60,281098,30,281100,25,281102,30,281103,430650,281103,0,281102,1,280101,94,281103,0,281104,0,280101,0,281104,0,281104,0,281106,35,281113,12,281113,1100000,281114,1100000,281114,1100000,281114,1100000,281115,0,281115,0,281116,0,281116,0,281102,0,,
281197,1343320,281195,12,281199,30,281201,40,281203,40,281204,496540,281204,0,281204,1,280201,94,281205,0,281206,0,280201,0,281206,0,281206,0,281207,32,281216,11,281217,1100000,281217,1100000,281217,1100000,281218,1100000,281218,0,281218,0,281219,0,281219,0,281203,0,,
281298,1343924,281297,33,281300,60,281302,58,281304,50,281305,818069,281305,0,281304,1,280305,94,281306,0,281306,0,280305,0,281307,0,281307,0,281308,51,281319,18,281319,1300000,281320,1300000,281321,1300000,281322,1300000,281322,0,281323,0,281324,0,281324,0,281304,0,,
281397,1340576,281396,45,281399,33,281401,44,281403,44,281404,884780,281404,0,281404,1,280405,94,281405,0,281406,0,280405,0,281406,0,281406,0,281408,41,281420,18,281420,1100000,281421,1100000,281421,1100000,281422,1100000,281422,0,281423,0,281423,0,281423,0,281403,0,,
281498,1340700,281497,25,281500,22,281502,45,281504,44,281506,553520,281506,0,281505,1,280503,94,281506,0,281507,0,280503,0,281508,0,281508,0,281510,37,281518,14,281518,1100000,281519,1100000,281520,1100000,281520,1100000,281521,0,281521,0,281522,0,281522,0,281505,0,,
281604,1340964,281603,45,281605,54,281607,25,281609,20,281613,586080,281613,0,281609,1,280606,94,281614,0,281615,0,280606,0,281616,0,281617,0,281619,40,281626,13,281628,900000,281629,900000,281630,900000,281631,900000,281631,0,281632,0,281633,0,281634,0,281609,0,,
281707,1341088,281705,50,281711,55,281716,33,281720,45,281722,543510,281722,0,281721,1,280705,94,281723,0,281724,0,280706,0,281725,0,281725,0,281729,42,281741,13,281742,900000,281743,900000,281743,900000,281744,900000,281745,0,281746,0,281748,0,281748,0,281721,0,,
281805,1341444,281804,37,281808,66,281810,25,281812,60,281814,558360,281813,0,281813,1,280804,94,281814,0,281815,0,280804,0,281816,0,281817,0,281818,51,281824,13,281825,1100000,281825,1100000,281826,1100000,281827,1100000,281827,0,281828,0,281829,0,281829,0,281812,0,,
281906,1341568,281905,40,281908,60,281910,30,281913,50,281915,732600,281915,0,281914,1,280906,94,281916,0,281917,0,280907,0,281917,0,281917,0,281919,47,281925,18,281926,1100000,281926,1100000,281926,1100000,281927,1100000,281927,0,281928,0,281928,0,281929,0,281913,0,,
282007,1341816,282006,45,282009,50,282013,44,282017,41,282020,732600,282019,0,282018,1,281004,94,282021,0,282022,0,281005,0,282023,0,282023,0,282026,44,282038,13,282039,900000,282039,900000,282040,900000,282040,900000,282040,0,282041,0,282041,0,282041,0,282018,0,,
282109,1342064,282107,28,282111,70,282115,40,282118,54,282120,570240,282119,0,282119,1,281104,94,282120,0,282121,0,281104,0,282122,0,282122,0,282124,46,282134,14,282135,900000,282136,900000,282136,900000,282137,900000,282137,0,282137,0,282138,0,282138,0,282119,0,,
282208,1342296,282207,50,282210,25,282214,55,282217,25,282218,460350,282218,0,282217,1,281205,94,282218,0,282219,0,281205,0,282219,0,282219,0,282221,41,282227,14,282228,1100000,282228,1100000,282229,1100000,282230,1100000,282231,0,282232,0,282233,0,282233,0,282217,0,,
282309,1342668,282308,45,282311,45,282314,25,282316,54,282317,687830,282317,0,282317,1,281306,94,282318,0,282318,0,281306,0,282319,0,282319,0,282320,40,282326,14,282327,1100000,282327,1100000,282327,1100000,282328,1100000,282328,0,282329,0,282330,0,282331,0,282316,0,,
282410,1342916,282409,33,282417,40,282420,30,282423,37,282425,569800,282425,0,282424,1,281405,94,282425,0,282426,0,281405,0,282426,0,282426,0,282429,41,282438,11,282439,900000,282440,900000,282440,900000,282441,900000,282441,0,282442,0,282442,0,282443,0,282424,0,,
282510,1342916,282509,40,282512,41,282514,50,282516,12,282517,424710,282517,0,282516,1,281506,94,282517,0,282518,0,281507,0,282518,0,282518,0,282520,33,282525,11,282526,1100000,282527,1100000,282527,1100000,282528,1100000,282528,0,282528,0,282529,0,282529,0,282516,0,,
282611,1343552,282609,33,282614,37,282616,50,282618,25,282619,590150,282619,0,282619,1,281615,94,282620,0,282620,0,281615,0,282621,0,282621,0,282622,38,282628,13,282628,1100000,282629,1100000,282630,1100000,282631,1100000,282632,0,282632,0,282633,0,282633,0,282619,0,,
282716,1343800,282711,14,282719,37,282721,44,282724,36,282725,533170,282725,0,282724,1,281723,94,282726,0,282726,0,281724,0,282727,0,282727,0,282729,33,282739,11,282740,900000,282740,900000,282741,900000,282741,900000,282742,0,282742,0,282743,0,282743,0,282724,0,,
282820,1341336,282813,33,282822,75,282824,60,282826,44,282827,629640,282827,0,282826,1,281814,94,282828,0,282832,0,281815,0,282833,0,282833,0,282835,58,282841,19,282841,1200000,282842,1200000,282842,1200000,282842,1200000,282843,0,282843,0,282843,0,282843,0,282826,0,,
282913,1341444,282911,60,282915,28,282918,28,282920,37,282921,716040,282921,0,282921,1,281916,94,282922,0,282922,0,281916,0,282923,0,282923,0,282924,40,282932,13,282933,1100000,282933,1100000,282934,1100000,282935,1100000,282936,0,282936,0,282937,0,282937,0,282921,0,,
283014,1341568,283013,50,283018,45,283020,33,283024,33,283025,655270,283025,0,283024,1,282021,94,283026,0,283026,0,282021,0,283027,0,283027,0,283029,42,283040,15,283041,900000,283041,900000,283042,900000,283042,900000,283043,0,283043,0,283043,0,283044,0,283024,0,,
283118,1341568,283117,66,283120,40,283122,25,283124,40,283125,507870,283125,0,283125,1,282120,94,283126,0,283126,0,282121,0,283127,0,283127,0,283128,41,283137,10,283138,1100000,283138,1100000,283139,1100000,283139,1100000,283140,0,283140,0,283141,0,283141,0,283125,0,,
283215,1341692,283213,50,283218,45,283220,33,283222,44,283224,700040,283223,0,283223,1,282219,94,283224,0,283225,0,282219,0,283226,0,283226,0,283228,43,283238,15,283238,1100000,283239,1100000,283239,1100000,283239,1100000,283240,0,283240,0,283241,0,283241,0,283223,0,,
283319,1341940,283317,62,283323,25,283327,40,283330,25,283333,618640,283332,0,283331,1,282318,94,283334,0,283336,0,282318,0,283337,0,283337,0,283340,41,283352,14,283353,900000,283353,900000,283354,900000,283356,900000,283356,0,283357,0,283358,0,283359,0,283331,0,,
283419,1341940,283417,50,283422,45,283426,50,283428,50,283430,579150,283430,0,283429,1,282425,94,283431,0,283432,0,282426,0,283433,0,283434,0,283435,50,283442,13,283442,1100000,283443,1100000,283443,1100000,283443,1100000,283444,0,283444,0,283444,0,283445,0,283429,0,,
283516,1341940,283514,50,283518,25,283520,42,283522,33,283524,610500,283524,0,283523,1,282517,94,283524,0,283525,0,282517,0,283526,0,283526,0,283528,34,283538,12,283538,1100000,283539,1100000,283540,1100000,283540,1100000,283541,0,283541,0,283541,0,283542,0,283523,0,,
283617,1342188,283616,44,283619,45,283622,54,283625,33,283626,716319,283626,0,283625,1,282620,94,283627,0,283628,0,282620,0,283628,0,283628,0,283631,40,283642,16,283643,900000,283643,900000,283644,900000,283645,900000,283645,0,283645,0,283646,0,283647,0,283625,0,,
283720,1342668,283718,44,283722,50,283724,63,283726,45,283727,599940,283727,0,283727,1,282726,94,283728,0,283728,0,282726,0,283729,0,283729,0,283731,52,283740,15,283740,1100000,283741,1100000,283741,1100000,283741,1100000,283742,0,283742,0,283742,0,283743,0,283727,0,,
283818,1342808,283817,50,283819,30,283821,40,283823,0,283824,488400,283824,0,283824,1,282828,94,283825,0,283825,0,282828,0,283826,0,283826,0,283827,32,283835,9,283836,1100000,283837,1100000,283837,1100000,283838,1100000,283838,0,283839,0,283839,0,283840,0,283824,0,,
283918,1343320,283917,45,283920,20,283924,30,283927,11,283929,431419,283929,0,283928,1,282922,94,283930,0,283932,0,282922,0,283933,0,283933,0,283936,28,283945,9,283946,900000,283946,900000,283947,900000,283947,900000,283948,0,283948,0,283949,0,283949,0,283928,0,,
284019,1343568,284018,37,284022,27,284024,22,284027,11,284028,288090,284028,0,284027,1,283026,94,284029,0,284029,0,283026,0,284030,0,284030,0,284032,25,284039,7,284039,900000,284040,900000,284041,900000,284041,900000,284042,0,284042,0,284042,0,284043,0,284027,0,,
284119,1343816,284118,50,284121,20,284123,27,284125,33,284126,386100,284126,0,284126,1,283126,94,284127,0,284127,0,283126,0,284128,0,284128,0,284129,31,284135,10,284136,1100000,284137,1100000,284137,1100000,284138,1100000,284138,0,284139,0,284139,0,284140,0,284126,0,,
284220,1344296,284219,44,284222,36,284224,36,284226,18,284227,545380,284227,0,284226,1,283225,94,284228,0,284228,0,283225,0,284229,0,284229,0,284230,34,284237,13,284237,1100000,284238,1100000,284238,1100000,284238,1100000,284239,0,284239,0,284239,0,284240,0,284226,0,,
284320,1340080,284319,50,284321,36,284323,90,284325,45,284326,899469,284326,0,284325,1,283334,94,284327,0,284327,0,283335,0,284328,0,284328,0,284329,51,284333,19,284334,1500000,284334,1500000,284334,1500000,284335,1500000,284335,0,284336,0,284336,0,284336,0,284325,0,,
284421,1340080,284420,20,284423,50,284425,36,284427,20,284429,850500,284428,0,284428,1,283431,94,284429,0,284430,0,283432,0,284431,0,284431,0,284433,40,284440,15,284440,1100000,284441,1100000,284441,1100000,284442,1100000,284442,0,284442,0,284443,0,284443,0,284428,0,,
284522,1340344,284520,45,284524,55,284527,22,284529,40,284531,659340,284531,0,284530,1,283525,94,284532,0,284534,0,283525,0,284535,0,284536,0,284538,40,284547,14,284547,900000,284549,900000,284549,900000,284551,900000,284553,0,284554,0,284554,0,284555,0,284529,0,,
284623,1340344,284622,45,284626,41,284628,55,284630,50,284633,567270,284633,0,284631,1,283627,94,284635,0,284637,0,283627,0,284638,0,284638,0,284640,47,284648,14,284649,1100000,284650,1100000,284651,1100000,284652,1100000,284653,0,284653,0,284654,0,284654,0,284631,0,,
284723,1340576,284722,54,284725,45,284726,36,284728,55,284729,773300,284729,0,284729,1,283728,94,284730,0,284731,0,283728,0,284733,0,284733,0,284735,46,284743,16,284744,1100000,284745,1100000,284745,1100000,284746,1100000,284746,0,284746,0,284747,0,284747,0,284729,0,,
284824,1340948,284823,37,284825,40,284827,40,284829,40,284830,638990,284830,0,284829,1,283825,94,284833,0,284835,0,283825,0,284836,0,284836,0,284838,35,284845,12,284846,900000,284846,900000,284846,900000,284847,900000,284847,0,284848,0,284849,0,284849,0,284829,0,,
284925,1339972,284924,14,284928,25,284930,62,284933,45,284935,433620,284934,0,284934,1,283930,94,284936,0,284937,0,283930,0,284938,0,284938,0,284941,40,284949,11,284950,1100000,284951,1100000,284952,1100000,284953,1100000,284953,0,284954,0,284955,0,284955,0,284933,0,,
285025,1340220,285024,33,285027,33,285029,50,285031,33,285032,606430,285032,0,285031,1,284029,94,285032,0,285033,0,284029,0,285033,0,285034,0,285035,36,285041,12,285042,1100000,285042,1100000,285043,1100000,285043,1100000,285043,0,285044,0,285044,0,285044,0,285031,0,,
285125,1340856,285124,12,285127,25,285129,30,285131,40,285133,435490,285132,0,285132,1,284127,94,285133,0,285135,0,284127,0,285136,0,285136,0,285138,27,285145,9,285146,900000,285147,900000,285147,900000,285147,900000,285148,0,285149,0,285149,0,285150,0,285132,0,,
285227,1341212,285226,50,285229,40,285232,33,285235,55,285237,528660,285237,0,285236,1,284228,94,285238,0,285239,0,284228,0,285239,0,285239,0,285242,43,285250,13,285251,900000,285252,900000,285253,900000,285254,900000,285255,0,285255,0,285256,0,285256,0,285236,0,,
285326,1341832,285325,37,285328,30,285330,36,285332,50,285334,454410,285334,0,285333,1,284327,94,285335,0,285336,0,284327,0,285336,0,285336,0,285338,40,285344,13,285345,1100000,285345,1100000,285346,1100000,285346,1100000,285346,0,285347,0,285347,0,285347,0,285333,0,,
285427,1342204,285426,50,285429,55,285430,33,285433,25,285434,663410,285434,0,285433,1,284429,94,285435,0,285436,0,284429,0,285437,0,285437,0,285439,40,285444,14,285445,1100000,285445,1100000,285446,1100000,285446,1100000,285446,0,285447,0,285447,0,285447,0,285433,0,,
285529,1342700,285527,14,285531,54,285535,40,285539,0,285541,439560,285541,0,285540,1,284533,94,285542,0,285543,0,284533,0,285543,0,285543,0,285545,34,285557,9,285557,800000,285558,800000,285558,800000,285559,800000,285559,0,285561,0,285561,0,285562,0,285540,0,,
285628,1343336,285627,50,285630,55,285632,45,285635,45,285637,483600,285636,0,285635,1,284636,94,285637,0,285638,0,284636,0,285638,0,285638,0,285640,47,285646,17,285647,1100000,285647,1100000,285648,1100000,285648,1100000,285648,0,285649,0,285649,0,285650,0,285635,0,,
285729,1343832,285728,44,285731,50,285734,28,285738,61,285739,744810,285739,0,285738,1,284730,94,285740,0,285741,0,284730,0,285741,0,285742,0,285743,51,285755,17,285756,1100000,285757,1100000,285758,1100000,285758,1100000,285759,0,285760,0,285760,0,285761,0,285738,0,,
285829,1340948,285828,33,285830,44,285832,50,285835,60,285836,761089,285836,0,285835,1,284834,94,285837,0,285838,0,284834,0,285838,0,285838,0,285839,42,285845,17,285845,1300000,285845,1300000,285846,1300000,285846,1300000,285846,0,285847,0,285847,0,285847,0,285835,0,,
285930,1341072,285929,50,285933,63,285936,50,285939,36,285941,1060670,285940,0,285940,1,284936,94,285942,0,285943,0,284936,0,285943,0,285943,0,285945,52,285955,15,285956,900000,285957,900000,285957,900000,285958,900000,285959,0,285959,0,285960,0,285960,0,285939,0,,
286030,1341444,286029,40,286033,70,286035,25,286037,50,286038,549450,286038,0,286038,1,285033,94,286039,0,286040,0,285033,0,286041,0,286041,0,286043,50,286048,16,286049,1100000,286050,1100000,286051,1100000,286052,1100000,286052,0,286053,0,286053,0,286054,0,286037,0,,
286131,1341940,286129,63,286133,50,286136,44,286138,25,286140,740740,286139,0,286139,1,285134,94,286140,0,286141,0,285134,0,286142,0,286142,0,286143,42,286149,15,286149,1100000,286150,1100000,286151,1100000,286152,1100000,286153,0,286153,0,286154,0,286154,0,286139,0,,
286232,1342064,286231,44,286235,60,286238,40,286241,36,286242,732599,286242,0,286241,1,285238,94,286243,0,286244,0,285238,0,286244,0,286244,0,286246,47,286257,15,286258,900000,286258,900000,286259,900000,286260,900000,286260,0,286261,0,286261,0,286262,0,286241,0,,
286332,1342420,286331,50,286334,72,286336,50,286338,44,286339,641520,286339,0,286339,1,285335,94,286340,0,286341,0,285335,0,286341,0,286341,0,286343,51,286348,17,286349,1200000,286349,1200000,286350,1200000,286350,1200000,286351,0,286352,0,286353,0,286354,0,286338,0,,
286432,1342420,286431,37,286434,54,286437,45,286439,40,286440,823680,286440,0,286439,1,285435,94,286441,0,286441,0,285435,0,286442,0,286442,0,286443,46,286448,17,286449,1100000,286450,1100000,286450,1100000,286451,1100000,286452,0,286453,0,286453,0,286454,0,286439,0,,
286538,1342684,286532,12,286540,50,286543,30,286545,27,286546,484330,286546,0,286546,1,285542,94,286547,0,286547,0,285542,0,286548,0,286548,0,286550,31,286560,12,286560,900000,286561,900000,286562,900000,286562,900000,286563,0,286563,0,286563,0,286564,0,286545,0,,
286635,1342932,286633,33,286638,66,286640,44,286643,58,286644,596970,286644,0,286643,1,285637,94,286645,0,286646,0,285638,0,286647,0,286648,0,286649,51,286658,14,286659,1100000,286659,1100000,286659,1100000,286660,1100000,286660,0,286660,0,286661,0,286661,0,286643,0,,
286734,1343288,286733,45,286736,36,286738,11,286740,30,286742,496539,286741,0,286741,1,285740,94,286742,0,286743,0,285740,0,286744,0,286744,0,286745,35,286753,11,286754,1100000,286755,1100000,286755,1100000,286756,1100000,286756,0,286757,0,286757,0,286758,0,286740,0,,
286835,1343692,286833,50,286837,30,286840,25,286843,54,286845,647130,286844,0,286844,1,285837,94,286845,0,286846,0,285837,0,286847,0,286847,0,286849,35,286861,12,286862,900000,286862,900000,286863,900000,286864,900000,286864,0,286864,0,286865,0,286865,0,286844,0,,
286938,1343940,286934,63,286941,30,286944,25,286947,37,286948,460350,286948,0,286947,1,285942,94,286948,0,286949,0,285942,0,286949,0,286949,0,286952,40,286962,12,286963,900000,286963,900000,286964,900000,286964,900000,286965,0,286965,0,286965,0,286966,0,286947,0,,
287036,1344064,287035,60,287038,14,287041,40,287043,40,287045,457380,287045,0,287045,1,286039,94,287046,0,287046,0,286040,0,287046,0,287047,0,287048,41,287057,12,287058,1100000,287058,1100000,287059,1100000,287059,1100000,287059,0,287060,0,287060,0,287061,0,287044,0,,
287136,1344452,287135,70,287139,45,287142,44,287144,54,287145,866910,287145,0,287144,1,286141,94,287146,0,287147,0,286141,0,287148,0,287148,0,287150,53,287162,21,287163,1100000,287163,1100000,287164,1100000,287164,1100000,287164,0,287165,0,287165,0,287165,0,287144,0,,
287238,1342948,287237,60,287241,28,287243,91,287244,54,287246,948310,287245,0,287245,1,286243,94,287246,0,287246,0,286243,0,287247,0,287247,0,287248,62,287255,23,287256,1500000,287256,1500000,287256,1500000,287257,1500000,287257,0,287257,0,287257,0,287258,0,287245,0,,
287341,1340964,287337,33,287343,27,287345,50,287347,33,287348,965250,287348,0,287348,1,286340,94,287349,0,287349,0,286340,0,287350,0,287350,0,287352,40,287360,15,287360,1100000,287361,1100000,287361,1100000,287362,1100000,287362,0,287362,0,287363,0,287363,0,287348,0,,
287437,1341088,287436,25,287440,33,287443,44,287446,45,287447,598290,287447,0,287446,1,286441,94,287448,0,287449,0,286441,0,287449,0,287449,0,287451,36,287459,14,287460,1100000,287461,1100000,287461,1100000,287461,1100000,287462,0,287462,0,287462,0,287463,0,287446,0,,
287539,1341088,287537,50,287542,40,287545,50,287547,25,287549,671550,287549,0,287548,1,286547,94,287549,0,287550,0,286547,0,287550,0,287551,0,287553,41,287564,13,287564,900000,287565,900000,287565,900000,287566,900000,287566,0,287567,0,287567,0,287568,0,287548,0,,
287640,1341088,287638,33,287644,45,287647,50,287650,33,287653,478170,287652,0,287651,1,286645,94,287653,0,287656,0,286645,0,287657,0,287657,0,287659,39,287666,15,287667,1100000,287667,1100000,287668,1100000,287668,1100000,287669,0,287670,0,287670,0,287671,0,287651,0,,
287739,1341568,287738,54,287742,33,287744,44,287746,37,287747,683760,287747,0,287746,1,286742,94,287747,0,287748,0,286742,0,287748,0,287748,0,287750,44,287760,13,287761,1100000,287762,1100000,287763,1100000,287763,1100000,287764,0,287764,0,287764,0,287765,0,287746,0,,
287840,1341708,287839,50,287843,40,287845,50,287846,12,287848,618640,287847,0,287847,1,286846,94,287848,0,287849,0,286846,0,287849,0,287849,0,287851,40,287860,13,287861,900000,287862,900000,287863,900000,287863,900000,287863,0,287864,0,287864,0,287864,0,287847,0,,
287941,1342064,287939,63,287945,40,287947,14,287950,50,287952,495990,287951,0,287951,1,286948,94,287952,0,287954,0,286949,0,287955,0,287955,0,287957,45,287967,12,287967,900000,287968,900000,287969,900000,287970,900000,287971,0,287972,0,287973,0,287973,0,287950,0,,
288042,1342436,288041,70,288045,45,288048,40,288050,25,288052,534599,288051,0,288051,1,287046,94,288052,0,288054,0,287046,0,288055,0,288055,0,288058,47,288066,13,288067,900000,288068,900000,288068,900000,288069,900000,288069,0,288071,0,288072,0,288073,0,288050,0,,
288142,1342684,288141,70,288145,40,288147,25,288149,14,288150,442530,288150,0,288149,1,287127,94,288150,0,288151,0,287127,0,288152,0,288152,0,288157,39,288165,12,288165,1100000,288166,1100000,288166,1100000,288166,1100000,288167,0,288167,0,288167,0,288168,0,288149,0,,
288243,1343056,288242,69,288245,12,288247,30,288248,22,288249,541310,288249,0,288249,1,287146,94,288250,0,288250,0,287147,0,288251,0,288251,0,288253,36,288258,11,288259,1100000,288259,1100000,288259,1100000,288260,1100000,288260,0,288261,0,288261,0,288261,0,288249,0,,
288344,1343428,288343,58,288346,20,288348,22,288351,11,288352,451770,288352,0,288351,1,287246,94,288353,0,288354,0,287246,0,288354,0,288354,0,288356,28,288363,8,288364,900000,288365,900000,288365,900000,288365,900000,288366,0,288366,0,288367,0,288367,0,288351,0,,
288444,1343800,288443,44,288447,18,288449,11,288451,20,288453,276210,288453,0,288452,1,287349,94,288453,0,288454,0,287349,0,288455,0,288455,0,288457,24,288464,7,288464,900000,288465,900000,288466,900000,288466,900000,288467,0,288467,0,288467,0,288468,0,288452,0,,
288545,1344172,288544,33,288547,0,288549,22,288552,20,288553,222750,288553,0,288553,1,287448,94,288554,0,288555,0,287448,0,288555,0,288555,0,288557,18,288564,5,288565,1100000,288566,1100000,288566,1100000,288566,1100000,288567,0,288567,0,288567,0,288568,0,288552,0,,
288645,1344668,288644,25,288647,30,288649,11,288651,11,288652,313390,288652,0,288652,1,287549,94,288653,0,288654,0,287550,0,288655,0,288655,0,288657,22,288663,8,288664,1100000,288665,1100000,288665,1100000,288665,1100000,288666,0,288666,0,288666,0,288667,0,288652,0,,
288745,1340700,288744,44,288746,33,288748,70,288750,33,288752,732599,288751,0,288750,1,287654,94,288752,0,288753,0,287654,0,288754,0,288754,0,288756,44,288765,18,288766,900000,288767,900000,288767,900000,288768,900000,288768,0,288769,0,288769,0,288770,0,288750,0,,
288846,1340948,288845,55,288849,40,288851,50,288854,40,288856,549450,288856,0,288855,1,287748,94,288857,0,288859,0,287748,0,288859,0,288859,0,288861,44,288869,13,288869,900000,288870,900000,288871,900000,288872,900000,288873,0,288874,0,288875,0,288876,0,288855,0,,
288947,1341196,288945,30,288949,55,288951,22,288954,30,288956,406890,288956,0,288955,1,287848,94,288958,0,288959,0,287848,0,288959,0,288960,0,288962,36,288969,11,288970,900000,288970,900000,288971,900000,288972,900000,288973,0,288974,0,288975,0,288976,0,288954,0,,
289046,1341444,289045,28,289048,54,289050,33,289052,45,289053,475200,289053,0,289052,1,287953,94,289054,0,289055,0,287953,0,289056,0,289056,0,289058,40,289064,13,289065,1100000,289065,1100000,289066,1100000,289066,1100000,289066,0,289067,0,289067,0,289067,0,289052,0,,
289147,1341816,289146,22,289149,50,289151,27,289152,25,289154,504680,289154,0,289153,1,288053,94,289154,0,289156,0,288053,0,289157,0,289157,0,289159,30,289166,11,289166,1100000,289167,1100000,289167,1100000,289167,1100000,289168,0,289168,0,289168,0,289168,0,289153,0,,
289248,1342204,289247,45,289251,50,289253,45,289256,44,289258,748880,289257,0,289257,1,288150,94,289258,0,289259,0,288150,0,289259,0,289260,0,289262,46,289269,14,289270,900000,289271,900000,289271,900000,289272,900000,289272,0,289272,0,289273,0,289273,0,289256,0,,
289350,1342452,289348,30,289351,22,289353,11,289356,30,289357,276210,289357,0,289357,1,288250,94,289358,0,289358,0,288250,0,289359,0,289359,0,289360,25,289367,8,289367,1100000,289368,1100000,289368,1100000,289369,1100000,289369,0,289369,0,289369,0,289370,0,289356,0,,
289449,1342948,289448,37,289451,22,289453,27,289455,22,289456,439560,289456,0,289455,1,288353,94,289457,0,289457,0,288353,0,289458,0,289458,0,289460,25,289467,11,289467,1100000,289468,1100000,289468,1100000,289469,1100000,289469,0,289469,0,289470,0,289470,0,289455,0,,
289550,1343196,289549,33,289552,27,289554,30,289557,20,289558,447699,289558,0,289558,1,288454,94,289559,0,289559,0,288454,0,289560,0,289560,0,289562,29,289569,8,289569,900000,289570,900000,289571,900000,289571,900000,289572,0,289572,0,289573,0,289573,0,289557,0,,
289650,1343444,289649,45,289653,33,289655,18,289658,11,289659,317790,289659,0,289658,1,288554,94,289659,0,289660,0,288554,0,289661,0,289661,0,289663,27,289669,7,289670,900000,289671,900000,289672,900000,289672,900000,289673,0,289673,0,289673,0,289674,0,289658,0,,
289750,1343816,289749,44,289752,22,289754,20,289756,20,289758,314820,289757,0,289757,1,288653,94,289758,0,289758,0,288654,0,289759,0,289759,0,289760,25,289767,9,289767,1100000,289768,1100000,289768,1100000,289768,1100000,289769,0,289769,0,289769,0,289770,0,289757,0,,
289851,1344188,289850,40,289852,36,289855,33,289857,36,289859,590150,289858,0,289858,1,288752,94,289859,0,289860,0,288752,0,289861,0,289862,0,289864,39,289869,13,289870,1100000,289870,1100000,289871,1100000,289871,1100000,289872,0,289873,0,289873,0,289874,0,289858,0,,
289952,1344312,289951,63,289955,40,289958,33,289962,36,289963,700040,289963,0,289962,1,288858,94,289964,0,289964,0,288858,0,289965,0,289965,0,289967,41,289978,13,289979,900000,289980,900000,289980,900000,289982,1200000,289982,0,289982,0,289983,0,289983,0,289962,0,,
290053,1344792,290051,66,290056,36,290060,22,290063,30,290065,508679,290065,0,290064,1,288958,94,290065,0,290066,0,288958,0,290066,0,290067,0,290068,41,290080,13,290082,900000,290082,900000,290083,900000,290083,900000,290084,0,290084,0,290084,0,290084,0,290064,0,,
290152,1345536,290151,66,290154,40,290161,88,290163,54,290164,736560,290164,0,290164,1,289054,94,290165,0,290166,0,289055,0,290166,0,290166,0,290168,63,290181,25,290182,1500000,290182,1500000,290182,1500000,290183,1500000,290183,0,290183,0,290183,0,290184,0,290164,0,,
290253,1341320,290252,44,290255,60,290258,40,290260,60,290261,1377000,290261,0,290260,1,289155,94,290262,0,290262,0,289155,0,290263,0,290263,0,290265,48,290270,19,290270,1100000,290271,1100000,290271,1100000,290272,1100000,290273,0,290274,0,290274,0,290275,0,290260,0,,
290354,1341320,290353,45,290357,60,290361,14,290363,33,290365,618640,290364,0,290364,1,289258,94,290365,0,290366,0,289259,0,290366,0,290366,0,290368,40,290379,11,290379,900000,290380,900000,290380,900000,290381,900000,290381,0,290382,0,290382,0,290383,0,290364,0,,
290455,1341320,290454,28,290459,63,290462,50,290465,50,290466,567270,290466,0,290466,1,289358,94,290467,0,290468,0,289358,0,290468,0,290468,0,290470,48,290481,13,290482,900000,290482,900000,290483,900000,290483,900000,290484,0,290484,0,290484,0,290485,0,290465,0,,
290555,1341692,290554,33,290557,40,290560,55,290562,40,290563,498960,290563,0,290563,1,289457,94,290564,0,290564,0,289457,0,290565,0,290565,0,290566,41,290574,13,290575,1100000,290576,1100000,290576,1100000,290577,1100000,290578,0,290578,0,290578,0,290579,0,290563,0,,
290656,1342204,290654,33,290658,50,290661,44,290663,22,290664,606430,290664,0,290663,1,289559,94,290664,0,290665,0,289559,0,290665,0,290665,0,290667,38,290674,13,290675,1100000,290675,1100000,290676,1100000,290677,1100000,290677,0,290677,0,290678,0,290678,0,290663,0,,
290759,1342452,290756,44,290761,37,290764,28,290766,60,290767,687829,290767,0,290767,1,289659,94,290768,0,290768,0,289660,0,290768,0,290769,0,290770,44,290782,12,290782,1100000,290783,1100000,290783,1100000,290783,1100000,290784,0,290784,0,290784,0,290785,0,290766,0,,
290859,1341444,290857,28,290862,45,290864,45,290866,50,290867,683760,290867,0,290867,1,289758,94,290868,0,290869,0,289758,0,290869,0,290869,0,290871,44,290879,16,290880,1200000,290880,1200000,290881,1200000,290881,1500000,290882,0,290882,0,290882,0,290882,0,290866,0,,
290961,1341584,290959,40,290964,25,290966,12,290968,45,290969,664110,290969,0,290968,1,289859,94,290969,0,290970,0,289860,0,290971,0,290971,0,290973,33,290984,12,290984,900000,290985,900000,290986,900000,290986,900000,290986,0,290987,0,290987,0,290987,0,290968,0,,
291061,1341816,291059,70,291063,50,291065,40,291066,25,291067,549450,291067,0,291067,1,289964,94,291068,0,291068,0,289964,0,291069,0,291069,0,291070,45,291079,13,291080,1100000,291080,1100000,291081,1300000,291081,1300000,291082,0,291082,0,291082,0,291082,0,291067,0,,
291160,1342560,291159,22,291162,60,291164,14,291165,45,291166,648210,291166,0,291166,1,290065,94,291166,0,291167,0,290066,0,291167,0,291167,0,291169,35,291175,13,291175,1300000,291176,1300000,291176,1300000,291177,1300000,291177,0,291178,0,291178,0,291179,0,291165,0,,
291260,1343056,291259,22,291262,37,291264,30,291266,36,291267,666250,291267,0,291266,1,290165,94,291267,0,291268,0,290165,0,291268,0,291268,0,291269,31,291277,14,291278,1300000,291278,1300000,291279,1300000,291279,1300000,291279,0,291280,0,291280,0,291280,0,291266,0,,
291361,1343428,291360,33,291364,40,291366,44,291368,12,291369,687570,291369,0,291369,1,290262,94,291370,0,291370,0,290262,0,291371,0,291371,0,291373,37,291382,14,291382,1100000,291383,1100000,291384,1100000,291384,1100000,291384,0,291385,0,291385,0,291385,0,291369,0,,
291463,1344204,291461,44,291465,22,291467,60,291469,42,291470,683760,291469,0,291469,1,290365,94,291470,0,291471,0,290365,0,291471,0,291471,0,291473,40,291482,15,291482,1100000,291483,1100000,291483,1100000,291484,1100000,291484,0,291484,0,291485,0,291485,0,291469,0,,
291565,1344576,291563,50,291567,53,291570,40,291573,63,291577,838420,291577,0,291576,1,290467,94,291578,0,291579,0,290467,0,291580,0,291581,0,291583,51,291593,15,291594,1100000,291596,1100000,291597,1100000,291598,1100000,291598,0,291599,0,291599,0,291600,0,291576,0,,
291664,1340948,291663,50,291665,77,291667,77,291669,33,291670,964589,291670,0,291669,1,290564,94,291670,0,291671,0,290564,0,291671,0,291671,0,291673,61,291681,23,291681,1300000,291682,1300000,291682,1300000,291682,1300000,291683,0,291683,0,291683,0,291684,0,291669,0,,
291765,1341320,291763,33,291766,45,291768,50,291770,30,291772,842140,291772,0,291771,1,290664,94,291772,0,291773,0,290665,0,291775,0,291776,0,291778,41,291785,16,291786,1100000,291786,1100000,291787,1100000,291787,1100000,291787,0,291788,0,291788,0,291788,0,291770,0,,
291865,1341584,291864,55,291868,36,291870,25,291872,25,291873,573870,291873,0,291872,1,290768,94,291873,0,291875,0,290768,0,291876,0,291876,0,291878,36,291886,12,291887,1100000,291887,1100000,291887,1100000,291888,1100000,291888,0,291888,0,291889,0,291889,0,291872,0,,
291965,1341972,291964,62,291967,40,291969,25,291971,36,291972,663410,291972,0,291972,1,290868,94,291973,0,291973,0,290868,0,291974,0,291974,0,291977,39,291984,15,291984,1100000,291985,1100000,291985,1100000,291986,1100000,291986,0,291986,0,291987,0,291987,0,291971,0,,
292016,1342096,292015,60,292018,0,292019,20,292022,20,292023,407000,292023,0,292022,1,290970,94,292023,0,292025,0,290970,0,292026,0,292027,0,292029,30,292041,10,292042,900000,292043,900000,292044,900000,292045,900000,292046,0,292047,0,292048,0,292049,0,292022,0,,
292116,1342220,292115,45,292118,33,292120,60,292122,50,292123,558360,292123,0,292123,1,291068,94,292124,0,292126,0,291068,0,292127,0,292129,0,292131,48,292140,17,292141,1100000,292142,1100000,292143,1100000,292144,1100000,292145,0,292146,0,292146,0,292147,0,292122,0,,
292217,1342344,292215,50,292218,50,292220,45,292222,61,292223,838420,292223,0,292223,1,291167,94,292224,0,292225,0,291167,0,292226,0,292226,0,292228,48,292237,16,292238,1100000,292238,1100000,292239,1100000,292240,1100000,292240,0,292241,0,292242,0,292242,0,292223,0,,
292320,1342608,292318,33,292323,20,292325,41,292327,45,292328,565730,292328,0,292327,1,291267,94,292328,0,292329,0,291267,0,292330,0,292331,0,292332,40,292341,13,292342,1100000,292342,1100000,292343,1100000,292344,1100000,292346,0,292346,0,292347,0,292347,0,292327,0,,
292418,1342964,292417,36,292420,40,292422,30,292425,33,292426,565730,292426,0,292425,1,291370,94,292427,0,292428,0,291370,0,292428,0,292428,0,292430,31,292438,13,292439,1100000,292440,1100000,292441,1100000,292441,1100000,292442,0,292443,0,292443,0,292444,0,292425,0,,
292518,1343304,292517,11,292520,33,292523,22,292528,30,292530,390720,292530,0,292529,1,291470,94,292531,0,292532,0,291470,0,292532,0,292532,0,292534,23,292542,5,292542,900000,292543,900000,292543,900000,292544,900000,292544,0,292545,0,292545,0,292546,0,292528,0,,
292618,1343676,292617,11,292620,22,292622,12,292624,44,292626,264330,292625,0,292625,1,291579,94,292626,0,292627,0,291579,0,292627,0,292627,0,292629,21,292635,7,292636,1100000,292636,1100000,292636,1100000,292637,1100000,292637,0,292637,0,292637,0,292638,0,292624,0,,
292719,1344048,292718,12,292721,25,292723,22,292725,44,292727,419210,292727,0,292726,1,291671,94,292728,0,292729,0,291671,0,292729,0,292729,0,292731,27,292737,9,292738,1100000,292738,1100000,292739,1100000,292739,1100000,292739,0,292739,0,292740,0,292740,0,292725,0,,
292819,1344420,292818,50,292821,25,292823,12,292826,50,292828,557589,292828,0,292826,1,291773,94,292829,0,292830,0,291773,0,292830,0,292830,0,292832,36,292838,12,292838,1100000,292839,1100000,292839,1100000,292839,1100000,292840,0,292840,0,292841,0,292841,0,292826,0,,
292920,1344932,292919,22,292922,12,292924,44,292926,40,292928,480260,292928,0,292927,1,291873,94,292929,0,292930,0,291874,0,292931,0,292931,0,292933,33,292938,12,292939,1100000,292939,1100000,292940,1100000,292940,1100000,292940,0,292941,0,292941,0,292942,0,292927,0,,
293022,1345304,293020,25,293025,22,293033,50,293036,36,293038,541310,293037,0,293037,1,291973,94,293039,0,293040,0,291973,0,293041,0,293042,0,293044,40,293055,14,293055,1100000,293056,1100000,293057,1100000,293060,1100000,293061,0,293061,0,293062,0,293063,0,293037,0,,
293122,1341940,293120,66,293124,60,293127,44,293129,100,293131,1098900,293130,0,293129,1,292024,94,293131,0,293132,0,292024,0,293132,0,293132,0,293133,64,293138,29,293139,1400000,293139,1400000,293139,1400000,293140,1400000,293140,0,293140,0,293141,0,293141,0,293129,0,,
293221,1341568,293220,22,293223,36,293225,50,293227,0,293229,650160,293228,0,293228,1,292125,94,293229,0,293230,0,292125,0,293231,0,293231,0,293233,28,293241,12,293242,900000,293242,900000,293243,900000,293244,900000,293245,0,293246,0,293247,0,293248,0,293227,0,,
293321,1341568,293320,25,293323,40,293326,50,293328,30,293330,430650,293329,0,293329,1,292224,94,293330,0,293331,0,292224,0,293331,0,293332,0,293333,35,293339,12,293340,1100000,293340,1100000,293340,1100000,293341,1100000,293341,0,293341,0,293342,0,293342,0,293328,0,,
293422,1341940,293421,33,293424,40,293426,54,293428,33,293430,651200,293430,0,293429,1,292329,94,293431,0,293432,0,292329,0,293432,0,293433,0,293434,39,293440,15,293441,1100000,293441,1100000,293441,1100000,293442,1100000,293442,0,293443,0,293443,0,293444,0,293429,0,,
293523,1342064,293522,25,293527,22,293529,55,293532,25,293533,516890,293533,0,293532,1,292427,94,293534,0,293534,0,292427,0,293535,0,293535,0,293537,34,293542,10,293543,1100000,293544,1100000,293544,1100000,293545,1100000,293546,0,293546,0,293547,0,293548,0,293532,0,,
293623,1342188,293622,37,293625,33,293627,54,293630,22,293631,594219,293631,0,293631,1,292531,94,293632,0,293633,0,292532,0,293634,0,293634,0,293636,39,293644,14,293645,1100000,293646,1100000,293647,1100000,293647,1100000,293648,0,293648,0,293649,0,293649,0,293630,0,,
293733,1342420,293724,25,293738,41,293742,50,293751,36,293753,618640,293753,0,293752,1,292626,94,293754,0,293756,0,292626,0,293757,0,293758,0,293761,39,293773,13,293774,1100000,293775,1100000,293775,1100000,293776,1100000,293777,0,293777,0,293778,0,293779,0,293752,0,,
293823,1343056,293822,50,293825,62,293830,44,293832,50,293833,838420,293833,0,293833,1,292728,94,293834,0,293834,0,292728,0,293835,0,293835,0,293837,48,293844,13,293844,1100000,293845,1100000,293846,1100000,293847,1100000,293847,0,293848,0,293848,0,293849,0,293833,0,,
293924,1343428,293923,14,293926,50,293928,50,293931,25,293932,565730,293932,0,293931,1,292829,94,293932,0,293933,0,292829,0,293933,0,293934,0,293935,38,293941,14,293942,1100000,293942,1100000,293943,1100000,293943,1100000,293944,0,293944,0,293945,0,293946,0,293931,0,,
294024,1343816,294023,44,294027,36,294030,45,294032,58,294033,744810,294033,0,294033,1,292929,94,294034,0,294036,0,292930,0,294036,0,294036,0,294038,45,294045,15,294046,1100000,294047,1100000,294047,1100000,294047,1100000,294048,0,294049,0,294049,0,294050,0,294032,0,,
294125,1344420,294124,40,294127,54,294129,50,294131,50,294133,789580,294133,0,294132,1,293039,94,294133,0,294134,0,293039,0,294134,0,294135,0,294136,48,294142,17,294143,1100000,294143,1100000,294144,1100000,294144,1100000,294145,0,294146,0,294146,0,294147,0,294132,0,,
294231,1344420,294226,33,294235,54,294238,50,294240,33,294242,691900,294242,0,294241,1,293131,94,294242,0,294243,0,293131,0,294244,0,294245,0,294247,44,294262,14,294263,900000,294265,900000,294266,900000,294267,900000,294268,0,294269,0,294271,0,294271,0,294241,0,,
294326,1344916,294325,70,294328,37,294331,44,294333,55,294334,611819,294334,0,294333,1,293229,94,294335,0,294335,0,293229,0,294336,0,294336,0,294337,52,294343,18,294344,1100000,294345,1100000,294346,1100000,294347,1100000,294347,0,294348,0,294349,0,294349,0,294333,0,,
294426,1345536,294425,45,294429,50,294432,45,294434,45,294435,752949,294435,0,294434,1,293330,94,294436,0,294436,0,293330,0,294437,0,294437,0,294438,47,294446,17,294446,1100000,294447,1100000,294448,1100000,294448,1100000,294449,0,294450,0,294451,0,294452,0,294434,0,,
294527,1345924,294526,50,294533,45,294535,54,294537,54,294538,826209,294538,0,294538,1,293431,94,294539,0,294539,0,293431,0,294540,0,294540,0,294541,50,294558,17,294558,1100000,294559,1100000,294562,1100000,294563,1100000,294564,0,294564,0,294568,0,294569,0,294537,0,,
294630,1341956,294626,50,294633,54,294635,50,294637,55,294639,850630,294639,0,294638,1,293534,94,294639,0,294640,0,293534,0,294640,0,294640,0,294642,52,294652,20,294653,1100000,294654,1100000,294654,1100000,294655,1100000,294656,0,294656,0,294656,0,294657,0,294638,0,,
294731,1341956,294729,55,294736,40,294740,40,294744,40,294747,712250,294746,0,294745,1,293632,94,294748,0,294749,0,293633,0,294751,0,294752,0,294755,47,294762,14,294763,1100000,294764,1100000,294765,1100000,294766,1100000,294766,0,294767,0,294767,0,294767,0,294745,0,,
294829,1342436,294828,54,294832,55,294834,28,294836,44,294837,736670,294837,0,294836,1,293755,94,294837,0,294838,0,293755,0,294838,0,294839,0,294840,38,294849,15,294850,1100000,294850,1100000,294850,1100000,294851,1100000,294851,0,294852,0,294852,0,294853,0,294836,0,,
294929,1342684,294928,45,294932,44,294934,40,294936,25,294937,626780,294937,0,294936,1,293834,94,294937,0,294938,0,293834,0,294938,0,294938,0,294940,38,294946,13,294947,1100000,294947,1100000,294948,1100000,294948,1100000,294949,0,294949,0,294949,0,294950,0,294936,0,,
295030,1342808,295029,36,295032,36,295034,44,295036,12,295037,520960,295037,0,295037,1,293933,94,295038,0,295039,0,293933,0,295039,0,295039,0,295041,31,295048,10,295048,1100000,295049,1100000,295049,1100000,295050,1100000,295050,0,295050,0,295051,0,295051,0,295037,0,,
295131,1343056,295130,36,295134,30,295136,40,295138,30,295139,553520,295139,0,295138,1,294034,94,295139,0,295140,0,294035,0,295141,0,295141,0,295142,39,295151,13,295152,1100000,295152,1100000,295153,1100000,295153,1100000,295153,0,295154,0,295154,0,295154,0,295138,0,,
295233,1343304,295232,25,295236,25,295239,50,295241,44,295243,586080,295242,0,295242,1,294134,94,295243,0,295244,0,294134,0,295244,0,295245,0,295248,36,295258,11,295259,1100000,295259,1100000,295260,1100000,295260,1100000,295260,0,295261,0,295263,0,295264,0,295242,0,,
295334,1343800,295333,33,295336,40,295338,50,295340,33,295342,634920,295342,0,295340,1,294242,94,295343,0,295343,0,294243,0,295344,0,295344,0,295346,37,295354,13,295355,1100000,295355,1100000,295355,1100000,295356,1100000,295356,0,295356,0,295357,0,295357,0,295340,0,,
295434,1343940,295433,55,295436,37,295438,0,295440,40,295441,537240,295441,0,295440,1,294335,94,295441,0,295442,0,294335,0,295442,0,295442,0,295444,36,295453,12,295454,900000,295455,900000,295455,900000,295455,900000,295456,0,295456,0,295457,0,295457,0,295440,0,,
295535,1344452,295534,36,295538,44,295539,25,295542,33,295543,409860,295543,0,295542,1,294436,94,295543,0,295544,0,294436,0,295544,0,295544,0,295546,35,295554,12,295554,1100000,295555,1100000,295555,1100000,295556,1100000,295556,0,295556,0,295557,0,295557,0,295542,0,,
295639,1344700,295637,37,295641,22,295643,12,295645,50,295647,492469,295647,0,295646,1,294539,94,295648,0,295649,0,294539,0,295650,0,295650,0,295652,34,295659,12,295660,1100000,295660,1100000,295661,1100000,295661,1100000,295661,0,295662,0,295662,0,295663,0,295646,0,,
295740,1345164,295739,40,295743,40,295746,50,295749,40,295752,691900,295752,0,295751,1,294639,94,295753,0,295755,0,294639,0,295756,0,295756,0,295758,42,295771,15,295772,900000,295773,900000,295774,900000,295775,900000,295775,0,295776,0,295776,0,295777,0,295750,0,,
295840,1345536,295839,63,295842,40,295844,50,295846,28,295848,537570,295848,0,295847,1,294748,94,295849,0,295850,0,294748,0,295851,0,295851,0,295852,44,295859,14,295859,1100000,295860,1100000,295860,1100000,295860,1100000,295861,0,295861,0,295861,0,295862,0,295846,0,,
295940,1346048,295939,25,295942,40,295944,55,295946,33,295948,622710,295948,0,295947,1,294837,94,295949,0,295950,0,294838,0,295951,0,295951,0,295953,40,295960,15,295960,1100000,295961,1100000,295961,1100000,295962,1100000,295962,0,295963,0,295964,0,295964,0,295947,0,,
296044,1343940,296043,25,296047,37,296049,60,296051,90,296053,862839,296053,0,296052,1,294937,94,296053,0,296054,0,294937,0,296054,0,296054,0,296055,56,296060,21,296061,1500000,296061,1500000,296062,1500000,296063,1500000,296063,0,296064,0,296065,0,296065,0,296052,0,,
296141,1341832,296140,44,296143,44,296145,33,296148,16,296150,924750,296150,0,296149,1,295038,94,296150,0,296151,0,295038,0,296151,0,296152,0,296153,32,296160,14,296160,1100000,296161,1100000,296161,1100000,296161,1100000,296162,0,296162,0,296163,0,296163,0,296149,0,,
296244,1342188,296242,14,296252,27,296255,53,296257,11,296259,427350,296258,0,296258,1,295139,94,296259,0,296260,0,295140,0,296261,0,296261,0,296264,33,296275,10,296276,900000,296277,900000,296278,900000,296278,900000,296280,0,296282,0,296283,0,296284,0,296258,0,,
296342,1342436,296341,50,296344,50,296347,55,296350,50,296351,608850,296351,0,296351,1,295243,94,296352,0,296352,0,295243,0,296353,0,296353,0,296354,48,296361,16,296362,1100000,296362,1100000,296362,1100000,296363,1100000,296364,0,296364,0,296365,0,296366,0,296350,0,,
296443,1342684,296442,40,296445,40,296447,50,296449,50,296451,732600,296451,0,296450,1,295343,94,296451,0,296452,0,295343,0,296453,0,296453,0,296455,46,296463,16,296464,1100000,296464,1100000,296465,1100000,296466,1100000,296467,0,296467,0,296468,0,296468,0,296449,0,,
296546,1343336,296544,44,296549,41,296553,45,296556,50,296558,732600,296558,0,296557,1,295442,94,296558,0,296559,0,295442,0,296559,0,296559,0,296562,46,296574,13,296575,900000,296576,900000,296577,900000,296578,900000,296578,0,296579,0,296579,0,296582,0,296557,0,,
296644,1342344,296643,50,296646,60,296648,28,296651,50,296652,558360,296652,0,296651,1,295543,94,296653,0,296653,0,295543,0,296653,0,296654,0,296655,47,296662,15,296662,1100000,296663,1100000,296664,1100000,296665,1100000,296665,0,296666,0,296666,0,296667,0,296651,0,,
296745,1342716,296744,50,296746,50,296749,22,296751,40,296752,659340,296752,0,296752,1,295648,94,296753,0,296753,0,295648,0,296754,0,296754,0,296755,38,296761,13,296762,1100000,296762,1100000,296763,1100000,296763,1100000,296764,0,296764,0,296765,0,296765,0,296752,0,,
296846,1343196,296845,20,296848,54,296852,41,296854,30,296856,590150,296856,0,296855,1,295754,94,296856,0,296858,0,295754,0,296859,0,296859,0,296861,40,296869,13,296870,1100000,296870,1100000,296871,1100000,296871,1100000,296872,0,296872,0,296872,0,296872,0,296855,0,,
296946,1343816,296945,44,296948,60,296950,33,296952,30,296954,679689,296953,0,296953,1,295849,94,296954,0,296955,0,295849,0,296956,0,296956,0,296957,42,296965,16,296965,1300000,296966,1300000,296966,1300000,296967,1300000,296967,0,296967,0,296968,0,296968,0,296953,0,,
297046,1344064,297045,45,297049,44,297052,40,297054,45,297056,927420,297056,0,297055,1,295949,94,297056,0,297057,0,295949,0,297057,0,297057,0,297059,40,297069,16,297070,900000,297071,900000,297071,900000,297072,900000,297073,0,297073,0,297074,0,297074,0,297055,0,,
297150,1344544,297146,33,297152,54,297154,54,297156,33,297157,516780,297157,0,297157,1,296053,94,297158,0,297158,0,296053,0,297159,0,297159,0,297160,43,297169,14,297169,1100000,297170,1100000,297171,1100000,297171,1100000,297172,0,297173,0,297173,0,297173,0,297157,0,,
297250,1345288,297246,40,297253,33,297255,37,297257,50,297258,651200,297258,0,297257,1,296150,94,297258,0,297259,0,296151,0,297259,0,297259,0,297261,42,297269,15,297270,1100000,297271,1100000,297271,1100000,297272,1100000,297272,0,297272,0,297273,0,297273,0,297257,0,,
297349,1345644,297347,44,297353,30,297356,44,297359,40,297360,643060,297360,0,297359,1,296259,94,297360,0,297361,0,296260,0,297362,0,297362,0,297364,42,297376,12,297376,1100000,297376,1100000,297377,1100000,297377,1100000,297378,0,297378,0,297378,0,297378,0,297359,0,,
297449,1345784,297447,44,297451,44,297453,45,297456,54,297457,761090,297457,0,297456,1,296352,94,297457,0,297458,0,296352,0,297458,0,297458,0,297460,46,297469,18,297470,1100000,297470,1100000,297471,1100000,297472,1100000,297472,0,297473,0,297473,0,297474,0,297456,0,,
297549,1342064,297548,81,297551,63,297553,55,297554,44,297556,989010,297555,0,297555,1,296452,94,297556,0,297556,0,296452,0,297557,0,297557,0,297558,61,297563,24,297564,1200000,297564,1200000,297565,1200000,297566,1200000,297567,0,297568,0,297568,0,297569,0,297555,0,,
297651,1342328,297649,36,297655,22,297657,44,297659,12,297661,533520,297660,0,297660,1,296558,94,297661,0,297662,0,296559,0,297662,0,297662,0,297664,31,297672,13,297673,1100000,297673,1100000,297674,1100000,297674,1100000,297674,0,297675,0,297675,0,297676,0,297660,0,,
297750,1342824,297749,33,297753,12,297755,55,297757,37,297758,557590,297758,0,297758,1,296653,94,297759,0,297760,0,296653,0,297761,0,297761,0,297762,34,297770,11,297771,1100000,297772,1100000,297772,1100000,297772,1100000,297773,0,297773,0,297773,0,297774,0,297758,0,,
297851,1343056,297849,25,297853,25,297855,50,297857,22,297858,496540,297858,0,297858,1,296753,94,297858,0,297859,0,296753,0,297859,0,297859,0,297861,29,297869,12,297870,1100000,297870,1100000,297871,1100000,297871,1100000,297872,0,297872,0,297872,0,297873,0,297857,0,,
297952,1343180,297950,33,297955,22,297957,44,297959,36,297960,549450,297960,0,297959,1,296857,94,297961,0,297961,0,296857,0,297962,0,297962,0,297963,37,297972,13,297973,1100000,297974,1100000,297974,1100000,297975,1100000,297976,0,297976,0,297976,0,297977,0,297959,0,,
298052,1343692,298051,37,298055,25,298057,37,298058,25,298059,504680,298059,0,298059,1,296954,94,298060,0,298060,0,296955,0,298061,0,298061,0,298063,30,298071,11,298072,1100000,298072,1100000,298073,1100000,298073,1100000,298073,0,298074,0,298074,0,298074,0,298059,0,,
298153,1343940,298152,40,298155,37,298157,12,298159,14,298160,419210,298160,0,298160,1,297056,94,298161,0,298161,0,297057,0,298162,0,298162,0,298163,25,298172,8,298173,1100000,298173,1100000,298173,1100000,298174,1100000,298174,0,298175,0,298175,0,298175,0,298159,0,,
298254,1344064,298253,33,298256,44,298258,33,298260,54,298261,667480,298261,0,298260,1,297158,94,298261,0,298262,0,297158,0,298262,0,298262,0,298264,40,298273,15,298274,1100000,298274,1100000,298275,1100000,298275,1100000,298276,0,298276,0,298276,0,298277,0,298260,0,,
298356,1344436,298354,28,298359,33,298361,22,298364,11,298366,382580,298365,0,298364,1,297259,94,298367,0,298370,0,297259,0,298371,0,298372,0,298374,33,298384,11,298386,900000,298387,900000,298388,900000,298388,900000,298389,0,298389,0,298389,0,298390,0,298364,0,,
298455,1344560,298454,60,298457,33,298459,37,298461,44,298462,516780,298462,0,298461,1,297361,94,298462,0,298463,0,297361,0,298463,0,298463,0,298465,35,298473,12,298474,1100000,298474,1100000,298474,1100000,298475,1100000,298475,0,298476,0,298476,0,298476,0,298461,0,,
298555,1345056,298554,33,298557,40,298559,44,298561,33,298562,610500,298562,0,298561,1,297457,94,298562,0,298563,0,297457,0,298563,0,298563,0,298565,37,298570,14,298571,1100000,298571,1100000,298572,1100000,298572,1100000,298572,0,298573,0,298573,0,298573,0,298561,0,,
298656,1345304,298655,27,298659,0,298661,0,298664,50,298665,313390,298665,0,298664,1,297556,94,298666,0,298666,0,297556,0,298667,0,298667,0,298669,21,298676,6,298676,900000,298677,900000,298678,1100000,298679,1100000,298679,0,298680,0,298680,0,298681,0,298664,0,,
298756,1345568,298755,12,298758,30,298760,22,298762,33,298763,348590,298763,0,298762,1,297661,94,298763,0,298764,0,297661,0,298764,0,298764,0,298766,30,298772,10,298772,1100000,298773,1100000,298773,1100000,298774,1100000,298774,0,298774,0,298775,0,298775,0,298762,0,,
298857,1345924,298855,40,298858,36,298860,30,298862,44,298864,610500,298863,0,298863,1,297759,94,298864,0,298864,0,297759,0,298865,0,298865,0,298867,32,298876,12,298878,900000,298879,900000,298879,900000,298879,900000,298880,0,298881,0,298881,0,298881,0,298863,0,,
298957,1346652,298956,55,298959,62,298961,33,298963,66,298964,641520,298964,0,298964,1,297859,94,298965,0,298965,0,297859,0,298965,0,298966,0,298967,57,298977,18,298978,1200000,298978,1200000,298978,1200000,298979,1200000,298979,0,298979,0,298980,0,298980,0,298963,0,,
299057,1342064,299056,22,299058,50,299060,42,299061,33,299062,687960,299062,0,299062,1,297961,94,299063,0,299064,0,297961,0,299064,0,299065,0,299067,38,299076,17,299076,1100000,299077,1100000,299077,1100000,299078,1100000,299078,0,299079,0,299079,0,299080,0,299061,0,,
299158,1342436,299157,55,299159,50,299161,30,299163,40,299164,712250,299164,0,299163,1,298060,94,299164,0,299165,0,298060,0,299165,0,299166,0,299169,42,299175,16,299176,1100000,299176,1100000,299177,1100000,299177,1100000,299177,0,299178,0,299178,0,299178,0,299163,0,,
299259,1342684,299258,45,299261,50,299264,40,299266,40,299268,712250,299268,0,299267,1,298161,94,299269,0,299271,0,298161,0,299272,0,299273,0,299275,48,299282,15,299283,900000,299283,900000,299284,900000,299285,900000,299286,0,299287,0,299288,0,299289,0,299266,0,,
299359,1342948,299358,50,299361,54,299363,33,299364,33,299365,504900,299365,0,299365,1,298262,94,299366,0,299370,0,298262,0,299370,0,299371,0,299372,42,299378,13,299379,1100000,299379,1100000,299379,1100000,299380,1100000,299380,0,299380,0,299381,0,299381,0,299365,0,,
299459,1343336,299458,40,299461,60,299463,33,299464,30,299466,663410,299465,0,299465,1,298368,94,299466,0,299470,0,298369,0,299470,0,299471,0,299472,38,299478,14,299478,1100000,299479,1100000,299479,1100000,299479,1100000,299480,0,299480,0,299481,0,299481,0,299465,0,,
299561,1343584,299559,44,299563,63,299565,41,299568,40,299570,765160,299569,0,299568,1,298463,94,299571,0,299572,0,298463,0,299574,0,299574,0,299576,50,299583,15,299584,900000,299585,900000,299586,900000,299587,900000,299588,0,299589,0,299590,0,299591,0,299568,0,,
299661,1344064,299659,45,299663,44,299665,25,299667,37,299668,448470,299668,0,299667,1,298562,94,299668,0,299669,0,298562,0,299669,0,299669,0,299671,32,299677,10,299677,1100000,299678,1100000,299678,1100000,299678,1100000,299679,0,299679,0,299679,0,299680,0,299667,0,,
299762,1344420,299760,40,299764,30,299766,20,299768,41,299770,533170,299769,0,299769,1,298666,94,299770,0,299771,0,298666,0,299772,0,299772,0,299774,38,299780,13,299781,1100000,299781,1100000,299781,1100000,299782,1100000,299782,0,299782,0,299783,0,299783,0,299769,0,,
299862,1344684,299861,60,299865,22,299867,36,299871,12,299874,529100,299873,0,299872,1,298764,94,299875,0,299876,0,298764,0,299877,0,299877,0,299879,35,299889,12,299890,900000,299890,900000,299891,900000,299893,900000,299893,0,299894,0,299894,0,299894,0,299872,0,,
299962,1345056,299961,66,299964,45,299966,14,299968,54,299970,531630,299970,0,299969,1,298864,94,299971,0,299972,0,298864,0,299973,0,299973,0,299975,50,299980,16,299981,1100000,299981,1100000,299982,1100000,299982,1100000,299983,0,299983,0,299983,0,299984,0,299969,0,,
300063,1345056,300062,66,300064,54,300066,33,300068,40,300070,785510,300070,0,300069,1,298965,94,300071,0,300072,0,298965,0,300073,0,300073,0,300075,46,300081,16,300081,1100000,300082,1100000,300082,1100000,300083,1100000,300083,0,300083,0,300083,0,300084,0,300069,0,,
300164,1345320,300162,54,300166,40,300168,22,300171,12,300173,520960,300173,0,300172,1,299063,94,300174,0,300175,0,299063,0,300176,0,300176,0,300178,36,300185,11,300186,900000,300187,900000,300188,900000,300189,900000,300190,0,300191,0,300191,0,300191,0,300172,0,,
300263,1345568,300262,40,300265,66,300267,28,300273,50,300274,546480,300273,0,300273,1,299165,94,300274,0,300275,0,299165,0,300275,0,300275,0,300277,44,300283,14,300283,1100000,300284,1100000,300284,1100000,300284,1100000,300285,0,300286,0,300287,0,300288,0,300273,0,,
300364,1345568,300363,40,300366,50,300368,50,300370,25,300372,671550,300371,0,300371,1,299270,94,300372,0,300373,0,299270,0,300373,0,300373,0,300375,43,300380,16,300381,1200000,300381,1200000,300381,1400000,300382,1400000,300382,0,300382,0,300382,0,300383,0,300370,0,,
300464,1342700,300463,40,300466,36,300468,40,300470,63,300472,975740,300471,0,300471,1,299366,94,300473,0,300474,0,299366,0,300474,0,300474,0,300476,45,300484,18,300485,900000,300486,900000,300487,900000,300488,900000,300489,0,300490,0,300491,0,300492,0,300470,0,,
300565,1342824,300564,44,300567,45,300569,55,300572,50,300574,576180,300574,0,300573,1,299466,94,300574,0,300575,0,299466,0,300576,0,300576,0,300577,47,300584,14,300584,1100000,300585,1100000,300586,1100000,300586,1100000,300587,0,300588,0,300588,0,300589,0,300573,0,,
300666,1342948,300664,22,300667,33,300669,33,300672,30,300673,480260,300673,0,300672,1,299571,94,300674,0,300674,0,299571,0,300675,0,300675,0,300677,27,300683,10,300684,1100000,300684,1100000,300685,1100000,300686,1100000,300686,0,300687,0,300687,0,300688,0,300672,0,,
300766,1343056,300765,11,300769,0,300771,20,300773,14,300775,183150,300775,0,300774,1,299668,94,300775,0,300776,0,299668,0,300776,0,300777,0,300778,11,300786,4,300786,900000,300787,900000,300787,900000,300788,900000,300788,0,300788,0,300789,0,300789,0,300774,0,,
300867,1343056,300866,11,300869,33,300871,0,300873,22,300874,196020,300874,0,300873,1,299770,94,300875,0,300875,0,299771,0,300876,0,300876,0,300877,17,300883,5,300884,1100000,300884,1100000,300884,1100000,300885,1100000,300885,0,300885,0,300886,0,300886,0,300873,0,,
300967,1343304,300966,30,300969,33,300970,0,300972,30,300973,378510,300973,0,300973,1,299875,94,300974,0,300974,0,299875,0,300975,0,300975,0,300976,25,300982,8,300982,1100000,300983,1100000,300983,1100000,300984,1100000,300984,0,300984,0,300985,0,300985,0,300973,0,,
301068,1343692,301067,45,301071,40,301074,30,301076,20,301078,549450,301078,0,301077,1,299972,94,301078,0,301079,0,299972,0,301079,0,301080,0,301082,35,301089,9,301089,900000,301090,900000,301091,900000,301091,900000,301092,0,301092,0,301092,0,301093,0,301077,0,,
301168,1343816,301167,40,301171,22,301173,44,301175,22,301176,380160,301176,0,301176,1,300071,94,301177,0,301177,0,300071,0,301177,0,301178,0,301179,31,301185,11,301186,1100000,301186,1100000,301187,1100000,301188,1100000,301188,0,301189,0,301189,0,301190,0,301175,0,,
301268,1344064,301267,40,301271,30,301273,36,301276,50,301277,634920,301277,0,301276,1,300175,94,301277,0,301278,0,300175,0,301278,0,301278,0,301280,39,301286,15,301287,1100000,301287,1100000,301288,1100000,301289,1100000,301289,0,301290,0,301291,0,301291,0,301276,0,,
301369,1344312,301368,44,301373,33,301375,44,301377,50,301378,695970,301378,0,301378,1,300274,94,301378,0,301379,0,300274,0,301379,0,301380,0,301381,42,301388,13,301389,1100000,301390,1100000,301390,1100000,301391,1100000,301392,0,301392,0,301393,0,301393,0,301377,0,,
301470,1344932,301468,44,301472,25,301474,45,301477,45,301478,647130,301478,0,301477,1,300372,94,301478,0,301479,0,300372,0,301479,0,301479,0,301481,41,301487,14,301488,1100000,301489,1100000,301490,1100000,301491,1100000,301491,0,301492,0,301492,0,301492,0,301477,0,,
301573,1345056,301571,25,301575,33,301578,50,301580,40,301582,602360,301582,0,301581,1,300473,94,301582,0,301583,0,300473,0,301583,0,301583,0,301585,37,301595,12,301596,900000,301597,900000,301597,900000,301597,900000,301598,0,301598,0,301599,0,301599,0,301581,0,,
301671,1345428,301670,37,301674,55,301676,44,301678,25,301679,478170,301679,0,301679,1,300575,94,301680,0,301681,0,300575,0,301681,0,301682,0,301683,44,301692,15,301693,1100000,301693,1100000,301694,1100000,301694,1100000,301695,0,301696,0,301696,0,301696,0,301678,0,,
301772,1345660,301771,45,301774,22,301776,50,301778,50,301780,679690,301779,0,301779,1,300674,94,301780,0,301781,0,300674,0,301781,0,301781,0,301783,40,301791,14,301792,1100000,301793,1100000,301793,1100000,301793,1100000,301794,0,301794,0,301795,0,301795,0,301779,0,,
301877,1343660,301875,90,301881,36,301883,58,301884,40,301885,911679,301885,0,301884,1,300775,94,301885,0,301886,0,300776,0,301886,0,301886,0,301889,56,301894,24,301895,1300000,301895,1300000,301896,1300000,301896,1300000,301896,0,301897,0,301897,0,301897,0,301884,0,,
301973,1342188,301971,50,301975,44,301977,44,301979,40,301981,948740,301980,0,301980,1,300875,94,301981,0,301982,0,300875,0,301982,0,301982,0,301984,43,301991,17,301992,1100000,301992,1100000,301992,1100000,301993,1100000,301993,0,301994,0,301994,0,301994,0,301980,0,,
302074,1342544,302072,0,302076,20,302079,45,302081,20,302083,345950,302082,0,302082,1,300974,94,302083,0,302084,0,300974,0,302084,0,302084,0,302086,26,302093,8,302094,900000,302095,900000,302095,900000,302096,900000,302096,0,302097,0,302097,0,302097,0,302081,0,,
302174,1342668,302173,27,302175,22,302177,40,302179,20,302180,323730,302180,0,302180,1,301078,94,302181,0,302182,0,301079,0,302182,0,302183,0,302184,26,302190,8,302191,1100000,302191,1100000,302192,1100000,302192,1100000,302192,0,302193,0,302193,0,302193,0,302179,0,,
302274,1343180,302273,11,302276,40,302278,36,302279,12,302280,402930,302280,0,302280,1,301177,94,302281,0,302282,0,301177,0,302282,0,302282,0,302284,25,302289,9,302290,1100000,302290,1100000,302291,1100000,302291,1100000,302292,0,302292,0,302292,0,302292,0,302280,0,,
302375,1343428,302374,27,302377,50,302380,0,302382,10,302384,354090,302383,0,302383,1,301277,94,302384,0,302385,0,301277,0,302385,0,302385,0,302387,21,302394,6,302395,900000,302396,900000,302396,900000,302397,900000,302397,0,302397,0,302398,0,302398,0,302383,0,,
302475,1343800,302474,11,302477,33,302478,36,302480,30,302481,326700,302481,0,302481,1,301379,94,302482,0,302482,0,301379,0,302483,0,302483,0,302485,28,302492,10,302493,1100000,302494,1100000,302495,1100000,302495,1100000,302496,0,302496,0,302497,0,302497,0,302480,0,,
302576,1342328,302574,22,302578,36,302580,12,302582,30,302583,407000,302583,0,302582,1,301478,94,302583,0,302584,0,301478,0,302584,0,302584,0,302586,25,302593,9,302593,900000,302594,900000,302594,900000,302595,900000,302596,0,302596,0,302596,0,302597,0,302582,0,,
302676,1342684,302675,30,302678,22,302680,40,302682,12,302684,308880,302683,0,302683,1,301582,94,302684,0,302685,0,301583,0,302685,0,302685,0,302687,28,302694,7,302694,1100000,302694,1100000,302695,1100000,302695,1100000,302696,0,302696,0,302696,0,302696,0,302683,0,,
302777,1343320,302775,30,302778,33,302781,22,302783,30,302784,468049,302784,0,302783,1,301680,94,302784,0,302785,0,301680,0,302785,0,302785,0,302787,27,302793,10,302793,1100000,302794,1100000,302794,1100000,302795,1100000,302795,0,302795,0,302796,0,302796,0,302783,0,,
302878,1343536,302877,30,302881,11,302883,22,302885,27,302887,366300,302886,0,302886,1,301780,94,302887,0,302888,0,301780,0,302888,0,302888,0,302890,23,302898,8,302898,900000,302899,900000,302899,900000,302900,900000,302900,0,302901,0,302901,0,302901,0,302886,0,,
302978,1343908,302976,27,302980,50,302982,27,302984,30,302985,397980,302985,0,302984,1,301885,94,302985,0,302986,0,301886,0,302986,0,302986,0,302988,34,302994,11,302995,1100000,302996,1100000,302996,1100000,302997,1100000,302997,0,302997,0,302998,0,302998,0,302984,0,,
303078,1344404,303077,0,303080,44,303082,0,303084,0,303085,179080,303084,0,303084,1,301981,94,303085,0,303086,0,301981,0,303086,0,303086,0,303088,12,303093,4,303094,1100000,303094,1100000,303095,1100000,303095,1100000,303096,0,303096,0,303096,0,303096,0,303084,0,,
303183,1345024,303182,45,303185,36,303187,27,303189,36,303190,586079,303190,0,303189,1,302083,94,303191,0,303192,0,302083,0,303192,0,303192,0,303194,37,303200,10,303201,1100000,303201,1100000,303202,1100000,303202,1100000,303202,0,303203,0,303203,0,303203,0,303189,0,,
303281,1345644,303279,22,303283,11,303286,30,303289,33,303291,390719,303291,0,303290,1,302181,94,303291,0,303292,0,302181,0,303293,0,303293,0,303295,28,303304,10,303305,1100000,303306,1100000,303307,1100000,303308,1100000,303309,0,303309,0,303310,0,303312,0,303290,0,,
303381,1342932,303380,55,303383,42,303386,37,303388,55,303389,769230,303389,0,303388,1,302281,94,303390,0,303392,0,302281,0,303393,0,303393,0,303395,45,303403,17,303404,900000,303404,900000,303404,900000,303405,900000,303406,0,303407,0,303408,0,303409,0,303388,0,,
303482,1342932,303480,50,303483,40,303485,33,303487,54,303489,525690,303488,0,303488,1,302384,94,303489,0,303490,0,302384,0,303491,0,303492,0,303494,47,303501,14,303501,1100000,303502,1100000,303502,1100000,303502,1100000,303503,0,303503,0,303503,0,303504,0,303488,0,,
303582,1343056,303581,25,303584,45,303586,50,303588,44,303590,667480,303589,0,303588,1,302482,94,303591,0,303592,0,302482,0,303593,0,303593,0,303595,40,303601,14,303601,1100000,303602,1100000,303602,1100000,303602,1100000,303603,0,303603,0,303603,0,303604,0,303588,0,,
303683,1343056,303682,25,303686,22,303688,36,303691,54,303693,557590,303693,0,303692,1,302583,94,303694,0,303696,0,302583,0,303696,0,303696,0,303698,37,303707,12,303708,900000,303709,900000,303710,900000,303711,900000,303712,0,303713,0,303713,0,303713,0,303692,0,,
303783,1343320,303782,50,303785,50,303787,33,303789,44,303791,525690,303790,0,303790,1,302684,94,303792,0,303794,0,302684,0,303795,0,303795,0,303797,43,303803,15,303803,1100000,303804,1100000,303804,1100000,303804,1100000,303805,0,303805,0,303806,0,303806,0,303789,0,,
303883,1343552,303882,55,303885,45,303887,27,303889,36,303890,663410,303890,0,303889,1,302784,94,303890,0,303891,0,302784,0,303891,0,303891,0,303893,38,303899,15,303899,1100000,303900,1100000,303900,1100000,303901,1100000,303901,0,303901,0,303902,0,303902,0,303889,0,,
303984,1343552,303983,33,303987,20,303989,33,303992,11,303994,394789,303993,0,303992,1,302887,94,303994,0,303995,0,302887,0,303996,0,303996,0,303998,23,304005,7,304006,900000,304007,900000,304007,900000,304008,900000,304008,0,304009,0,304009,0,304010,0,303992,0,,
304084,1343800,304083,50,304086,12,304088,11,304090,36,304092,323730,304091,0,304091,1,302985,94,304092,0,304093,0,302986,0,304093,0,304093,0,304095,29,304101,10,304102,1100000,304102,1100000,304102,1100000,304103,1100000,304103,0,304104,0,304104,0,304105,0,304091,0,,
304185,1344172,304184,50,304186,30,304188,33,304191,22,304192,549450,304192,0,304191,1,303085,94,304193,0,304194,0,303085,0,304195,0,304195,0,304197,37,304205,14,304206,900000,304207,900000,304208,900000,304209,900000,304210,0,304212,0,304213,0,304214,0,304191,0,,
304286,1344560,304285,60,304288,22,304291,40,304295,54,304297,522720,304296,0,304296,1,303191,94,304297,0,304298,0,303191,0,304299,0,304299,0,304301,45,304312,13,304313,1100000,304314,1100000,304314,1100000,304315,1100000,304315,0,304315,0,304316,0,304316,0,304296,0,,
304385,1344684,304384,60,304387,25,304389,40,304392,40,304394,671550,304394,0,304393,1,303292,94,304395,0,304395,0,303292,0,304396,0,304396,0,304398,44,304406,15,304407,1100000,304408,1100000,304409,1100000,304410,1100000,304411,0,304412,0,304412,0,304413,0,304392,0,,
304486,1345196,304485,55,304488,45,304490,45,304492,54,304494,809930,304494,0,304493,1,303391,94,304495,0,304496,0,303391,0,304497,0,304497,0,304499,47,304507,18,304508,800000,304509,800000,304510,800000,304512,900000,304513,0,304514,0,304514,0,304515,0,304493,0,,
304587,1345520,304586,63,304589,53,304591,50,304594,40,304596,530480,304596,0,304595,1,303489,94,304596,0,304597,0,303490,0,304598,0,304598,0,304599,52,304605,16,304606,1100000,304606,1100000,304607,1100000,304608,1100000,304608,0,304609,0,304610,0,304611,0,304595,0,,
304687,1345892,304686,44,304689,54,304692,60,304694,33,304696,777369,304696,0,304695,1,303591,94,304697,0,304697,0,303591,0,304698,0,304698,0,304699,47,304705,16,304706,1100000,304706,1100000,304707,1100000,304708,1100000,304709,0,304709,0,304710,0,304710,0,304695,0,,
304788,1346512,304787,90,304792,50,304797,60,304799,40,304800,976800,304800,0,304800,1,303694,94,304801,0,304801,0,303694,0,304802,0,304802,0,304803,60,304811,25,304811,1500000,304812,1500000,304812,1500000,304812,1500000,304813,0,304813,0,304813,0,304813,0,304800,0,,
304888,1342792,304887,54,304891,45,304894,41,304897,50,304898,1282500,304898,0,304897,1,303793,94,304899,0,304899,0,303793,0,304900,0,304900,0,304902,46,304908,20,304909,1100000,304910,1100000,304911,1100000,304912,1100000,304913,0,304913,0,304914,0,304914,0,304897,0,,
304989,1342792,304988,70,304991,30,304993,33,304997,36,304999,687829,304999,0,304998,1,303890,94,304999,0,305000,0,303891,0,305001,0,305001,0,305003,46,305010,16,305012,1300000,305012,1300000,305013,1300000,305013,1300000,305014,0,305014,0,305015,0,305015,0,304998,0,,
305090,1343056,305089,50,305093,50,305096,44,305099,45,305101,1007370,305101,0,305100,1,303995,94,305102,0,305103,0,303995,0,305103,0,305103,0,305105,44,305117,16,305117,900000,305118,900000,305119,900000,305119,900000,305119,0,305120,0,305120,0,305121,0,305100,0,,
305190,1343304,305189,40,305192,37,305194,70,305197,25,305198,510840,305198,0,305197,1,304092,94,305199,0,305200,0,304092,0,305200,0,305200,0,305202,47,305209,17,305209,1100000,305210,1100000,305211,1100000,305212,1100000,305213,0,305214,0,305214,0,305215,0,305197,0,,
305290,1343304,305289,58,305293,41,305295,50,305298,50,305299,809930,305299,0,305298,1,304193,94,305299,0,305300,0,304194,0,305300,0,305300,0,305302,46,305308,17,305309,1100000,305310,1100000,305311,1100000,305311,1100000,305312,0,305313,0,305313,0,305313,0,305298,0,,
305392,1343676,305391,25,305395,37,305398,55,305401,25,305403,577940,305403,0,305402,1,304298,94,305403,0,305404,0,304298,0,305404,0,305404,0,305406,37,305418,11,305419,900000,305419,900000,305419,900000,305420,900000,305421,0,305421,0,305421,0,305422,0,305402,0,,
305492,1343924,305490,44,305494,45,305497,72,305499,40,305501,596970,305501,0,305500,1,304395,94,305501,0,305502,0,304395,0,305502,0,305502,0,305504,51,305512,18,305513,1100000,305513,1100000,305514,1100000,305514,1100000,305514,0,305515,0,305515,0,305516,0,305500,0,,
305592,1344296,305591,33,305594,37,305597,50,305599,33,305601,622710,305600,0,305600,1,304495,94,305601,0,305602,0,304496,0,305602,0,305602,0,305604,37,305611,13,305612,1100000,305613,1100000,305613,1100000,305613,1100000,305614,0,305614,0,305615,0,305615,0,305600,0,,
305694,1344684,305692,33,305697,36,305699,50,305702,33,305704,618640,305703,0,305703,1,304596,94,305704,0,305705,0,304596,0,305705,0,305705,0,305707,36,305717,12,305718,900000,305718,900000,305719,900000,305719,900000,305719,0,305720,0,305720,0,305721,0,305703,0,,
305793,1344916,305792,22,305795,12,305798,50,305800,0,305801,249480,305801,0,305800,1,304697,94,305802,0,305803,0,304697,0,305803,0,305803,0,305805,27,305813,9,305814,1100000,305814,1100000,305815,1100000,305816,1100000,305816,0,305817,0,305817,0,305817,0,305800,0,,
305894,1345272,305892,45,305896,30,305898,44,305900,33,305902,618640,305901,0,305901,1,304801,94,305902,0,305903,0,304801,0,305903,0,305903,0,305905,34,305912,12,305912,1100000,305913,1100000,305914,1100000,305914,1100000,305914,0,305915,0,305915,0,305916,0,305901,0,,
305994,1345644,305993,33,305996,40,305999,60,306001,30,306002,663410,306002,0,306002,1,304899,94,306003,0,306003,0,304899,0,306004,0,306004,0,306005,42,306013,13,306014,1100000,306015,1100000,306015,1100000,306016,1100000,306016,0,306016,0,306017,0,306017,0,306001,0,,
306095,1346048,306093,50,306097,12,306099,55,306101,44,306102,655270,306102,0,306102,1,304999,94,306103,0,306103,0,304999,0,306104,0,306104,0,306105,43,306113,15,306114,1100000,306115,1100000,306115,1100000,306116,1100000,306116,0,306117,0,306117,0,306118,0,306102,0,,
306196,1346296,306194,45,306199,33,306202,45,306205,36,306206,647130,306206,0,306205,1,305102,94,306209,0,306210,0,305102,0,306210,0,306211,0,306213,44,306222,15,306223,1100000,306223,1100000,306223,1100000,306224,1100000,306224,0,306224,0,306225,0,306225,0,306205,0,,
306296,1342452,306294,50,306298,50,306300,71,306302,66,306304,964590,306303,0,306303,1,305199,94,306304,0,306305,0,305199,0,306306,0,306306,0,306308,56,306317,20,306318,1100000,306318,1100000,306319,1100000,306319,1100000,306320,0,306321,0,306321,0,306322,0,306303,0,,
306396,1342684,306395,25,306399,40,306401,54,306404,44,306405,663410,306405,0,306404,1,305299,94,306406,0,306406,0,305299,0,306407,0,306407,0,306409,37,306421,14,306421,900000,306422,900000,306422,900000,306423,900000,306423,0,306424,0,306424,0,306424,0,306404,0,,
306500,1342948,306498,25,306503,30,306505,40,306508,54,306509,442530,306509,0,306508,1,305403,94,306510,0,306512,0,305403,0,306513,0,306514,0,306517,45,306525,14,306525,900000,306526,900000,306528,900000,306529,900000,306530,0,306531,0,306531,0,306532,0,306508,0,,
306602,1343196,306600,40,306604,50,306607,66,306609,63,306611,650430,306610,0,306610,1,305501,94,306612,0,306613,0,305502,0,306614,0,306615,0,306617,52,306624,15,306625,900000,306626,900000,306626,900000,306627,900000,306628,0,306629,0,306630,0,306631,0,306609,0,,
306703,1343568,306701,33,306705,62,306708,44,306711,54,306713,573210,306713,0,306712,1,305601,94,306714,0,306716,0,305601,0,306717,0,306717,0,306719,48,306727,13,306728,900000,306729,900000,306730,900000,306731,900000,306731,0,306732,0,306733,0,306733,0,306711,0,,
306754,1343568,306753,50,306756,60,306759,40,306762,50,306765,594000,306764,0,306763,1,305704,94,306765,0,306768,0,305704,0,306769,0,306770,0,306772,54,306787,16,306788,900000,306789,900000,306789,900000,306790,900000,306791,0,306794,0,306796,0,306797,0,306763,0,,
306857,1343908,306855,50,306864,37,306867,50,306869,33,306870,504900,306870,0,306870,1,305802,94,306871,0,306872,0,305802,0,306872,0,306872,0,306875,37,306885,12,306886,1100000,306886,1100000,306887,1100000,306887,1100000,306888,0,306889,0,306889,0,306890,0,306870,0,,
306954,1345784,306953,33,306956,88,306957,25,306959,37,306961,744810,306960,0,306959,1,305902,94,306961,0,306962,0,305902,0,306962,0,306962,0,306963,50,306968,20,306969,1500000,306969,1500000,306969,1500000,306969,1500000,306970,0,306970,0,306970,0,306971,0,306959,0,,
307056,1348140,307055,40,307058,50,307060,36,307062,58,307064,1242000,307063,0,307063,1,306003,94,307064,0,307066,0,306003,0,307066,0,307067,0,307069,48,307076,24,307077,1300000,307077,1300000,307078,1300000,307078,1300000,307079,0,307079,0,307080,0,307080,0,307063,0,,
307155,1348496,307154,50,307156,22,307158,37,307159,30,307160,740870,307160,0,307159,1,306103,94,307161,0,307162,0,306103,0,307163,0,307163,0,307165,37,307172,15,307172,1300000,307172,1300000,307173,1300000,307173,1300000,307173,0,307174,0,307174,0,307174,0,307159,0,,
307255,1348496,307254,33,307256,30,307258,30,307259,36,307261,687570,307261,0,307260,1,306209,94,307262,0,307263,0,306209,0,307264,0,307264,0,307265,31,307271,14,307271,1300000,307272,1300000,307272,1300000,307272,1300000,307272,0,307273,0,307273,0,307273,0,307260,0,,
307355,1348620,307354,22,307357,20,307359,33,307360,27,307361,543660,307361,0,307361,1,306304,94,307362,0,307363,0,306305,0,307363,0,307363,0,307365,23,307370,9,307371,1300000,307371,1300000,307371,1300000,307372,1300000,307372,0,307372,0,307373,0,307373,0,307360,0,,
307456,1348620,307455,10,307457,0,307459,33,307460,18,307462,325130,307461,0,307461,1,306406,94,307462,0,307463,0,306406,0,307463,0,307463,0,307465,16,307470,6,307470,1300000,307471,1300000,307471,1300000,307471,1300000,307471,0,307472,0,307472,0,307472,0,307461,0,,
307560,1348620,307559,18,307562,33,307567,40,307569,33,307570,660920,307570,0,307570,1,306511,94,307571,0,307571,0,306511,0,307571,0,307571,0,307573,29,307578,12,307578,1300000,307579,1300000,307579,1300000,307579,1300000,307580,0,307580,0,307580,0,307580,0,307569,0,,
307658,1348620,307657,20,307660,9,307661,27,307663,0,307664,298480,307664,0,307663,1,306612,94,307664,0,307664,0,306613,0,307665,0,307665,0,307666,10,307671,4,307672,1300000,307672,1300000,307672,1300000,307673,1300000,307673,0,307673,0,307674,0,307674,0,307663,0,,
307759,1348868,307758,18,307760,10,307762,30,307764,0,307764,309140,307764,0,307764,1,306715,94,307765,0,307765,0,306715,0,307765,0,307766,0,307767,14,307772,6,307772,1300000,307773,1300000,307773,1300000,307773,1300000,307774,0,307774,0,307774,0,307774,0,307764,0,,
307859,1349132,307858,9,307861,0,307862,20,307864,0,307865,154570,307865,0,307864,1,306766,94,307865,0,307866,0,306766,0,307866,0,307866,0,307867,7,307873,3,307873,1300000,307874,1300000,307874,1300000,307874,1300000,307875,0,307875,0,307875,0,307876,0,307864,0,,
307959,1344792,307958,18,307961,25,307962,12,307964,90,307964,772849,307964,0,307964,1,306871,94,307965,0,307965,0,306871,0,307966,0,307966,0,307967,41,307971,19,307972,1400000,307972,1400000,307972,1400000,307973,1400000,307973,0,307973,0,307974,0,307974,0,307964,0,,
308060,1344792,308059,10,308061,25,308063,0,308065,20,308066,331100,308065,0,308065,1,306961,94,308066,0,308066,0,306961,0,308067,0,308067,0,308068,9,308073,4,308073,1300000,308073,1300000,308074,1300000,308074,1300000,308074,0,308075,0,308075,0,308075,0,308065,0,,
308160,1344792,308159,0,308164,0,308168,9,308172,27,308173,191880,308173,0,308173,1,307065,94,308174,0,308175,0,307065,0,308176,0,308176,0,308178,9,308185,3,308186,900000,308186,900000,308187,900000,308187,900000,308188,0,308188,0,308188,0,308189,0,308172,0,,
308264,1344792,308262,11,308268,0,308273,0,308277,33,308279,130680,308279,0,308278,1,307161,94,308281,0,308282,0,307162,0,308283,0,308284,0,308287,15,308298,3,308299,900000,308299,900000,308300,900000,308301,900000,308301,0,308302,0,308302,0,308303,0,308277,0,,
308365,1342064,308363,20,308369,18,308374,0,308379,45,308382,246510,308381,0,308379,1,307262,94,308382,0,308384,0,307262,0,308384,0,308385,0,308388,22,308397,5,308398,900000,308399,900000,308399,900000,308400,900000,308400,0,308401,0,308401,0,308402,0,308379,0,,
308463,1342312,308462,37,308465,20,308468,11,308470,0,308471,201960,308471,0,308470,1,307362,94,308472,0,308473,0,307362,0,308473,0,308473,0,308475,19,308484,5,308484,900000,308485,900000,308485,900000,308485,900000,308486,0,308486,0,308487,0,308487,0,308470,0,,
308566,1342312,308564,25,308571,27,308575,33,308579,0,308582,252450,308582,0,308581,1,307462,94,308582,0,308583,0,307462,0,308583,0,308584,0,308586,23,308593,5,308594,900000,308594,900000,308595,900000,308595,900000,308596,0,308596,0,308596,0,308597,0,308580,0,,
308667,1342436,308665,11,308672,27,308676,50,308681,11,308682,294030,308682,0,308681,1,307571,94,308683,0,308684,0,307571,0,308685,0,308685,0,308687,24,308695,5,308696,900000,308696,900000,308697,900000,308698,900000,308698,0,308699,0,308699,0,308700,0,308681,0,,
308768,1342808,308766,12,308773,20,308777,37,308782,22,308784,270270,308784,0,308783,1,307664,94,308785,0,308786,0,307664,0,308787,0,308787,0,308789,23,308797,5,308798,900000,308798,900000,308799,900000,308799,900000,308800,0,308801,0,308801,0,308802,0,308783,0,,
308869,1343056,308867,11,308874,20,308878,50,308884,25,308887,314820,308887,0,308886,1,307765,94,308888,0,308890,0,307765,0,308891,0,308891,0,308893,27,308903,5,308904,900000,308904,900000,308905,900000,308906,900000,308907,0,308907,0,308907,0,308908,0,308885,0,,
308969,1343056,308967,11,308973,20,308977,11,308981,30,308983,213840,308983,0,308982,1,307865,94,308984,0,308986,0,307865,0,308987,0,308987,0,308991,16,308999,4,309000,900000,309001,900000,309002,900000,309002,900000,309003,0,309003,0,309004,0,309004,0,308981,0,,
309070,1343428,309068,44,309074,0,309078,0,309082,18,309084,184140,309084,0,309083,1,307965,94,309085,0,309086,0,307965,0,309087,0,309088,0,309091,13,309099,3,309100,900000,309101,900000,309102,900000,309102,900000,309103,0,309103,0,309104,0,309104,0,309083,0,,
309171,1343676,309169,40,309175,0,309179,10,309184,0,309186,148500,309185,0,309184,1,308066,94,309187,0,309188,0,308066,0,309189,0,309189,0,309192,17,309201,3,309201,900000,309202,900000,309203,900000,309203,900000,309204,0,309204,0,309205,0,309206,0,309184,0,,
309272,1343924,309270,44,309276,10,309280,10,309284,10,309286,219779,309286,0,309285,1,308174,94,309287,0,309288,0,308174,0,309289,0,309289,0,309292,17,309301,3,309302,900000,309302,900000,309303,900000,309303,900000,309304,0,309305,0,309305,0,309306,0,309284,0,,
309373,1344296,309370,40,309375,11,309377,11,309379,0,309380,184140,309380,0,309379,1,308281,94,309381,0,309381,0,308282,0,309382,0,309382,0,309384,14,309390,3,309391,1100000,309391,1100000,309392,1100000,309392,1100000,309393,0,309393,0,309393,0,309393,0,309379,0,,
309470,1344544,309469,11,309472,10,309474,30,309476,10,309477,248269,309477,0,309476,1,308383,94,309477,0,309478,0,308383,0,309478,0,309479,0,309480,8,309487,4,309488,1100000,309488,1100000,309489,1100000,309489,1100000,309490,0,309490,0,309491,0,309491,0,309476,0,,
309571,1344916,309569,42,309573,20,309575,50,309578,27,309579,565730,309579,0,309578,1,308472,94,309579,0,309580,0,308472,0,309581,0,309581,0,309584,41,309592,14,309593,900000,309593,900000,309594,900000,309594,900000,309595,0,309595,0,309595,0,309596,0,309578,0,,
309676,1345164,309674,27,309681,27,309686,54,309692,18,309693,374220,309693,0,309692,1,308583,94,309693,0,309694,0,308583,0,309695,0,309695,0,309697,27,309709,6,309710,900000,309710,900000,309711,900000,309711,900000,309712,0,309712,0,309713,0,309713,0,309692,0,,
309776,1345536,309774,50,309781,20,309786,20,309792,22,309794,332640,309794,0,309793,1,308683,94,309794,0,309795,0,308683,0,309795,0,309795,0,309797,32,309809,8,309810,900000,309810,900000,309811,900000,309811,900000,309812,0,309812,0,309813,0,309813,0,309793,0,,
309877,1345784,309875,50,309881,30,309886,10,309890,20,309893,326700,309892,0,309892,1,308785,94,309893,0,309894,0,308785,0,309894,0,309894,0,309896,22,309905,5,309907,900000,309907,900000,309908,900000,309909,900000,309910,0,309910,0,309911,0,309911,0,309891,0,,
309974,1346296,309973,45,309975,80,309977,12,309979,0,309980,406890,309980,0,309979,1,308889,94,309981,0,309981,0,308889,0,309981,0,309982,0,309983,39,309988,12,309989,1200000,309989,1200000,309989,1200000,309990,1200000,309990,0,309990,0,309990,0,309991,0,309979,0,,
310077,1346668,310075,18,310081,0,310086,38,310090,9,310092,304200,310092,0,310091,1,308984,94,310092,0,310093,0,308985,0,310093,0,310094,0,310095,17,310104,4,310105,900000,310105,900000,310106,900000,310107,900000,310107,0,310108,0,310108,0,310109,0,310091,0,,
310178,1347040,310176,0,310182,10,310187,33,310191,0,310192,127710,310192,0,310192,1,309085,94,310193,0,310193,0,309086,0,310194,0,310194,0,310196,10,310204,2,310205,900000,310206,900000,310206,900000,310207,900000,310207,0,310208,0,310208,0,310209,0,310192,0,,
310279,1347536,310277,10,310284,0,310288,40,310292,10,310293,178200,310293,0,310292,1,309187,94,310294,0,310294,0,309187,0,310295,0,310295,0,310297,22,310308,5,310309,900000,310310,900000,310310,900000,310311,900000,310312,0,310312,0,310313,0,310313,0,310292,0,,
310377,1348156,310376,55,310379,12,310383,60,310386,60,310388,555390,310388,0,310387,1,309287,94,310389,0,310390,0,309288,0,310391,0,310391,0,310393,42,310401,13,310402,1100000,310402,1100000,310403,1100000,310403,1100000,310404,0,310404,0,310405,0,310405,0,310387,0,,
310477,1348528,310476,12,310479,36,310481,37,310483,66,310484,614569,310484,0,310483,1,309381,94,310484,0,310485,0,309381,0,310485,0,310485,0,310487,41,310493,15,310494,1300000,310495,1300000,310495,1300000,310495,1300000,310496,0,310496,0,310496,0,310497,0,310483,0,,
310578,1347800,310577,50,310579,37,310584,41,310587,63,310588,1018030,310588,0,310587,1,309478,94,310589,0,310590,0,309478,0,310591,0,310591,0,310593,52,310603,22,310604,900000,310605,900000,310605,900000,310606,900000,310607,0,310607,0,310607,0,310608,0,310587,0,,
310679,1347924,310678,44,310687,40,310691,22,310694,44,310695,445500,310695,0,310694,1,309579,94,310695,0,310696,0,309579,0,310696,0,310697,0,310698,27,310709,8,310710,900000,310711,900000,310711,900000,310712,900000,310712,0,310713,0,310713,0,310713,0,310694,0,,
310784,1347908,310781,11,310789,30,310795,20,310800,22,310803,246510,310802,0,310801,1,309694,94,310804,0,310807,0,309694,0,310809,0,310809,0,310813,34,310824,7,310825,900000,310826,900000,310827,900000,310827,900000,310827,0,310828,0,310828,0,310828,0,310800,0,,
310884,1348032,310881,55,310888,36,310892,22,310896,20,310899,395010,310898,0,310897,1,309794,94,310900,0,310903,0,309794,0,310904,0,310904,0,310907,25,310924,5,310925,900000,310925,900000,310926,900000,310926,900000,310927,0,310927,0,310928,0,310928,0,310897,0,,
310984,1348032,310982,55,310988,10,310994,25,310998,0,311002,267300,311000,0,310999,1,309893,94,311003,0,311005,0,309893,0,311005,0,311006,0,311010,23,311022,5,311022,900000,311023,900000,311023,900000,311024,900000,311024,0,311025,0,311025,0,311026,0,310999,0,,
311085,1348156,311083,54,311089,11,311093,11,311097,0,311099,225720,311099,0,311098,1,309981,94,311100,0,311102,0,309981,0,311103,0,311104,0,311107,17,311119,3,311120,900000,311121,900000,311122,900000,311122,900000,311122,0,311123,0,311123,0,311124,0,311098,0,,
311182,1348156,311181,55,311184,40,311187,11,311189,12,311191,350460,311190,0,311190,1,310093,94,311191,0,311192,0,310093,0,311192,0,311193,0,311194,36,311201,12,311202,1100000,311202,1100000,311203,1100000,311203,1100000,311204,0,311204,0,311205,0,311205,0,311190,0,,
311283,1348404,311282,61,311285,33,311287,12,311290,33,311291,565730,311291,0,311290,1,310193,94,311291,0,311292,0,310193,0,311292,0,311293,0,311294,31,311301,10,311301,1100000,311302,1100000,311303,1100000,311303,1100000,311304,0,311304,0,311304,0,311305,0,311290,0,,
311385,1348776,311383,33,311389,22,311394,38,311397,27,311399,488400,311399,0,311398,1,310294,94,311400,0,311401,0,310294,0,311402,0,311402,0,311404,38,311413,12,311414,900000,311414,900000,311415,900000,311415,900000,311416,0,311416,0,311417,0,311417,0,311398,0,,
311487,1349024,311485,40,311490,50,311494,36,311499,40,311502,493020,311501,0,311500,1,310389,94,311502,0,311504,0,310389,0,311504,0,311505,0,311507,42,311514,10,311515,900000,311516,900000,311517,900000,311518,900000,311519,0,311519,0,311520,0,311521,0,311499,0,,
311586,1349024,311584,45,311588,55,311591,33,311594,22,311595,460350,311595,0,311594,1,310484,94,311595,0,311596,0,310484,0,311596,0,311596,0,311598,31,311608,9,311609,900000,311609,900000,311610,900000,311610,900000,311610,0,311611,0,311611,0,311611,0,311594,0,,
311688,1349520,311686,54,311693,40,311698,30,311702,22,311704,433620,311704,0,311703,1,310589,94,311705,0,311707,0,310589,0,311708,0,311708,0,311712,37,311726,10,311727,900000,311728,900000,311729,900000,311729,900000,311730,0,311730,0,311731,0,311731,0,311702,0,,
311786,1349520,311785,33,311788,25,311790,55,311793,50,311794,484110,311794,0,311793,1,310696,94,311794,0,311795,0,310696,0,311796,0,311796,0,311797,40,311805,11,311806,1100000,311807,1100000,311807,1100000,311808,1100000,311808,0,311809,0,311809,0,311810,0,311793,0,,
311887,1349644,311886,33,311889,22,311891,33,311893,12,311894,407000,311894,0,311894,1,310804,94,311894,0,311895,0,310805,0,311895,0,311895,0,311897,29,311904,9,311905,1100000,311905,1100000,311905,1100000,311906,1100000,311906,0,311906,0,311907,0,311907,0,311893,0,,
311989,1349768,311987,46,311992,40,311995,41,311997,41,311999,683760,311999,0,311998,1,310900,94,311999,0,312000,0,310901,0,312001,0,312002,0,312004,44,312013,15,312014,900000,312015,900000,312016,900000,312016,900000,312017,0,312018,0,312018,0,312019,0,311998,0,,
312089,1349768,312087,50,312091,33,312094,22,312096,45,312097,445500,312097,0,312096,1,311003,94,312098,0,312098,0,311004,0,312098,0,312099,0,312100,30,312110,10,312111,900000,312112,900000,312112,900000,312112,900000,312113,0,312113,0,312113,0,312114,0,312096,0,,
312189,1349768,312188,25,312192,41,312194,27,312197,44,312198,406890,312198,0,312197,1,311101,94,312198,0,312199,0,311101,0,312199,0,312199,0,312202,35,312210,10,312211,900000,312212,900000,312212,900000,312212,900000,312213,0,312213,0,312213,0,312214,0,312197,0,,
312290,1349768,312288,33,312292,20,312295,36,312297,50,312298,412830,312298,0,312298,1,311192,94,312299,0,312299,0,311192,0,312300,0,312300,0,312302,40,312311,10,312312,900000,312312,900000,312313,900000,312313,900000,312313,0,312314,0,312314,0,312314,0,312297,0,,
312393,1349768,312390,50,312396,40,312399,11,312402,50,312404,448470,312404,0,312403,1,311292,94,312405,0,312407,0,311292,0,312408,0,312408,0,312411,37,312420,11,312421,900000,312422,900000,312423,900000,312423,900000,312424,0,312425,0,312425,0,312426,0,312403,0,,
312496,1349768,312495,54,312499,30,312504,45,312507,50,312509,531630,312509,0,312508,1,311400,94,312510,0,312511,0,311400,0,312512,0,312512,0,312514,45,312524,12,312525,900000,312526,900000,312526,900000,312527,900000,312527,0,312527,0,312528,0,312528,0,312508,0,,
312594,1350264,312593,45,312596,50,312598,33,312599,77,312600,608849,312600,0,312599,1,311503,94,312602,0,312604,0,311503,0,312605,0,312605,0,312606,52,312612,18,312613,1500000,312613,1500000,312613,1500000,312614,1500000,312614,0,312614,0,312614,0,312615,0,312599,0,,
312694,1343692,312694,55,312696,36,312697,40,312698,81,312699,1431000,312699,0,312699,1,311595,94,312699,0,312700,0,311595,0,312700,0,312700,0,312702,56,312708,27,312708,1500000,312709,1500000,312709,1500000,312709,1500000,312710,0,312710,0,312710,0,312710,0,312699,0,,
312795,1343692,312794,80,312796,11,312797,100,312799,11,312799,1363500,312799,0,312799,1,311705,94,312800,0,312800,0,311706,0,312800,0,312800,0,312801,45,312807,21,312808,1500000,312808,1500000,312809,1500000,312809,1500000,312809,0,312809,0,312810,0,312810,0,312799,0,,
312895,1341956,312894,11,312896,0,312898,90,312899,0,312900,681750,312900,0,312899,1,311795,94,312900,0,312900,0,311795,0,312901,0,312901,0,312902,27,312908,13,312908,1500000,312909,1500000,312909,1500000,312909,1500000,312909,0,312910,0,312910,0,312910,0,312899,0,,
312999,1341832,312997,22,313003,0,313008,0,313012,18,313015,270000,313014,0,313013,1,311895,94,313016,0,313018,0,311895,0,313019,0,313020,0,313023,17,313029,4,313030,900000,313030,900000,313031,900000,313031,900000,313032,0,313032,0,313032,0,313033,0,313013,0,,
313100,1341832,313098,18,313104,18,313112,0,313117,30,313120,196019,313120,0,313118,1,312000,94,313121,0,313124,0,312000,0,313125,0,313126,0,313130,20,313141,5,313142,900000,313142,900000,313143,900000,313143,900000,313144,0,313145,0,313145,0,313146,0,313118,0,,
313198,1341832,313197,44,313199,100,313201,11,313204,11,313205,493020,313205,0,313204,1,312098,94,313205,0,313206,0,312098,0,313207,0,313207,0,313210,34,313219,11,313220,1200000,313221,1200000,313221,1200000,313222,1200000,313222,0,313223,0,313223,0,313224,0,313204,0,,
313300,1339972,313299,40,313303,18,313307,9,313310,40,313313,500760,313313,0,313312,1,312198,94,313314,0,313315,0,312198,0,313316,0,313316,0,313318,29,313326,6,313327,900000,313328,900000,313328,900000,313329,900000,313329,0,313330,0,313330,0,313330,0,313312,0,,
313402,1339972,313400,40,313406,10,313412,0,313416,18,313419,201960,313418,0,313417,1,312299,94,313420,0,313422,0,312299,0,313423,0,313423,0,313426,16,313439,3,313440,500000,313442,900000,313443,900000,313443,900000,313444,0,313444,0,313445,0,313445,0,313417,0,,
313503,1340096,313501,50,313508,0,313512,0,313517,20,313520,121900,313519,0,313518,1,312406,94,313521,0,313523,0,312406,0,313525,0,313525,0,313529,22,313538,5,313538,1100000,313539,1100000,313539,1100000,313539,1100000,313540,0,313540,0,313541,0,313541,0,313517,0,,
313600,1340096,313599,50,313603,10,313605,11,313607,20,313609,370370,313608,0,313608,1,312510,94,313609,0,313610,0,312511,0,313611,0,313611,0,313613,22,313621,6,313622,1100000,313623,1100000,313623,1100000,313624,1100000,313624,0,313625,0,313626,0,313626,0,313607,0,,
313701,1340988,313700,55,313703,16,313705,66,313707,54,313709,777370,313708,0,313708,1,312603,94,313709,0,313710,0,312603,0,313711,0,313711,0,313713,56,313721,26,313721,1500000,313722,1500000,313723,1500000,313723,1500000,313724,0,313724,0,313725,0,313725,0,313708,0,,
313801,1342368,313800,63,313803,40,313805,50,313808,54,313809,1397250,313808,0,313808,1,312700,94,313809,0,313810,0,312700,0,313810,0,313810,0,313812,48,313818,23,313818,1500000,313819,1500000,313819,1500000,313820,1500000,313820,0,313821,0,313822,0,313822,0,313808,0,,
313901,1342492,313900,50,313903,30,313905,0,313907,22,313908,688500,313908,0,313907,1,312800,94,313908,0,313909,0,312800,0,313909,0,313909,0,313911,22,313915,11,313916,1500000,313916,1500000,313916,1500000,313916,1500000,313917,0,313917,0,313917,0,313917,0,313907,0,,
314002,1342492,314001,22,314003,40,314005,30,314007,22,314007,769500,314007,0,314007,1,312900,94,314008,0,314008,0,312900,0,314008,0,314008,0,314010,28,314016,13,314016,1500000,314017,1500000,314017,1500000,314017,1500000,314018,0,314018,0,314018,0,314018,0,314007,0,,
314106,1342492,314104,30,314111,45,314116,20,314120,25,314122,810000,314122,0,314121,1,313017,94,314123,0,314124,0,313017,0,314125,0,314125,0,314127,33,314135,8,314136,900000,314137,900000,314137,900000,314138,900000,314139,0,314140,0,314141,0,314142,0,314121,0,,
314207,1342492,314204,0,314211,40,314215,11,314219,11,314222,184140,314221,0,314220,1,313122,94,314223,0,314224,0,313122,0,314225,0,314225,0,314229,13,314237,2,314237,900000,314238,900000,314238,900000,314239,900000,314239,0,314240,0,314240,0,314240,0,314220,0,,
314308,1342492,314306,0,314313,45,314317,9,314321,10,314325,190079,314324,0,314323,1,313206,94,314326,0,314328,0,313206,0,314329,0,314329,0,314332,23,314339,4,314340,900000,314341,900000,314341,900000,314341,900000,314342,0,314342,0,314343,0,314343,0,314322,0,,
314408,1342724,314406,10,314412,40,314416,11,314420,10,314423,210870,314423,0,314421,1,313314,94,314424,0,314425,0,313315,0,314426,0,314426,0,314430,8,314442,2,314443,900000,314443,900000,314444,900000,314444,900000,314445,0,314445,0,314446,0,314446,0,314421,0,,
314509,1342848,314507,10,314513,50,314517,0,314522,9,314524,204929,314524,0,314523,1,313421,94,314525,0,314527,0,313421,0,314528,0,314528,0,314532,20,314543,3,314543,900000,314544,900000,314544,900000,314545,900000,314545,0,314546,0,314546,0,314546,0,314522,0,,
314610,1342848,314608,10,314614,40,314618,0,314622,10,314625,178200,314624,0,314623,1,313522,94,314626,0,314627,0,313522,0,314629,0,314629,0,314632,17,314645,3,314645,900000,314646,900000,314646,900000,314647,900000,314647,0,314648,0,314648,0,314648,0,314623,0,,
314711,1342972,314709,11,314715,37,314719,27,314723,10,314725,252450,314725,0,314724,1,313609,94,314726,0,314727,0,313609,0,314727,0,314727,0,314729,16,314734,3,314734,1100000,314735,1100000,314735,1100000,314736,1100000,314736,0,314736,0,314737,0,314737,0,314723,0,,
314808,1342988,314807,10,314810,10,314812,36,314814,11,314815,272690,314815,0,314814,1,313709,94,314815,0,314816,0,313709,0,314816,0,314816,0,314817,15,314824,5,314824,1100000,314825,1100000,314825,1100000,314825,1100000,314826,0,314826,0,314826,0,314827,0,314814,0,,
314909,1342972,314908,0,314911,9,314913,22,314915,0,314916,126170,314916,0,314915,1,313809,94,314916,0,314917,0,313809,0,314917,0,314917,0,314919,10,314936,3,314937,900000,314938,900000,314938,900000,314939,900000,314939,0,314940,0,314940,0,314940,0,314915,0,,
315010,1343096,315009,20,315012,20,315015,45,315017,20,315018,311850,315018,0,315017,1,313908,94,315018,0,315019,0,313908,0,315019,0,315019,0,315021,23,315028,7,315028,900000,315029,900000,315029,900000,315030,900000,315030,0,315030,0,315031,0,315031,0,315017,0,,
315111,1343096,315110,10,315113,0,315115,27,315117,9,315119,136620,315118,0,315118,1,314008,94,315119,0,315120,0,314008,0,315120,0,315120,0,315122,14,315128,3,315129,900000,315129,900000,315130,900000,315130,900000,315131,0,315131,0,315132,0,315132,0,315118,0,,
315212,1343096,315210,10,315214,18,315216,40,315218,20,315219,261360,315219,0,315219,1,314123,94,315220,0,315220,0,314123,0,315221,0,315221,0,315223,23,315230,7,315231,900000,315232,900000,315232,900000,315233,900000,315233,0,315233,0,315234,0,315234,0,315218,0,,
315312,1343328,315311,0,315315,10,315317,30,315319,9,315320,145530,315320,0,315319,1,314223,94,315321,0,315322,0,314223,0,315322,0,315322,0,315325,12,315332,3,315332,900000,315333,900000,315333,900000,315334,900000,315334,0,315335,0,315335,0,315335,0,315319,0,,
315412,1343452,315411,0,315414,18,315416,33,315418,10,315419,181170,315419,0,315419,1,314327,94,315420,0,315420,0,314327,0,315421,0,315421,0,315423,14,315431,3,315432,900000,315432,900000,315433,900000,315433,900000,315434,0,315434,0,315434,0,315435,0,315418,0,,
315516,1343452,315514,16,315520,10,315524,36,315528,9,315530,210869,315530,0,315529,1,314424,94,315531,0,315533,0,314424,0,315533,0,315534,0,315537,17,315547,4,315547,900000,315548,900000,315548,900000,315549,900000,315549,0,315549,0,315550,0,315550,0,315529,0,,
315617,1343204,315615,0,315621,10,315626,33,315630,9,315632,154440,315632,0,315631,1,314526,94,315633,0,315634,0,314526,0,315635,0,315636,0,315639,12,315648,3,315649,900000,315650,900000,315650,900000,315650,900000,315651,0,315651,0,315652,0,315652,0,315630,0,,
315718,1343576,315716,10,315722,18,315726,40,315730,0,315733,201960,315732,0,315731,1,314626,94,315733,0,315735,0,314626,0,315736,0,315736,0,315739,17,315747,3,315748,900000,315748,900000,315749,900000,315749,900000,315749,0,315750,0,315750,0,315750,0,315731,0,,
315819,1343732,315816,0,315823,0,315826,40,315828,0,315829,118800,315829,0,315828,1,314726,94,315831,0,315831,0,314726,0,315832,0,315832,0,315834,18,315842,3,315843,1100000,315843,1100000,315844,1100000,315844,1100000,315845,0,315845,0,315846,0,315846,0,315828,0,,
315916,1344260,315915,33,315918,22,315920,37,315925,22,315926,463980,315926,0,315926,1,314815,94,315927,0,315928,0,314815,0,315928,0,315928,0,315931,21,315937,9,315937,1100000,315938,1100000,315938,1100000,315939,1100000,315939,0,315940,0,315941,0,315941,0,315925,0,,
316016,1342648,316015,30,316018,11,316019,33,316021,77,316022,614569,316022,0,316021,1,314916,94,316022,0,316023,0,314916,0,316023,0,316023,0,316025,37,316029,13,316030,1300000,316030,1300000,316031,1300000,316031,1300000,316031,0,316032,0,316032,0,316032,0,316021,0,,
316120,1342648,316118,9,316125,0,316129,33,316133,9,316135,271830,316135,0,316134,1,315018,94,316136,0,316138,0,315019,0,316139,0,316139,0,316142,13,316150,3,316150,900000,316151,900000,316152,900000,316152,900000,316152,0,316153,0,316153,0,316154,0,316134,0,,
316219,1342772,316217,0,316222,10,316226,44,316230,0,316233,160380,316233,0,316231,1,315119,94,316234,0,316235,0,315119,0,316237,0,316237,0,316241,13,316250,5,316251,900000,316252,900000,316253,900000,316253,900000,316254,0,316254,0,316255,0,316255,0,316231,0,,
316319,1342820,316318,11,316322,30,316326,44,316329,11,316331,285120,316331,0,316330,1,315220,94,316332,0,316334,0,315220,0,316334,0,316334,0,316337,24,316346,3,316347,900000,316347,900000,316348,900000,316348,900000,316349,0,316349,0,316349,0,316350,0,316330,0,,
316419,1342944,316418,20,316420,11,316422,50,316425,12,316426,276210,316426,0,316425,1,315321,94,316427,0,316428,0,315321,0,316429,0,316429,0,316431,24,316438,10,316438,1100000,316439,1100000,316440,1100000,316441,1100000,316441,0,316442,0,316443,0,316443,0,316425,0,,
316519,1342944,316518,30,316521,20,316523,30,316525,11,316526,370370,316526,0,316526,1,315420,94,316527,0,316527,0,315420,0,316528,0,316528,0,316530,21,316535,5,316536,1100000,316536,1100000,316537,1100000,316537,1100000,316537,0,316538,0,316538,0,316538,0,316526,0,,
316624,1343068,316621,10,316628,0,316632,22,316637,9,316641,166870,316640,0,316639,1,315532,94,316642,0,316643,0,315532,0,316644,0,316644,0,316646,22,316655,5,316655,900000,316656,900000,316657,900000,316657,900000,316658,0,316659,0,316659,0,316660,0,316638,0,,
316724,1343192,316722,30,316728,12,316733,50,316737,30,316739,362340,316739,0,316738,1,315633,94,316740,0,316742,0,315634,0,316743,0,316743,0,316747,18,316756,4,316757,900000,316757,900000,316758,900000,316758,900000,316759,0,316759,0,316760,0,316760,0,316738,0,,
316825,1343128,316823,10,316829,0,316834,44,316839,10,316842,190079,316841,0,316840,1,315734,94,316843,0,316844,0,315734,0,316845,0,316845,0,316849,20,316858,4,316859,900000,316859,900000,316860,900000,316860,900000,316860,0,316861,0,316861,0,316862,0,316839,0,,
316922,1343376,316921,11,316924,12,316927,44,316929,0,316930,198990,316930,0,316930,1,315831,94,316931,0,316932,0,315831,0,316933,0,316934,0,316936,17,316945,4,316945,1100000,316946,1100000,316946,1100000,316947,1100000,316947,0,316948,0,316948,0,316948,0,316929,0,,
317024,1343252,317023,54,317026,40,317029,40,317031,40,317032,708180,317032,0,317032,1,315927,94,317033,0,317033,0,315927,0,317034,0,317034,0,317036,42,317044,15,317045,1100000,317046,1100000,317046,1100000,317047,1100000,317047,0,317048,0,317048,0,317048,0,317032,0,,
317129,1343252,317126,44,317139,36,317144,38,317148,45,317150,663410,317149,0,317148,1,316022,94,317152,0,317153,0,316023,0,317154,0,317154,0,317159,48,317172,15,317174,900000,317177,900000,317178,900000,317178,900000,317179,0,317179,0,317180,0,317181,0,317148,0,,
317225,1343252,317223,50,317229,60,317232,66,317235,70,317237,730620,317237,0,317236,1,316137,94,317238,0,317239,0,316137,0,317239,0,317239,0,317242,53,317252,16,317253,900000,317253,900000,317254,900000,317254,900000,317255,0,317255,0,317255,0,317256,0,317236,0,,
317329,1343408,317326,33,317333,30,317337,25,317342,40,317343,380160,317343,0,317342,1,316234,94,317344,0,317345,0,316235,0,317345,0,317346,0,317348,34,317355,6,317356,900000,317357,900000,317357,900000,317357,900000,317358,0,317358,0,317359,0,317359,0,317342,0,,
317428,1343408,317426,20,317433,18,317437,20,317442,33,317443,270270,317443,0,317442,1,316332,94,317444,0,317445,0,316333,0,317446,0,317446,0,317448,25,317456,4,317457,900000,317457,900000,317458,900000,317459,900000,317459,0,317460,0,317460,0,317461,0,317442,0,,
317529,1343408,317527,18,317534,25,317538,11,317543,50,317545,308880,317544,0,317543,1,316428,94,317545,0,317547,0,316428,0,317548,0,317548,0,317551,21,317563,5,317564,900000,317564,900000,317565,900000,317565,900000,317566,0,317566,0,317567,0,317567,0,317543,0,,
317629,1343408,317627,11,317633,20,317637,11,317642,33,317644,222750,317644,0,317642,1,316527,94,317645,0,317646,0,316527,0,317647,0,317647,0,317650,20,317661,4,317662,900000,317663,900000,317663,900000,317664,900000,317664,0,317665,0,317665,0,317665,0,317642,0,,
317731,1343408,317728,18,317735,33,317739,11,317743,20,317744,243540,317744,0,317744,1,316642,94,317745,0,317745,0,316642,0,317746,0,317746,0,317748,18,317755,3,317756,900000,317757,900000,317757,900000,317758,900000,317759,0,317760,0,317760,0,317761,0,317743,0,,
317832,1343252,317829,11,317836,10,317840,11,317845,22,317847,160380,317847,0,317846,1,316741,94,317848,0,317850,0,316741,0,317851,0,317851,0,317853,21,317862,4,317863,900000,317864,900000,317864,900000,317864,900000,317865,0,317865,0,317866,0,317866,0,317845,0,,
317932,1343252,317930,20,317937,20,317941,44,317946,22,317949,314820,317948,0,317947,1,316843,94,317950,0,317952,0,316843,0,317953,0,317954,0,317957,22,317968,4,317968,900000,317969,900000,317969,900000,317970,900000,317970,0,317971,0,317971,0,317972,0,317947,0,,
,,318029,30,,,,,,,,,,,,,316931,94,,,,,316931,0,,,,,,,,,,,,,,,,,,,,,,,,,,,,
,,,,,,,,,,,,,,,,317033,94,,,,,317033,0,,,,,,,,,,,,,,,,,,,,,,,,,,,,
,,,,,,,,,,,,,,,,317152,94,,,,,317152,0,,,,,,,,,,,,,,,,,,,,,,,,,,,,
,,,,,,,,,,,,,,,,317179,94,,,,,317178,0,,,,,,,,,,,,,,,,,,,,,,,,,,,,
,,,,,,,,,,,,,,,,317238,94,,,,,317238,0,,,,,,,,,,,,,,,,,,,,,,,,,,,,
,,,,,,,,,,,,,,,,317344,94,,,,,317345,0,,,,,,,,,,,,,,,,,,,,,,,,,,,,
,,,,,,,,,,,,,,,,317444,94,,,,,317444,0,,,,,,,,,,,,,,,,,,,,,,,,,,,,
,,,,,,,,,,,,,,,,317546,94,,,,,317546,0,,,,,,,,,,,,,,,,,,,,,,,,,,,,
,,,,,,,,,,,,,,,,317645,94,,,,,317645,0,,,,,,,,,,,,,,,,,,,,,,,,,,,,
,,,,,,,,,,,,,,,,317745,94,,,,,317745,0,,,,,,,,,,,,,,,,,,,,,,,,,,,,
,,,,,,,,,,,,,,,,317849,94,,,,,317849,0,,,,,,,,,,,,,,,,,,,,,,,,,,,,
,,,,,,,,,,,,,,,,317950,94,,,,,317951,0,,,,,,,,,,,,,,,,,,,,,,,,,,,,
,,,,,,,,,,,,,,,,,,,,,,,,,,,,,,,,,,,,,,,,,,,,,,,,,,,

System Statistics:
Sensor Id,Name,Type,Average
204,"Screen State",Screen State,1.0
205,"Battery Remaining (%)",Battery Remaining [%],94.80835689601005
206,"Battery Status",Battery Status,0.0
208,"GPS State",GPS State,0.0
328,"Memory Usage",Memory Usage [KB],1346112.5853043203
332,"Battery Power*",Power [uW],608306.0539262062
600,"CPU Load",CPU Load [%],39.36329233680227
601,"CPU Load (Normalized)",CPU Load [%],13.36140018921476
1000,"CPU1 Frequency",CPU Frequency [kHz],1067297.3825291707
1001,"CPU2 Frequency",CPU Frequency [kHz],1067770.4194260486
1002,"CPU3 Frequency",CPU Frequency [kHz],1068968.779564806
1003,"CPU4 Frequency",CPU Frequency [kHz],1069914.8533585619
1004,"CPU5 Frequency",CPU Frequency [kHz],0.0
1005,"CPU6 Frequency",CPU Frequency [kHz],0.0
1006,"CPU7 Frequency",CPU Frequency [kHz],0.0
1007,"CPU8 Frequency",CPU Frequency [kHz],0.0
1096,"CPU1 Load",CPU Load [%],40.581651954602776
1097,"CPU2 Load",CPU Load [%],38.742037212235886
1098,"CPU3 Load",CPU Load [%],38.04320403658152
1099,"CPU4 Load",CPU Load [%],38.344686218858406
1100,"CPU5 Load",CPU Load [%],0.0
1101,"CPU6 Load",CPU Load [%],0.0
1102,"CPU7 Load",CPU Load [%],0.0
1103,"CPU8 Load",CPU Load [%],0.0

Application State Statistics:
App State 0,"App State 0",Start Time: 0,00 s,End Time: 318,04 s
Sensor Id,Name,Type,Average
204,"Screen State",Screen State,1.0
205,"Battery Remaining (%)",Battery Remaining [%],94.80835689601005
206,"Battery Status",Battery Status,0.0
208,"GPS State",GPS State,0.0
328,"Memory Usage",Memory Usage [KB],1346112.5853043203
332,"Battery Power*",Power [uW],608306.0539262062
600,"CPU Load",CPU Load [%],39.36329233680227
601,"CPU Load (Normalized)",CPU Load [%],13.36140018921476
1000,"CPU1 Frequency",CPU Frequency [kHz],1067297.3825291707
1001,"CPU2 Frequency",CPU Frequency [kHz],1067770.4194260486
1002,"CPU3 Frequency",CPU Frequency [kHz],1068968.779564806
1003,"CPU4 Frequency",CPU Frequency [kHz],1069914.8533585619
1004,"CPU5 Frequency",CPU Frequency [kHz],0.0
1005,"CPU6 Frequency",CPU Frequency [kHz],0.0
1006,"CPU7 Frequency",CPU Frequency [kHz],0.0
1007,"CPU8 Frequency",CPU Frequency [kHz],0.0
1096,"CPU1 Load",CPU Load [%],40.581651954602776
1097,"CPU2 Load",CPU Load [%],38.742037212235886
1098,"CPU3 Load",CPU Load [%],38.04320403658152
1099,"CPU4 Load",CPU Load [%],38.344686218858406
1100,"CPU5 Load",CPU Load [%],0.0
1101,"CPU6 Load",CPU Load [%],0.0
1102,"CPU7 Load",CPU Load [%],0.0
1103,"CPU8 Load",CPU Load [%],0.0

